42.51469039916992
31.886798858642578
31.886798858642578
37.60016632080078
37.60016632080078
37.60016632080078
34.7772102355957
37.1307487487793
45.623634338378906
34.83592987060547
40.337745666503906
43.29656982421875
45.761383056640625
52.43362808227539
34.62980651855469
36.161163330078125
35.923309326171875
36.64912414550781
35.418582916259766
36.286251068115234
36.27886199951172
35.87553787231445
35.87553787231445
35.09526824951172
35.87553787231445
33.801116943359375
35.50419235229492
37.24095916748047
47.6990852355957
38.74819564819336
45.277366638183594
47.492767333984375
38.74476623535156
47.47820281982422
75.23521423339844
75.1624755859375
75.1681900024414
28.514728546142578
47.163387298583984
47.48476791381836
71.81369018554688
75.1624755859375
37.75916290283203
75.1624755859375
38.96354675292969
75.1624755859375
75.1624755859375
75.1624755859375
75.1624755859375
75.1624755859375
75.1624755859375
75.1624755859375
75.1624755859375
75.1624755859375
75.1624755859375
75.1624755859375
75.1624755859375
75.1624755859375
75.1624755859375
75.1624755859375
75.1624755859375
75.1624755859375
75.1624755859375
47.44176483154297
47.46017837524414
47.46672821044922
47.4864501953125
45.150272369384766
47.50076675415039
47.455787658691406
47.51045608520508
39.3579216003418
33.31631851196289
33.31631851196289
32.988216400146484
46.812034606933594
39.07145690917969
39.27183532714844
33.24406433105469
39.0393180847168
39.27183532714844
32.85955047607422
39.0467529296875
34.47980499267578
36.09748840332031
29.54281997680664
28.973079681396484
35.229366302490234
40.72282028198242
40.72282028198242
27.434494018554688
27.667823791503906
27.638809204101562
35.5349235534668
35.5349235534668
35.229366302490234
39.741268157958984
28.20292091369629
34.50639343261719
27.918676376342773
58.13383483886719
30.8885498046875
34.83592987060547
37.878753662109375
38.21044921875
35.34712219238281
39.27183532714844
39.0786247253418
32.640892028808594
38.89781188964844
39.204917907714844
38.91332244873047
39.204917907714844
35.522499084472656
41.756378173828125
35.87746047973633
37.23857498168945
36.041221618652344
38.525474548339844
43.01941680908203
39.54549789428711
41.49732971191406
40.477867126464844
35.24226379394531
36.13793182373047
32.7314567565918
34.59812545776367
43.55858612060547
29.487491607666016
34.69615936279297
41.316383361816406
34.70848083496094
28.883079528808594
29.820812225341797
32.50979232788086
30.138446807861328
30.994342803955078
38.336578369140625
30.58675193786621
42.337615966796875
30.935819625854492
29.751909255981445
35.430458068847656
32.19658660888672
30.701995849609375
29.262609481811523
28.365501403808594
32.121124267578125
31.034608840942383
31.034608840942383
31.034608840942383
32.121124267578125
32.121124267578125
41.43492889404297
41.43492889404297
33.11391067504883
33.11391067504883
32.121124267578125
40.667903900146484
42.768585205078125
31.973297119140625
30.33526039123535
31.034608840942383
28.650217056274414
41.98435974121094
39.277198791503906
28.69892120361328
29.09751319885254
30.857030868530273
28.984024047851562
30.33526039123535
29.116575241088867
28.981605529785156
29.610557556152344
30.701995849609375
30.701995849609375
30.701995849609375
32.50979232788086
30.758832931518555
32.70034408569336
32.16541290283203
32.121124267578125
28.86086654663086
28.365501403808594
28.365501403808594
32.121124267578125
41.67336654663086
42.045066833496094
43.101741790771484
30.701995849609375
32.50979232788086
33.02684783935547
30.701995849609375
30.33526039123535
29.04018783569336
31.21405601501465
31.0999813079834
31.441953659057617
32.50979232788086
30.63818359375
43.03063201904297
30.80861473083496
38.31675720214844
29.81217384338379
38.74970245361328
30.398990631103516
29.119369506835938
35.53506851196289
32.50979232788086
30.701995849609375
30.043922424316406
32.3997802734375
32.09834671020508
38.930965423583984
38.494266510009766
29.63483428955078
32.50979232788086
29.118330001831055
33.224090576171875
39.99961853027344
35.354156494140625
39.25364685058594
39.886409759521484
37.3885498046875
35.31283950805664
39.714447021484375
39.3729248046875
36.32535171508789
38.21044921875
35.33971405029297
40.655548095703125
40.477867126464844
41.316383361816406
34.70848083496094
34.69615936279297
34.70848083496094
34.59812545776367
32.7314567565918
34.59812545776367
29.948532104492188
30.060626983642578
29.204933166503906
36.13793182373047
35.24226379394531
36.13793182373047
43.659507751464844
41.98435974121094
56.13140869140625
34.11304473876953
32.7373161315918
34.11304473876953
28.89937973022461
34.11304473876953
32.7373161315918
34.11304473876953
29.57958221435547
34.03203201293945
31.382831573486328
27.952316284179688
38.610252380371094
38.23525619506836
38.42536926269531
37.63021469116211
34.44052505493164
37.63021469116211
37.63021469116211
34.44052505493164
27.01263999938965
35.561466217041016
32.59657287597656
35.561466217041016
44.94712829589844
44.63528823852539
44.87880325317383
43.871925354003906
44.539371490478516
36.03736114501953
32.24405288696289
36.03736114501953
37.62812805175781
41.23606491088867
37.62812805175781
40.52178192138672
29.71575164794922
39.67127227783203
36.448692321777344
31.19353485107422
33.11391067504883
33.11391067504883
33.11391067504883
41.43492889404297
41.43492889404297
41.43492889404297
41.43492889404297
33.11391067504883
41.43492889404297
33.11391067504883
33.11391067504883
33.11391067504883
33.11391067504883
41.43492889404297
41.43492889404297
41.43492889404297
27.56609535217285
30.79414939880371
35.561466217041016
32.59657287597656
35.561466217041016
42.57759475708008
30.692411422729492
37.63021469116211
34.44052505493164
37.63021469116211
38.34054946899414
37.63021469116211
34.44052505493164
39.22254180908203
38.576847076416016
39.22254180908203
30.628910064697266
34.68803405761719
36.33332061767578
36.33332061767578
29.323322296142578
37.63021469116211
34.44052505493164
37.63021469116211
34.44052505493164
37.63021469116211
33.56181335449219
30.549421310424805
28.493314743041992
41.65763473510742
40.39024353027344
28.441822052001953
38.128074645996094
34.086212158203125
38.128074645996094
36.32704162597656
35.62495803833008
36.32704162597656
29.686227798461914
34.39909744262695
32.950904846191406
34.88911056518555
30.434375762939453
38.128074645996094
34.086212158203125
38.128074645996094
40.975494384765625
40.72282028198242
40.975494384765625
33.62062072753906
29.99254035949707
36.32704162597656
35.62495803833008
36.32704162597656
36.32704162597656
35.62495803833008
37.63021469116211
34.44052505493164
31.243066787719727
30.174991607666016
41.65763473510742
40.39024353027344
41.65763473510742
37.63021469116211
28.75766372680664
37.60976028442383
33.78847885131836
37.60976028442383
37.38205337524414
31.975093841552734
37.38205337524414
37.38205337524414
42.768585205078125
40.667903900146484
42.768585205078125
42.768585205078125
40.667903900146484
38.192779541015625
33.28382873535156
32.73456954956055
33.97575378417969
33.35353088378906
33.97575378417969
39.277198791503906
41.98435974121094
39.277198791503906
30.903106689453125
31.1246280670166
33.34003829956055
32.930389404296875
34.149383544921875
30.01209259033203
34.803253173828125
34.431663513183594
32.73456954956055
32.81308364868164
29.88313865661621
27.276748657226562
32.16541290283203
31.826717376708984
34.77646255493164
28.460895538330078
27.177017211914062
33.11391067504883
33.11391067504883
33.11391067504883
35.795040130615234
35.926490783691406
38.23158264160156
28.11810302734375
33.11391067504883
33.11391067504883
33.11391067504883
33.11391067504883
33.11391067504883
35.229366302490234
32.312095642089844
31.908432006835938
30.901508331298828
42.768585205078125
40.667903900146484
27.947708129882812
35.79951858520508
34.844058990478516
41.70841979980469
30.107685089111328
39.831581115722656
41.70841979980469
39.831581115722656
45.338897705078125
52.08966827392578
39.831581115722656
39.831581115722656
39.831581115722656
39.831581115722656
34.17698287963867
39.831581115722656
39.831581115722656
39.831581115722656
39.831581115722656
39.831581115722656
39.831581115722656
39.831581115722656
39.831581115722656
39.831581115722656
39.831581115722656
33.32061004638672
44.06007766723633
41.70841979980469
39.831581115722656
39.831581115722656
33.32061004638672
39.831581115722656
39.831581115722656
39.831581115722656
33.32061004638672
39.831581115722656
39.831581115722656
35.85377502441406
39.831581115722656
39.831581115722656
33.32061004638672
39.412479400634766
30.40435791015625
39.831581115722656
39.831581115722656
33.32061004638672
39.831581115722656
39.831581115722656
39.831581115722656
33.32061004638672
39.831581115722656
39.831581115722656
39.831581115722656
39.831581115722656
33.32061004638672
33.306297302246094
28.909622192382812
39.831581115722656
31.69609832763672
30.762332916259766
39.831581115722656
33.32061004638672
39.831581115722656
39.831581115722656
39.831581115722656
39.831581115722656
33.32061004638672
36.42477798461914
29.698598861694336
39.831581115722656
39.831581115722656
33.32061004638672
29.982635498046875
39.831581115722656
39.831581115722656
30.840042114257812
28.387170791625977
41.664459228515625
29.227638244628906
39.831581115722656
39.831581115722656
33.32061004638672
34.64606475830078
34.64606475830078
36.12234115600586
29.018239974975586
34.64606475830078
33.32061004638672
34.64606475830078
34.64606475830078
33.32061004638672
34.16458511352539
34.16458511352539
39.412479400634766
29.819393157958984
34.16458511352539
34.16458511352539
39.540977478027344
30.997222900390625
39.540977478027344
30.420429229736328
33.32061004638672
34.032920837402344
34.032920837402344
37.47299575805664
31.498035430908203
33.32061004638672
34.032920837402344
34.032920837402344
34.256710052490234
30.767555236816406
28.63027572631836
34.032920837402344
36.38784408569336
33.32061004638672
36.42477798461914
29.042434692382812
34.80828094482422
34.40269470214844
33.942466735839844
34.52596664428711
28.37944793701172
37.47299575805664
29.27996253967285
34.83592987060547
34.272743225097656
28.447677612304688
33.942466735839844
27.744701385498047
39.540977478027344
29.862586975097656
28.366230010986328
28.366230010986328
28.25198745727539
28.46739387512207
41.664459228515625
28.765701293945312
27.945220947265625
28.531177520751953
28.151966094970703
33.32061004638672
28.73337745666504
39.540977478027344
29.783447265625
33.942466735839844
28.37798309326172
28.45534896850586
28.301523208618164
33.809303283691406
28.46739387512207
28.772661209106445
28.314125061035156
28.315515518188477
28.489036560058594
28.05988311767578
33.809303283691406
27.47151756286621
33.809303283691406
33.32061004638672
33.809303283691406
41.664459228515625
30.04203224182129
33.809303283691406
39.17134094238281
27.486385345458984
28.008563995361328
33.80902099609375
39.17078399658203
35.52919387817383
35.75799560546875
35.301719665527344
35.058433532714844
32.395599365234375
32.395599365234375
51.28767395019531
32.395599365234375
35.058433532714844
32.395599365234375
33.01645278930664
32.1610107421875
32.59614562988281
30.49478530883789
39.764408111572266
32.395599365234375
32.395599365234375
32.395599365234375
32.395599365234375
32.395599365234375
32.395599365234375
32.395599365234375
32.395599365234375
38.720115661621094
32.395599365234375
32.395599365234375
32.395599365234375
32.395599365234375
32.395599365234375
32.395599365234375
32.395599365234375
32.395599365234375
32.395599365234375
32.395599365234375
32.395599365234375
32.395599365234375
32.395599365234375
32.395599365234375
32.395599365234375
32.395599365234375
32.395599365234375
32.395599365234375
32.395599365234375
32.395599365234375
32.395599365234375
32.395599365234375
32.395599365234375
32.395599365234375
32.395599365234375
32.395599365234375
32.395599365234375
32.395599365234375
32.395599365234375
32.395599365234375
32.395599365234375
32.395599365234375
32.395599365234375
32.395599365234375
32.395599365234375
32.395599365234375
32.395599365234375
32.395599365234375
32.395599365234375
32.395599365234375
32.395599365234375
32.395599365234375
32.395599365234375
32.395599365234375
32.395599365234375
32.395599365234375
32.395599365234375
32.395599365234375
32.395599365234375
32.395599365234375
32.395599365234375
32.395599365234375
32.395599365234375
32.395599365234375
32.395599365234375
32.395599365234375
32.395599365234375
32.395599365234375
32.395599365234375
32.395599365234375
31.91309356689453
33.53965759277344
29.48509979248047
39.741268157958984
36.476322174072266
37.151100158691406
34.04158020019531
37.151100158691406
34.04158020019531
44.53811264038086
44.47136688232422
44.179222106933594
42.40719985961914
29.23108673095703
37.509368896484375
28.25082015991211
28.518444061279297
33.53965759277344
29.181346893310547
32.312095642089844
31.908432006835938
37.509368896484375
29.451698303222656
32.312095642089844
29.67342758178711
32.847145080566406
31.473731994628906
29.753477096557617
36.592220306396484
37.509368896484375
29.277019500732422
27.48838996887207
37.151100158691406
34.04158020019531
29.8416805267334
37.151100158691406
34.04158020019531
29.8416805267334
33.25514602661133
36.02134704589844
35.289024353027344
29.269729614257812
32.312095642089844
31.908432006835938
29.442745208740234
36.02134704589844
35.289024353027344
31.02821922302246
36.02134704589844
35.289024353027344
31.02821922302246
36.10386276245117
35.5349235534668
35.5349235534668
35.5349235534668
34.20407485961914
33.925209045410156
36.02134704589844
35.289024353027344
31.02821922302246
32.312095642089844
31.908432006835938
30.901508331298828
36.02134704589844
35.289024353027344
31.02821922302246
36.02134704589844
32.89893341064453
31.569377899169922
32.46382141113281
32.56416702270508
32.33665466308594
33.06295394897461
27.857223510742188
32.56416702270508
32.33665466308594
42.768585205078125
40.667903900146484
42.768585205078125
42.768585205078125
40.667903900146484
58.424102783203125
30.61691665649414
27.688058853149414
30.363996505737305
35.289024353027344
31.02821922302246
27.177017211914062
35.519100189208984
34.96953201293945
35.519100189208984
31.55792236328125
41.5539436340332
38.54845428466797
32.37424087524414
41.5539436340332
38.54845428466797
41.5539436340332
31.464048385620117
34.39909744262695
32.950904846191406
34.88911056518555
28.646896362304688
33.28382873535156
32.29507827758789
34.431663513183594
32.73456954956055
32.81308364868164
32.73456954956055
33.97575378417969
33.35353088378906
33.97575378417969
34.59812545776367
32.7314567565918
34.59812545776367
36.13793182373047
35.24226379394531
36.13793182373047
32.56416702270508
32.33665466308594
27.740169525146484
33.52729797363281
49.9265022277832
39.277198791503906
41.98435974121094
39.277198791503906
28.517303466796875
31.106077194213867
28.296077728271484
32.16541290283203
34.28826141357422
34.77646255493164
41.5539436340332
38.54845428466797
37.77635955810547
35.89207077026367
36.41691589355469
32.665035247802734
28.867645263671875
42.115203857421875
27.335994720458984
29.236616134643555
34.97003173828125
32.62467956542969
36.6392822265625
39.26594161987305
41.64250946044922
38.29117965698242
43.681129455566406
28.893091201782227
28.10648536682129
27.961994171142578
29.378694534301758
29.33529281616211
35.561466217041016
32.59657287597656
35.561466217041016
32.3184814453125
27.292652130126953
34.149383544921875
33.45255661010742
33.34003829956055
28.42195701599121
38.926326751708984
38.930965423583984
38.494266510009766
30.757678985595703
28.056316375732422
34.11304473876953
32.7373161315918
34.11304473876953
29.439756393432617
37.63021469116211
34.44052505493164
37.63021469116211
37.63021469116211
34.44052505493164
39.05080032348633
38.93004608154297
39.05080032348633
37.63021469116211
34.44052505493164
37.63021469116211
34.10078430175781
32.81415939331055
34.23361587524414
37.63021469116211
34.44052505493164
39.158416748046875
37.63021469116211
34.44052505493164
37.63021469116211
35.419837951660156
28.84006118774414
35.419837951660156
37.63021469116211
34.44052505493164
37.63021469116211
34.44052505493164
37.63021469116211
38.76894760131836
32.162689208984375
31.961904525756836
31.991165161132812
41.316383361816406
40.095455169677734
39.74085235595703
28.644672393798828
39.61643981933594
28.694782257080078
34.48796081542969
41.65763473510742
40.39024353027344
41.65763473510742
40.975494384765625
40.72282028198242
40.975494384765625
38.128074645996094
34.086212158203125
38.128074645996094
31.248878479003906
39.5880241394043
28.79607582092285
32.784706115722656
33.75113296508789
32.784706115722656
42.1026611328125
37.63021469116211
34.44052505493164
37.151100158691406
34.04158020019531
33.93796157836914
37.63021469116211
34.44052505493164
38.128074645996094
34.086212158203125
38.128074645996094
37.614654541015625
36.32704162597656
35.62495803833008
36.32704162597656
34.39909744262695
32.950904846191406
34.88911056518555
28.60174560546875
36.32704162597656
35.62495803833008
36.32704162597656
36.32704162597656
35.62495803833008
37.63021469116211
34.44052505493164
28.015899658203125
32.332496643066406
37.60976028442383
33.78847885131836
37.60992431640625
27.18114471435547
28.836639404296875
41.65620422363281
40.390403747558594
50.61546325683594
34.79404067993164
35.75799560546875
33.984283447265625
35.52919387817383
63.100460052490234
41.70841979980469
36.3384895324707
39.540977478027344
29.12032699584961
33.39206314086914
28.45757484436035
33.306297302246094
34.272743225097656
40.645381927490234
39.412479400634766
44.57437515258789
40.272300720214844
42.53788375854492
34.52596664428711
31.148887634277344
33.306297302246094
34.17698287963867
37.47299575805664
40.04884338378906
41.664459228515625
28.782470703125
39.540977478027344
28.902877807617188
39.540977478027344
28.456951141357422
28.046106338500977
39.540977478027344
31.449901580810547
32.23788833618164
28.402137756347656
39.17134094238281
29.19400978088379
36.99095153808594
34.33454132080078
39.257484436035156
39.30590057373047
41.664459228515625
28.709348678588867
29.30352210998535
28.162843704223633
45.87689971923828
34.17698287963867
28.927383422851562
34.17698287963867
41.664459228515625
41.664459228515625
29.93111801147461
29.93111801147461
30.343154907226562
29.93111801147461
33.71149826049805
28.315553665161133
39.412479400634766
29.29672622680664
40.183841705322266
54.17428207397461
33.306297302246094
30.819629669189453
33.306297302246094
28.180767059326172
33.192352294921875
62.597103118896484
39.17134094238281
28.650632858276367
28.513965606689453
33.306297302246094
28.121726989746094
37.47299575805664
28.997177124023438
28.997177124023438
28.715679168701172
28.997177124023438
39.540977478027344
28.63027572631836
33.760684967041016
35.04779052734375
39.17134094238281
28.475849151611328
34.33454132080078
28.540952682495117
28.36126708984375
34.272743225097656
30.45053482055664
37.47299575805664
28.853740692138672
28.331314086914062
33.88652420043945
39.54098129272461
28.088966369628906
35.85377502441406
39.17133712768555
34.83592987060547
39.17133712768555
28.63953399658203
28.5560359954834
28.65665054321289
28.5560359954834
28.853740692138672
28.892091751098633
28.7734375
28.892091751098633
28.892091751098633
28.892091751098633
28.892091751098633
28.892091751098633
35.291290283203125
28.892091751098633
37.47299575805664
28.829627990722656
28.892091751098633
27.91469955444336
41.664459228515625
28.474769592285156
41.664459228515625
28.19125747680664
28.892091751098633
29.36209487915039
28.892091751098633
28.892091751098633
28.892091751098633
28.7734375
28.892091751098633
28.89190101623535
28.89190101623535
28.89190101623535
28.89190101623535
28.89190101623535
28.89190101623535
28.89190101623535
28.89190101623535
28.773330688476562
28.729808807373047
28.89190101623535
28.320547103881836
28.89190101623535
28.246156692504883
28.89190101623535
28.89190101623535
28.378124237060547
28.89190101623535
28.246156692504883
28.773330688476562
31.95446014404297
28.262042999267578
29.822744369506836
28.246156692504883
28.246156692504883
