44.0034065246582
35.86256408691406
35.86256408691406
40.13347625732422
40.13347625732422
40.13347625732422
38.713531494140625
39.11286926269531
55.27946853637695
38.6294059753418
50.85274124145508
51.61105728149414
53.91981887817383
62.874671936035156
37.37775421142578
40.15621566772461
40.02067184448242
40.584354400634766
39.505462646484375
40.17343521118164
40.10055923461914
38.543216705322266
38.543216705322266
39.13105773925781
38.543216705322266
37.24858474731445
39.26728820800781
40.256248474121094
61.46989440917969
40.560638427734375
55.98373794555664
61.4220085144043
41.397830963134766
61.426143646240234
119.32288360595703
119.30897521972656
119.29515075683594
33.18083953857422
61.49264907836914
61.42689514160156
110.26129150390625
119.30897521972656
40.82718276977539
119.30897521972656
42.18575668334961
119.30897521972656
119.30897521972656
119.30897521972656
119.30897521972656
119.30897521972656
119.30897521972656
119.30897521972656
119.30897521972656
119.30897521972656
119.30897521972656
119.30897521972656
119.30897521972656
119.30897521972656
119.30897521972656
119.30897521972656
119.30897521972656
119.30897521972656
119.30897521972656
61.43534851074219
61.34007263183594
61.33992385864258
61.43396759033203
55.82972717285156
61.40984344482422
61.41086959838867
61.43522262573242
39.9806022644043
36.665611267089844
36.665611267089844
38.32453918457031
57.22726821899414
43.27395248413086
43.6030158996582
37.84797668457031
43.42676544189453
43.6030158996582
36.914100646972656
43.38699722290039
40.600643157958984
41.64168930053711
34.082252502441406
33.87687301635742
37.301055908203125
45.1678581237793
45.1678581237793
32.30475616455078
32.338558197021484
32.4915657043457
38.6220703125
38.6220703125
37.301055908203125
43.98381423950195
33.08949661254883
37.60984802246094
32.751991271972656
61.108070373535156
34.49888229370117
38.6294059753418
42.626407623291016
42.507110595703125
38.72960662841797
43.6030158996582
43.339141845703125
38.2469596862793
43.264556884765625
43.23295211791992
43.14231872558594
43.23295211791992
40.055870056152344
45.77619552612305
40.60683059692383
41.97671890258789
40.58610916137695
42.201045989990234
46.366947174072266
43.496055603027344
45.519317626953125
48.47896194458008
42.08186340332031
43.10908508300781
38.32245635986328
40.692138671875
58.75948715209961
33.75789260864258
39.83041763305664
49.26824951171875
39.861209869384766
34.33324432373047
35.18095397949219
36.9951057434082
35.703861236572266
36.63008499145508
50.409446716308594
36.00650405883789
56.16411209106445
35.12760543823242
34.42410659790039
39.33641052246094
36.869144439697266
34.90730667114258
34.3504524230957
32.33115005493164
34.8707389831543
34.32504653930664
34.32504653930664
34.32504653930664
34.8707389831543
34.8707389831543
47.37236404418945
47.37236404418945
37.45071029663086
37.45071029663086
34.8707389831543
47.42058563232422
49.884639739990234
37.792850494384766
34.79114532470703
34.32504653930664
33.71589279174805
49.086395263671875
45.93789291381836
33.91801834106445
34.021209716796875
35.948638916015625
33.88264083862305
34.79114532470703
34.04080581665039
33.84733581542969
32.7626838684082
34.90730667114258
34.90730667114258
34.90730667114258
36.9951057434082
35.938106536865234
39.515987396240234
39.03483963012695
34.8707389831543
34.06645202636719
32.33115005493164
32.33115005493164
34.8707389831543
56.240596771240234
56.104576110839844
58.919288635253906
34.90730667114258
36.9951057434082
38.445858001708984
34.90730667114258
34.79114532470703
34.49569320678711
35.977352142333984
35.58442687988281
35.8006706237793
36.9951057434082
35.22355651855469
58.91363525390625
35.50189971923828
48.434417724609375
34.49384689331055
50.04673767089844
34.32940673828125
34.376712799072266
40.08026885986328
36.9951057434082
34.90730667114258
35.640384674072266
36.629024505615234
36.184757232666016
44.58414077758789
44.14114761352539
34.165767669677734
36.9951057434082
34.03469467163086
35.89265060424805
44.12830352783203
39.63024139404297
43.478187561035156
44.14990234375
41.74482727050781
39.10883712768555
43.982643127441406
43.41775131225586
40.07668685913086
42.507110595703125
40.742835998535156
47.30073547363281
48.47896194458008
49.26824951171875
39.861209869384766
39.83041763305664
39.861209869384766
40.692138671875
38.32245635986328
40.692138671875
35.365867614746094
35.25354766845703
33.90089797973633
43.10908508300781
42.08186340332031
43.10908508300781
51.53764724731445
49.086395263671875
65.42158508300781
37.73825454711914
37.3441162109375
37.73825454711914
34.30105209350586
37.73825454711914
37.3441162109375
37.73825454711914
33.97523880004883
38.08474349975586
36.738006591796875
32.6800537109375
43.15302658081055
43.59406280517578
44.41376495361328
43.68791961669922
39.20916748046875
43.68791961669922
43.68791961669922
39.20916748046875
32.417572021484375
39.96784210205078
37.770294189453125
39.96784210205078
61.393104553222656
60.88627624511719
61.216922760009766
59.845550537109375
60.757545471191406
42.86805725097656
38.87660217285156
42.86805725097656
41.315406799316406
45.19173812866211
41.315406799316406
54.3619499206543
33.623802185058594
46.228424072265625
43.16586685180664
36.44143295288086
37.45071029663086
37.45071029663086
37.45071029663086
47.37236404418945
47.37236404418945
47.37236404418945
47.37236404418945
37.45071029663086
47.37236404418945
37.45071029663086
37.45071029663086
37.45071029663086
37.45071029663086
47.37236404418945
47.37236404418945
47.37236404418945
32.3477668762207
35.68058395385742
39.96784210205078
37.770294189453125
39.96784210205078
57.90065002441406
34.81047821044922
43.68791961669922
39.20916748046875
43.68791961669922
50.90559005737305
43.68791961669922
39.20916748046875
43.09001922607422
42.53287124633789
43.09001922607422
35.48129653930664
36.758602142333984
37.922672271728516
37.922672271728516
33.78186798095703
43.68791961669922
39.20916748046875
43.68791961669922
39.20916748046875
43.68791961669922
43.22282409667969
33.879844665527344
33.202064514160156
45.31745529174805
44.2276725769043
33.62157440185547
43.9600830078125
41.22523880004883
43.9600830078125
40.55614471435547
42.200286865234375
40.55614471435547
34.87697982788086
40.25187683105469
37.709625244140625
39.6397590637207
34.15447998046875
43.9600830078125
41.22523880004883
43.9600830078125
47.578529357910156
45.1678581237793
47.578529357910156
42.44328689575195
34.26834487915039
40.55614471435547
42.200286865234375
40.55614471435547
40.55614471435547
42.200286865234375
43.68791961669922
39.20916748046875
34.60002517700195
35.15874481201172
45.31745529174805
44.2276725769043
45.31745529174805
43.68791961669922
32.99372100830078
42.84483337402344
38.05219650268555
42.84483337402344
40.39849090576172
35.499481201171875
40.39849090576172
40.39849090576172
49.884639739990234
47.42058563232422
49.884639739990234
49.884639739990234
47.42058563232422
39.985191345214844
36.845787048339844
39.16701889038086
37.93817901611328
38.3515510559082
37.93817901611328
45.93789291381836
49.086395263671875
45.93789291381836
35.00169372558594
35.94892501831055
37.91757583618164
36.639652252197266
37.86921691894531
35.268959045410156
35.87700653076172
37.615089416503906
39.16701889038086
39.46187210083008
34.16350555419922
32.21720886230469
39.03483963012695
38.54649353027344
41.275733947753906
33.71540832519531
32.07852554321289
37.45071029663086
37.45071029663086
37.45071029663086
40.02695083618164
42.225860595703125
44.340431213378906
33.08786392211914
37.45071029663086
37.45071029663086
37.45071029663086
37.45071029663086
37.45071029663086
37.301055908203125
36.63950729370117
36.26243591308594
34.06813049316406
49.884639739990234
47.42058563232422
32.42008590698242
37.56674575805664
37.283721923828125
49.40625
35.082191467285156
58.04117202758789
49.40625
58.04117202758789
61.889068603515625
65.45446014404297
58.04117202758789
58.04117202758789
58.04117202758789
58.04117202758789
38.50223922729492
58.04117202758789
58.04117202758789
58.04117202758789
58.04117202758789
58.04117202758789
58.04117202758789
58.04117202758789
58.04117202758789
58.04117202758789
58.04117202758789
36.294559478759766
61.944915771484375
49.40625
58.04117202758789
58.04117202758789
36.294559478759766
58.04117202758789
58.04117202758789
58.04117202758789
36.294559478759766
58.04117202758789
58.04117202758789
36.66391372680664
58.04117202758789
58.04117202758789
36.294559478759766
45.47742462158203
35.15827941894531
58.04117202758789
58.04117202758789
36.294559478759766
58.04117202758789
58.04117202758789
58.04117202758789
36.294559478759766
58.04117202758789
58.04117202758789
58.04117202758789
58.04117202758789
36.294559478759766
38.58094024658203
34.060733795166016
58.04117202758789
36.36012649536133
35.9727897644043
58.04117202758789
36.294559478759766
58.04117202758789
58.04117202758789
58.04117202758789
58.04117202758789
36.294559478759766
41.81608200073242
34.949222564697266
58.04117202758789
58.04117202758789
36.294559478759766
32.81238555908203
58.04117202758789
58.04117202758789
35.40129852294922
33.580440521240234
45.33892059326172
33.86189270019531
58.04117202758789
58.04117202758789
36.294559478759766
40.76412582397461
40.76412582397461
43.46556854248047
33.19327926635742
40.76412582397461
36.294559478759766
40.76412582397461
40.76412582397461
36.294559478759766
39.80461502075195
39.80461502075195
45.47742462158203
34.835296630859375
39.80461502075195
39.80461502075195
44.819236755371094
34.368927001953125
44.819236755371094
34.13258361816406
36.294559478759766
39.26637268066406
39.26637268066406
43.62506103515625
34.6706428527832
36.294559478759766
39.26637268066406
39.26637268066406
41.39365005493164
34.25647735595703
33.122413635253906
39.26637268066406
39.59645080566406
36.294559478759766
41.81608200073242
34.239051818847656
37.52764129638672
38.57944869995117
38.87900924682617
41.41981506347656
33.47595977783203
43.62506103515625
33.40346145629883
38.6294059753418
36.79103088378906
32.948158264160156
38.87900924682617
32.368778228759766
44.819236755371094
33.532039642333984
33.080936431884766
33.080936431884766
32.73313903808594
33.09815216064453
45.33892059326172
33.178932189941406
32.77857208251953
33.2596549987793
32.705787658691406
36.294559478759766
33.004798889160156
44.819236755371094
34.68736267089844
38.87900924682617
32.8974723815918
33.27570343017578
32.995330810546875
38.54426574707031
33.09815216064453
33.0955810546875
33.18395233154297
33.00058364868164
32.88102340698242
32.868186950683594
38.54426574707031
32.51011276245117
38.54426574707031
36.294559478759766
38.54426574707031
45.33892059326172
33.58769226074219
38.54426574707031
44.44798278808594
32.36093521118164
32.70814514160156
38.54377746582031
44.44749450683594
39.82918930053711
39.611968994140625
36.99769592285156
37.004554748535156
38.19522476196289
38.19522476196289
54.73176193237305
38.19522476196289
37.004554748535156
38.19522476196289
36.76533126831055
36.670448303222656
35.538330078125
33.894195556640625
46.44105529785156
38.19522476196289
38.19522476196289
38.19522476196289
38.19522476196289
38.19522476196289
38.19522476196289
38.19522476196289
38.19522476196289
39.364681243896484
38.19522476196289
38.19522476196289
38.19522476196289
38.19522476196289
38.19522476196289
38.19522476196289
38.19522476196289
38.19522476196289
38.19522476196289
38.19522476196289
38.19522476196289
38.19522476196289
38.19522476196289
38.19522476196289
38.19522476196289
38.19522476196289
38.19522476196289
38.19522476196289
38.19522476196289
38.19522476196289
38.19522476196289
38.19522476196289
38.19522476196289
38.19522476196289
38.19522476196289
38.19522476196289
38.19522476196289
38.19522476196289
38.19522476196289
38.19522476196289
38.19522476196289
38.19522476196289
38.19522476196289
38.19522476196289
38.19522476196289
38.19522476196289
38.19522476196289
38.19522476196289
38.19522476196289
38.19522476196289
38.19522476196289
38.19522476196289
38.19522476196289
38.19522476196289
38.19522476196289
38.19522476196289
38.19522476196289
38.19522476196289
38.19522476196289
38.19522476196289
38.19522476196289
38.19522476196289
38.19522476196289
38.19522476196289
38.19522476196289
38.19522476196289
38.19522476196289
38.19522476196289
38.19522476196289
38.19522476196289
36.73047637939453
38.9453125
34.95128631591797
43.98381423950195
39.744075775146484
39.14255905151367
36.81875228881836
39.14255905151367
36.81875228881836
61.5643196105957
61.71187973022461
61.20218276977539
58.27214813232422
33.8612060546875
42.6054801940918
33.65889358520508
33.66587829589844
38.9453125
34.64837646484375
36.63950729370117
36.26243591308594
42.6054801940918
34.0538215637207
36.63950729370117
33.4339714050293
37.593360900878906
36.67369842529297
33.69547653198242
36.897438049316406
42.6054801940918
34.13541793823242
31.786998748779297
39.14255905151367
36.81875228881836
33.96294403076172
39.14255905151367
36.81875228881836
33.96294403076172
35.57499313354492
40.52621078491211
39.74624252319336
34.62930679321289
36.63950729370117
36.26243591308594
33.49799346923828
40.52621078491211
39.74624252319336
34.795352935791016
40.52621078491211
39.74624252319336
34.795352935791016
38.87810516357422
38.6220703125
38.6220703125
38.6220703125
41.332427978515625
41.01935577392578
40.52621078491211
39.74624252319336
34.795352935791016
36.63950729370117
36.26243591308594
34.06813049316406
40.52621078491211
39.74624252319336
34.795352935791016
40.52621078491211
38.2934684753418
36.562767028808594
36.467689514160156
36.108489990234375
36.32184982299805
37.2996826171875
32.66328430175781
36.108489990234375
36.32184982299805
49.884639739990234
47.42058563232422
49.884639739990234
49.884639739990234
47.42058563232422
73.52526092529297
35.98126983642578
32.51979064941406
34.85479736328125
39.74624252319336
34.795352935791016
32.07852554321289
39.840232849121094
39.652687072753906
39.840232849121094
35.96308135986328
44.63805389404297
43.0728645324707
35.83622360229492
44.63805389404297
43.0728645324707
44.63805389404297
36.55358123779297
40.25187683105469
37.709625244140625
39.6397590637207
33.318119049072266
36.845787048339844
35.89386749267578
37.615089416503906
39.16701889038086
39.46187210083008
39.16701889038086
37.93817901611328
38.3515510559082
37.93817901611328
40.692138671875
38.32245635986328
40.692138671875
43.10908508300781
42.08186340332031
43.10908508300781
36.108489990234375
36.32184982299805
32.51252365112305
37.339778900146484
54.0462760925293
45.93789291381836
49.086395263671875
45.93789291381836
33.8747444152832
36.43501281738281
32.96135330200195
39.03483963012695
41.113521575927734
41.275733947753906
44.63805389404297
43.0728645324707
50.21195983886719
39.98793029785156
40.802303314208984
37.662818908691406
34.35737991333008
57.80672073364258
32.10104751586914
34.73131561279297
42.2182502746582
39.077938079833984
43.451133728027344
44.07119369506836
44.532020568847656
42.530513763427734
58.92963790893555
33.48508834838867
32.487586975097656
32.83699035644531
33.843502044677734
34.2287712097168
39.96784210205078
37.770294189453125
39.96784210205078
37.515045166015625
31.822219848632812
37.86921691894531
38.123504638671875
37.91757583618164
33.468448638916016
51.57438659667969
44.58414077758789
44.14114761352539
34.8273811340332
33.45777130126953
37.73825454711914
37.3441162109375
37.73825454711914
34.430904388427734
43.68791961669922
39.20916748046875
43.68791961669922
43.68791961669922
39.20916748046875
45.932960510253906
45.706687927246094
45.932960510253906
43.68791961669922
39.20916748046875
43.68791961669922
38.38604736328125
37.09946823120117
38.7724723815918
43.68791961669922
39.20916748046875
51.325557708740234
43.68791961669922
39.20916748046875
43.68791961669922
38.58100891113281
32.85282516479492
38.58100891113281
43.68791961669922
39.20916748046875
43.68791961669922
39.20916748046875
43.68791961669922
51.08906555175781
35.664825439453125
35.44086837768555
35.43784713745117
49.26824951171875
47.36973571777344
47.31448745727539
34.082977294921875
53.792076110839844
34.01137161254883
37.650821685791016
45.31745529174805
44.2276725769043
45.31745529174805
47.578529357910156
45.1678581237793
47.578529357910156
43.9600830078125
41.22523880004883
43.9600830078125
36.28216552734375
47.94313049316406
34.3204460144043
36.90692901611328
36.342166900634766
36.90692901611328
56.69496154785156
43.68791961669922
39.20916748046875
39.14255905151367
36.81875228881836
38.14133071899414
43.68791961669922
39.20916748046875
43.9600830078125
41.22523880004883
43.9600830078125
48.83821105957031
40.55614471435547
42.200286865234375
40.55614471435547
40.25187683105469
37.709625244140625
39.6397590637207
33.454620361328125
40.55614471435547
42.200286865234375
40.55614471435547
40.55614471435547
42.200286865234375
43.68791961669922
39.20916748046875
32.053436279296875
37.244136810302734
42.84483337402344
38.05219650268555
42.84498977661133
31.833282470703125
33.776580810546875
45.316246032714844
44.22791290283203
57.0176887512207
37.269039154052734
39.611968994140625
41.84184265136719
39.82918930053711
60.21317672729492
49.40625
36.90547180175781
44.819236755371094
34.07410430908203
38.02098846435547
33.70560073852539
38.58094024658203
36.79103088378906
51.97590637207031
45.47742462158203
57.42776107788086
51.26015853881836
55.17071533203125
41.41981506347656
35.93656539916992
38.58094024658203
38.50223922729492
43.62506103515625
50.08428955078125
45.33892059326172
33.32547378540039
44.819236755371094
33.95741271972656
44.819236755371094
33.22987365722656
32.73834991455078
44.819236755371094
34.661643981933594
35.82933044433594
32.933502197265625
44.44798278808594
34.07754898071289
48.383384704589844
39.959930419921875
40.71129608154297
40.708953857421875
45.33892059326172
33.54396057128906
34.220726013183594
32.875953674316406
59.97463607788086
38.50223922729492
33.583030700683594
38.50223922729492
45.33892059326172
45.33892059326172
33.774078369140625
33.774078369140625
33.95327377319336
33.774078369140625
38.84429168701172
33.0645637512207
45.47742462158203
34.21571350097656
42.308387756347656
58.24892044067383
38.58094024658203
34.075950622558594
38.58094024658203
32.83800506591797
35.615867614746094
71.73688507080078
44.44798278808594
33.80810546875
33.03657150268555
38.58094024658203
32.9866828918457
43.62506103515625
33.560203552246094
33.560203552246094
33.3587760925293
33.560203552246094
44.819236755371094
33.122413635253906
38.37993621826172
39.34135818481445
44.44798278808594
33.17518997192383
39.959930419921875
33.39310836791992
32.854801177978516
36.79103088378906
35.521018981933594
43.62506103515625
33.50876235961914
32.61521530151367
36.36982727050781
44.819236755371094
32.378143310546875
36.66391372680664
44.44798278808594
38.6294059753418
44.44798278808594
32.83592224121094
32.96007537841797
33.15225601196289
32.96007537841797
33.50876235961914
33.4965934753418
33.2244873046875
33.4965934753418
33.4965934753418
33.4965934753418
33.4965934753418
33.4965934753418
39.52348709106445
33.4965934753418
43.62506103515625
33.46092987060547
33.4965934753418
32.7781982421875
45.33892059326172
32.75081253051758
45.33892059326172
32.54131317138672
33.4965934753418
33.639488220214844
33.4965934753418
33.4965934753418
33.4965934753418
33.2244873046875
33.4965934753418
33.496280670166016
33.496280670166016
33.496280670166016
33.496280670166016
33.496280670166016
33.496280670166016
33.496280670166016
33.496280670166016
33.2243537902832
32.785362243652344
33.496280670166016
32.71690368652344
33.496280670166016
32.77272415161133
33.496280670166016
33.496280670166016
32.71604537963867
33.496280670166016
32.77272415161133
33.2243537902832
35.45683670043945
32.823028564453125
33.94091033935547
32.77272415161133
32.77272415161133
