42.339168548583984
27.132205963134766
27.132205963134766
33.760257720947266
33.760257720947266
33.760257720947266
31.301729202270508
35.345489501953125
40.32386779785156
30.636627197265625
33.70448684692383
38.11420822143555
41.16462707519531
47.12451934814453
32.08971405029297
31.107877731323242
30.998300552368164
31.955963134765625
30.20069694519043
31.784557342529297
31.451406478881836
33.85292053222656
33.85292053222656
30.576704025268555
33.85292053222656
30.085247039794922
31.539323806762695
36.67381286621094
35.847938537597656
40.17529296875
38.025794982910156
35.36107635498047
37.537376403808594
35.33555603027344
47.41973876953125
47.50581741333008
47.23887634277344
22.514720916748047
34.66685104370117
35.34101867675781
47.18674850463867
47.50581741333008
37.63618469238281
47.50581741333008
36.402191162109375
47.50581741333008
47.50581741333008
47.50581741333008
47.50581741333008
47.50581741333008
47.50581741333008
47.50581741333008
47.50581741333008
47.50581741333008
47.50581741333008
47.50581741333008
47.50581741333008
47.50581741333008
47.50581741333008
47.50581741333008
47.50581741333008
47.50581741333008
47.50581741333008
35.23363494873047
35.38322067260742
35.344696044921875
35.342037200927734
38.42059326171875
35.39573287963867
35.407508850097656
35.416934967041016
41.075050354003906
30.083694458007812
30.083694458007812
27.241151809692383
42.14595031738281
35.09459686279297
34.62800598144531
27.7310791015625
34.573822021484375
34.62800598144531
27.2917423248291
34.280303955078125
28.329853057861328
30.81796646118164
23.772680282592773
22.613521575927734
33.509117126464844
38.66370391845703
38.66370391845703
20.932594299316406
21.236862182617188
20.906816482543945
32.139896392822266
32.139896392822266
33.509117126464844
33.70999526977539
21.57365608215332
32.056461334228516
21.578317642211914
61.354454040527344
25.642822265625
30.636627197265625
34.59552001953125
34.057167053222656
31.11374855041504
34.62800598144531
34.97774887084961
25.401756286621094
34.345115661621094
35.27873229980469
34.729068756103516
35.27873229980469
31.081073760986328
38.66569900512695
31.15119171142578
33.07086181640625
30.54129409790039
35.43464279174805
41.655818939208984
36.52255630493164
38.38099670410156
33.577308654785156
28.2631778717041
28.989723205566406
27.05803680419922
28.153045654296875
30.39210319519043
24.010353088378906
28.949108123779297
34.69106674194336
28.961204528808594
21.60919761657715
23.011884689331055
28.37335968017578
23.363792419433594
24.347049713134766
29.03270149230957
24.10015869140625
31.846582412719727
26.147544860839844
23.918991088867188
33.09931182861328
27.59063148498535
25.631702423095703
22.929840087890625
22.95410919189453
28.692102432250977
26.73062515258789
26.73062515258789
26.73062515258789
28.692102432250977
28.692102432250977
35.76090621948242
35.76090621948242
27.359729766845703
27.359729766845703
28.692102432250977
33.50281524658203
35.94715881347656
26.130718231201172
24.889507293701172
26.73062515258789
22.039730072021484
35.70741653442383
32.06392288208008
21.805370330810547
22.897830963134766
24.600059509277344
22.796646118164062
24.889507293701172
22.977691650390625
22.672183990478516
25.364784240722656
25.631702423095703
25.631702423095703
25.631702423095703
28.37335968017578
24.547163009643555
25.677268981933594
25.111530303955078
28.692102432250977
22.325252532958984
22.95410919189453
22.95410919189453
28.692102432250977
30.148649215698242
30.67801284790039
29.42792510986328
25.631702423095703
28.37335968017578
28.699499130249023
25.631702423095703
24.889507293701172
22.13965606689453
26.044601440429688
26.207908630371094
26.725732803344727
28.37335968017578
25.262659072875977
29.509117126464844
25.292369842529297
30.479381561279297
24.14332389831543
29.3593692779541
25.501388549804688
22.5688419342041
32.35334777832031
28.37335968017578
25.631702423095703
23.202804565429688
28.288719177246094
26.934022903442383
33.7554931640625
33.23149871826172
23.371631622314453
28.37335968017578
23.074951171875
30.56296730041504
36.16120910644531
31.09505271911621
35.349979400634766
35.775177001953125
33.441162109375
31.923185348510742
35.51296615600586
35.631614685058594
32.418212890625
34.057167053222656
30.331924438476562
37.412757873535156
33.577308654785156
34.69106674194336
28.961204528808594
28.949108123779297
28.961204528808594
28.153045654296875
27.05803680419922
28.153045654296875
23.350507736206055
23.513507843017578
23.235828399658203
28.989723205566406
28.2631778717041
28.989723205566406
37.28943634033203
35.70741653442383
51.25061798095703
29.409696578979492
27.130882263183594
29.409696578979492
22.334815979003906
29.409696578979492
27.130882263183594
29.409696578979492
23.833091735839844
30.06197738647461
25.69161605834961
22.148082733154297
33.307411193847656
31.754470825195312
31.245140075683594
30.997432708740234
28.8702392578125
30.997432708740234
30.997432708740234
28.8702392578125
20.559173583984375
29.88901138305664
26.327714920043945
29.88901138305664
30.928293228149414
30.791210174560547
29.735681533813477
30.37864112854004
29.541522979736328
29.38115692138672
25.78252601623535
29.38115692138672
34.13685607910156
37.224937438964844
34.13685607910156
28.139856338500977
24.771331787109375
32.76114273071289
29.129070281982422
25.301729202270508
27.359729766845703
27.359729766845703
27.359729766845703
35.76090621948242
35.76090621948242
35.76090621948242
35.76090621948242
27.359729766845703
35.76090621948242
27.359729766845703
27.359729766845703
27.359729766845703
27.359729766845703
35.76090621948242
35.76090621948242
35.76090621948242
21.416675567626953
24.542837142944336
29.88901138305664
26.327714920043945
29.88901138305664
28.858442306518555
25.715696334838867
30.997432708740234
28.8702392578125
30.997432708740234
26.8325138092041
30.997432708740234
28.8702392578125
33.72402572631836
33.08843231201172
33.72402572631836
24.533361434936523
32.00465393066406
34.75794982910156
34.75794982910156
23.767742156982422
30.997432708740234
28.8702392578125
30.997432708740234
28.8702392578125
30.997432708740234
25.071439743041992
26.417224884033203
22.76192855834961
35.75956726074219
34.77882766723633
22.129962921142578
33.64000701904297
27.351486206054688
33.64000701904297
31.933292388916016
28.906757354736328
31.933292388916016
22.508798599243164
27.758440017700195
27.74536895751953
29.03424644470215
26.020273208618164
33.64000701904297
27.351486206054688
33.64000701904297
36.13664245605469
38.66370391845703
36.13664245605469
26.105295181274414
25.141773223876953
31.933292388916016
28.906757354736328
31.933292388916016
31.933292388916016
28.906757354736328
30.997432708740234
28.8702392578125
27.27071189880371
24.283742904663086
35.75956726074219
34.77882766723633
35.75956726074219
30.997432708740234
23.846364974975586
33.34778594970703
29.607101440429688
33.34778594970703
34.81376647949219
27.89776039123535
34.81376647949219
34.81376647949219
35.94715881347656
33.50281524658203
35.94715881347656
35.94715881347656
33.50281524658203
38.37187194824219
28.99981689453125
26.2510986328125
28.85043716430664
27.268028259277344
28.85043716430664
32.06392288208008
35.70741653442383
32.06392288208008
25.740631103515625
24.92461395263672
27.421998977661133
28.094924926757812
29.49824333190918
23.720733642578125
34.72125244140625
30.720712661743164
26.2510986328125
25.97808837890625
24.703350067138672
20.984758377075195
25.111530303955078
25.477563858032227
27.905696868896484
22.08275604248047
21.073535919189453
27.359729766845703
27.359729766845703
27.359729766845703
32.04106903076172
29.58063316345215
32.6009635925293
22.21632957458496
27.359729766845703
27.359729766845703
27.359729766845703
27.359729766845703
27.359729766845703
33.509117126464844
28.060997009277344
27.016918182373047
27.561203002929688
35.94715881347656
33.50281524658203
22.28626251220703
33.724666595458984
31.365488052368164
35.241111755371094
23.312095642089844
21.706453323364258
35.241111755371094
21.706453323364258
35.784156799316406
46.765506744384766
21.706453323364258
21.706453323364258
21.706453323364258
21.706453323364258
28.171741485595703
21.706453323364258
21.706453323364258
21.706453323364258
21.706453323364258
21.706453323364258
21.706453323364258
21.706453323364258
21.706453323364258
21.706453323364258
21.706453323364258
28.549800872802734
31.256189346313477
35.241111755371094
21.706453323364258
21.706453323364258
28.549800872802734
21.706453323364258
21.706453323364258
21.706453323364258
28.549800872802734
21.706453323364258
21.706453323364258
35.85375213623047
21.706453323364258
21.706453323364258
28.549800872802734
33.95663833618164
23.545255661010742
21.706453323364258
21.706453323364258
28.549800872802734
21.706453323364258
21.706453323364258
21.706453323364258
28.549800872802734
21.706453323364258
21.706453323364258
21.706453323364258
21.706453323364258
28.549800872802734
26.994853973388672
21.731494903564453
21.706453323364258
26.340288162231445
23.661849975585938
21.706453323364258
28.549800872802734
21.706453323364258
21.706453323364258
21.706453323364258
21.706453323364258
28.549800872802734
30.43783950805664
22.348926544189453
21.706453323364258
21.706453323364258
28.549800872802734
28.659196853637695
21.706453323364258
21.706453323364258
25.64228630065918
21.126237869262695
35.698970794677734
22.602964401245117
21.706453323364258
21.706453323364258
28.549800872802734
28.18630027770996
28.18630027770996
28.958839416503906
23.624435424804688
28.18630027770996
28.549800872802734
28.18630027770996
28.18630027770996
28.549800872802734
27.892852783203125
27.892852783203125
33.95663833618164
23.110050201416016
27.892852783203125
27.892852783203125
33.514137268066406
26.414703369140625
33.514137268066406
26.181358337402344
28.549800872802734
28.20475196838379
28.20475196838379
30.27954864501953
28.594396591186523
28.549800872802734
28.20475196838379
28.20475196838379
27.568742752075195
27.385486602783203
22.218496322631836
28.20475196838379
33.90245819091797
28.549800872802734
30.43783950805664
21.888301849365234
31.76734161376953
30.297588348388672
28.509437561035156
27.504413604736328
21.330963134765625
30.27954864501953
24.130657196044922
30.636627197265625
31.091398239135742
22.23465347290039
28.509437561035156
21.691492080688477
33.514137268066406
25.113658905029297
22.316598892211914
22.316598892211914
21.966049194335938
22.028602600097656
35.698970794677734
22.632923126220703
21.516401290893555
22.191085815429688
21.8314266204834
28.549800872802734
22.805099487304688
33.514137268066406
22.887714385986328
28.509437561035156
21.966880798339844
21.969566345214844
21.655963897705078
28.64405059814453
22.028602600097656
22.725040435791016
22.018089294433594
22.109615325927734
22.538379669189453
21.725780487060547
28.64405059814453
20.788681030273438
28.64405059814453
28.549800872802734
28.64405059814453
35.698970794677734
25.952964782714844
28.64405059814453
34.45101547241211
20.745975494384766
21.379329681396484
28.64373207092285
34.450416564941406
30.861995697021484
30.968685150146484
34.615692138671875
33.95418930053711
24.803897857666016
24.803897857666016
50.17757034301758
24.803897857666016
33.95418930053711
24.803897857666016
28.10943031311035
26.648723602294922
28.983768463134766
26.995208740234375
35.947174072265625
24.803897857666016
24.803897857666016
24.803897857666016
24.803897857666016
24.803897857666016
24.803897857666016
24.803897857666016
24.803897857666016
41.149505615234375
24.803897857666016
24.803897857666016
24.803897857666016
24.803897857666016
24.803897857666016
24.803897857666016
24.803897857666016
24.803897857666016
24.803897857666016
24.803897857666016
24.803897857666016
24.803897857666016
24.803897857666016
24.803897857666016
24.803897857666016
24.803897857666016
24.803897857666016
24.803897857666016
24.803897857666016
24.803897857666016
24.803897857666016
24.803897857666016
24.803897857666016
24.803897857666016
24.803897857666016
24.803897857666016
24.803897857666016
24.803897857666016
24.803897857666016
24.803897857666016
24.803897857666016
24.803897857666016
24.803897857666016
24.803897857666016
24.803897857666016
24.803897857666016
24.803897857666016
24.803897857666016
24.803897857666016
24.803897857666016
24.803897857666016
24.803897857666016
24.803897857666016
24.803897857666016
24.803897857666016
24.803897857666016
24.803897857666016
24.803897857666016
24.803897857666016
24.803897857666016
24.803897857666016
24.803897857666016
24.803897857666016
24.803897857666016
24.803897857666016
24.803897857666016
24.803897857666016
24.803897857666016
24.803897857666016
24.803897857666016
26.90753936767578
28.287460327148438
22.20893096923828
33.70999526977539
32.12434387207031
35.62321853637695
30.714744567871094
35.62321853637695
30.714744567871094
30.692485809326172
29.695171356201172
29.35517120361328
28.366403579711914
22.667369842529297
32.21647262573242
21.223636627197266
21.83449935913086
28.287460327148438
21.919601440429688
28.060997009277344
27.016918182373047
32.21647262573242
23.799701690673828
28.060997009277344
25.584999084472656
27.131528854370117
25.80936050415039
24.646621704101562
39.3076171875
32.21647262573242
23.1745662689209
21.98890495300293
35.62321853637695
30.714744567871094
25.15161895751953
35.62321853637695
30.714744567871094
25.15161895751953
31.60428237915039
30.113208770751953
29.86665916442871
22.518598556518555
28.060997009277344
27.016918182373047
24.495140075683594
30.113208770751953
29.86665916442871
27.49854278564453
30.113208770751953
29.86665916442871
27.49854278564453
33.29498291015625
32.139896392822266
32.139896392822266
32.139896392822266
27.5260009765625
27.25394630432129
30.113208770751953
29.86665916442871
27.49854278564453
28.060997009277344
27.016918182373047
27.561203002929688
30.113208770751953
29.86665916442871
27.49854278564453
30.113208770751953
27.18060302734375
25.964611053466797
27.648578643798828
27.88608741760254
27.024330139160156
27.360301971435547
21.52523422241211
27.88608741760254
27.024330139160156
35.94715881347656
33.50281524658203
35.94715881347656
35.94715881347656
33.50281524658203
47.261295318603516
24.041751861572266
21.668880462646484
24.900747299194336
29.86665916442871
27.49854278564453
21.073535919189453
30.24459457397461
29.021713256835938
30.24459457397461
26.39055633544922
38.149131774902344
33.02614974975586
27.93549346923828
38.149131774902344
33.02614974975586
38.149131774902344
25.908584594726562
27.758440017700195
27.74536895751953
29.03424644470215
22.63117790222168
28.99981689453125
27.67469024658203
30.720712661743164
26.2510986328125
25.97808837890625
26.2510986328125
28.85043716430664
27.268028259277344
28.85043716430664
28.153045654296875
27.05803680419922
28.153045654296875
28.989723205566406
28.2631778717041
28.989723205566406
27.88608741760254
27.024330139160156
21.488361358642578
28.82612419128418
52.78514862060547
32.06392288208008
35.70741653442383
32.06392288208008
21.58510971069336
24.545486450195312
22.353046417236328
25.111530303955078
27.37938690185547
27.905696868896484
38.149131774902344
33.02614974975586
27.453937530517578
31.738401412963867
32.116493225097656
27.225034713745117
21.9437255859375
27.686580657958984
21.605375289916992
22.35836410522461
28.298851013183594
26.4017276763916
30.373470306396484
32.54587936401367
38.35438537597656
32.1116828918457
30.606861114501953
22.913368225097656
22.366504669189453
21.832012176513672
23.86450958251953
23.43881607055664
29.88901138305664
26.327714920043945
29.88901138305664
26.703676223754883
21.371896743774414
29.49824333190918
27.370399475097656
27.421998977661133
21.945255279541016
27.566612243652344
33.7554931640625
33.23149871826172
25.3629093170166
20.986717224121094
29.409696578979492
27.130882263183594
29.409696578979492
23.162134170532227
30.997432708740234
28.8702392578125
30.997432708740234
30.997432708740234
28.8702392578125
33.275146484375
33.13684844970703
33.275146484375
30.997432708740234
28.8702392578125
30.997432708740234
28.98406219482422
29.106456756591797
29.73894500732422
30.997432708740234
28.8702392578125
27.66136360168457
30.997432708740234
28.8702392578125
30.997432708740234
33.17764663696289
23.46419906616211
33.17764663696289
30.997432708740234
28.8702392578125
30.997432708740234
28.8702392578125
30.997432708740234
27.795467376708984
28.109695434570312
27.785945892333984
27.85251235961914
34.69106674194336
34.35047912597656
33.400394439697266
21.492332458496094
27.06195831298828
22.333450317382812
31.156147003173828
35.75956726074219
34.77882766723633
35.75956726074219
36.13664245605469
38.66370391845703
36.13664245605469
33.64000701904297
27.351486206054688
33.64000701904297
25.472309112548828
32.42869567871094
21.667707443237305
27.89797592163086
32.03895950317383
27.89797592163086
28.92668342590332
30.997432708740234
28.8702392578125
35.62321853637695
30.714744567871094
29.550886154174805
30.997432708740234
28.8702392578125
33.64000701904297
27.351486206054688
33.64000701904297
29.567272186279297
31.933292388916016
28.906757354736328
31.933292388916016
27.758440017700195
27.74536895751953
29.03424644470215
22.040035247802734
31.933292388916016
28.906757354736328
31.933292388916016
31.933292388916016
28.906757354736328
30.997432708740234
28.8702392578125
22.88885498046875
26.749961853027344
33.34778594970703
29.607101440429688
33.34803771972656
21.24325942993164
22.308759689331055
35.75763702392578
34.77892303466797
49.45751953125
31.406766891479492
30.968685150146484
26.993343353271484
30.861995697021484
71.47661590576172
35.241111755371094
37.12548065185547
33.514137268066406
22.01860809326172
27.60163116455078
21.356996536254883
26.994853973388672
31.091398239135742
32.789459228515625
33.95663833618164
36.88097381591797
31.03790855407715
34.6240348815918
27.504413604736328
24.107929229736328
26.994853973388672
28.171741485595703
30.27954864501953
32.50762939453125
35.698970794677734
23.217010498046875
33.514137268066406
21.895605087280273
33.514137268066406
22.47510528564453
21.682605743408203
33.514137268066406
26.426612854003906
27.1809139251709
22.395116806030273
34.45101547241211
22.233566284179688
27.759075164794922
29.566009521484375
38.55110168457031
38.75517272949219
35.698970794677734
21.93414306640625
22.548913955688477
21.824970245361328
35.75633239746094
28.171741485595703
22.499956130981445
28.171741485595703
35.698970794677734
35.698970794677734
26.00421905517578
26.00421905517578
25.847949981689453
26.00421905517578
27.441200256347656
21.913333892822266
33.95663833618164
22.19232749938965
38.57586669921875
54.636512756347656
26.994853973388672
25.74421501159668
26.994853973388672
21.85209846496582
31.832658767700195
70.77586364746094
34.45101547241211
22.004343032836914
22.315906524658203
26.994853973388672
22.062726974487305
30.27954864501953
22.44397735595703
22.44397735595703
22.01807403564453
22.44397735595703
33.514137268066406
22.218496322631836
28.649076461791992
30.592729568481445
34.45101547241211
22.293447494506836
29.566009521484375
22.036304473876953
22.121583938598633
31.091398239135742
23.91191864013672
30.27954864501953
22.183305740356445
22.389497756958008
30.267244338989258
33.51414489746094
22.100418090820312
35.8537483215332
34.45101547241211
30.636627197265625
34.45101547241211
22.774200439453125
22.4239444732666
22.280155181884766
22.4239444732666
22.183305740356445
22.289569854736328
22.580699920654297
22.289569854736328
22.289569854736328
22.289569854736328
22.289569854736328
22.289569854736328
30.441869735717773
22.289569854736328
30.27954864501953
22.19485092163086
22.289569854736328
21.710704803466797
35.698970794677734
22.605060577392578
35.698970794677734
22.415477752685547
22.289569854736328
24.173521041870117
22.289569854736328
22.289569854736328
22.289569854736328
22.580699920654297
22.289569854736328
22.289552688598633
22.289552688598633
22.289552688598633
22.289552688598633
22.289552688598633
22.289552688598633
22.289552688598633
22.289552688598633
22.580659866333008
23.410533905029297
22.289552688598633
22.354896545410156
22.289552688598633
22.045455932617188
22.289552688598633
22.289552688598633
22.507625579833984
22.289552688598633
22.045455932617188
22.580659866333008
26.86113929748535
21.9127197265625
24.423503875732422
22.045455932617188
22.045455932617188
