43.097206115722656
34.09921646118164
34.09921646118164
39.01103973388672
39.01103973388672
39.01103973388672
36.836997985839844
38.02983856201172
49.93709945678711
36.932796478271484
45.28251647949219
47.29732131958008
49.3480110168457
57.18439483642578
35.964027404785156
38.32749557495117
38.146949768066406
38.7789306640625
37.636417388916016
38.37628936767578
38.34124755859375
37.20204162597656
37.20204162597656
37.26177978515625
37.20204162597656
35.6398811340332
37.520957946777344
38.65707015991211
54.3204345703125
39.3369140625
50.165611267089844
54.205745697021484
39.972923278808594
54.20561981201172
94.5194320678711
94.525390625
94.50299072265625
31.193756103515625
54.12278366088867
54.206241607666016
88.84479522705078
94.525390625
39.212181091308594
94.525390625
40.555580139160156
94.525390625
94.525390625
94.525390625
94.525390625
94.525390625
94.525390625
94.525390625
94.525390625
94.525390625
94.525390625
94.525390625
94.525390625
94.525390625
94.525390625
94.525390625
94.525390625
94.525390625
94.525390625
54.19435119628906
54.15463638305664
54.149017333984375
54.21562576293945
49.95111083984375
54.175743103027344
54.20564270019531
54.224308013916016
39.38808059692383
35.05134582519531
35.05134582519531
35.856510162353516
51.865379333496094
41.386165618896484
41.67203903198242
35.83393096923828
41.46635818481445
41.67203903198242
35.18813705444336
41.467491149902344
37.677001953125
38.96023178100586
32.14519119262695
31.762022018432617
36.25430679321289
42.80198669433594
42.80198669433594
30.235218048095703
30.381742477416992
30.43536376953125
37.17382049560547
37.17382049560547
36.25430679321289
42.228515625
30.999765396118164
36.08649826049805
30.717050552368164
58.57220458984375
32.936702728271484
36.932796478271484
40.18843460083008
40.586944580078125
37.2697639465332
41.67203903198242
41.424903869628906
35.81300735473633
41.33037185668945
41.449485778808594
41.26032257080078
41.449485778808594
38.03216552734375
43.85963821411133
38.48926544189453
39.8249626159668
38.59002685546875
40.452239990234375
44.700958251953125
41.62600326538086
43.609127044677734
44.44039535522461
38.82448959350586
39.765716552734375
35.69353485107422
37.8555908203125
50.996456146240234
31.90074920654297
37.415924072265625
45.26310729980469
37.43361282348633
31.95758628845215
32.77232360839844
34.859561920166016
33.20901870727539
34.04118347167969
44.17826461791992
33.54757308959961
48.96774673461914
33.29704284667969
32.39579772949219
37.42461013793945
34.75508499145508
33.06732177734375
32.153564453125
30.667850494384766
33.64593505859375
32.919715881347656
32.919715881347656
32.919715881347656
33.64593505859375
33.64593505859375
44.379241943359375
44.379241943359375
35.56477737426758
35.56477737426758
33.64593505859375
44.136863708496094
46.46632766723633
35.009151458740234
32.8495979309082
32.919715881347656
31.552162170410156
45.597774505615234
42.82237243652344
31.66731071472168
31.865617752075195
33.69155502319336
31.73847007751465
32.8495979309082
31.89084815979004
31.761829376220703
31.421558380126953
33.06732177734375
33.06732177734375
33.06732177734375
34.859561920166016
33.59517288208008
36.33766174316406
35.8377799987793
33.64593505859375
31.841064453125
30.667850494384766
30.667850494384766
33.64593505859375
48.62824249267578
48.77137756347656
50.82741165161133
33.06732177734375
34.859561920166016
35.6596565246582
33.06732177734375
32.8495979309082
32.144805908203125
33.797523498535156
33.55880355834961
33.80412673950195
34.859561920166016
33.188209533691406
50.79125213623047
33.436092376708984
43.14763259887695
32.458213806152344
44.037410736083984
32.63322448730469
32.095184326171875
37.5367317199707
34.859561920166016
33.06732177734375
33.13758850097656
34.61420822143555
34.395015716552734
41.80245590209961
41.373905181884766
32.298587799072266
34.859561920166016
31.905963897705078
34.6263542175293
42.22886657714844
37.71965026855469
41.55973815917969
42.2107048034668
39.804500579833984
37.40515899658203
42.054325103759766
41.605262756347656
38.44026565551758
40.586944580078125
38.164085388183594
43.80919647216797
44.44039535522461
45.26310729980469
37.43361282348633
37.415924072265625
37.43361282348633
37.8555908203125
35.69353485107422
37.8555908203125
32.91969299316406
32.96131134033203
31.883134841918945
39.765716552734375
38.82448959350586
39.765716552734375
47.483009338378906
45.597774505615234
60.25531768798828
36.03744125366211
35.211639404296875
36.03744125366211
31.914276123046875
36.03744125366211
35.211639404296875
36.03744125366211
32.097412109375
36.14226531982422
34.24599838256836
30.64360809326172
41.02894592285156
41.12892150878906
41.66939926147461
40.782711029052734
36.97770309448242
40.782711029052734
40.782711029052734
36.97770309448242
30.05860710144043
38.054325103759766
35.44337844848633
38.054325103759766
52.92396926879883
52.5391845703125
52.80678176879883
51.66605758666992
52.432464599609375
39.65032196044922
35.748722076416016
39.65032196044922
39.55296325683594
43.296173095703125
39.55296325683594
47.44524002075195
31.958101272583008
43.06412887573242
39.96168899536133
34.063228607177734
35.56477737426758
35.56477737426758
35.56477737426758
44.379241943359375
44.379241943359375
44.379241943359375
44.379241943359375
35.56477737426758
44.379241943359375
35.56477737426758
35.56477737426758
35.56477737426758
35.56477737426758
44.379241943359375
44.379241943359375
44.379241943359375
30.29471778869629
33.56974411010742
38.054325103759766
35.44337844848633
38.054325103759766
50.13146209716797
33.035579681396484
40.782711029052734
36.97770309448242
40.782711029052734
44.62088394165039
40.782711029052734
36.97770309448242
41.38089370727539
40.77073287963867
41.38089370727539
33.38530731201172
35.845367431640625
37.18134307861328
37.18134307861328
31.89897918701172
40.782711029052734
36.97770309448242
40.782711029052734
36.97770309448242
40.782711029052734
38.4042854309082
32.43204116821289
31.139732360839844
43.75215148925781
42.618350982666016
31.359329223632812
40.93476867675781
37.76622772216797
40.93476867675781
38.505374908447266
39.071990966796875
38.505374908447266
32.65813446044922
37.529998779296875
35.548667907714844
37.551658630371094
32.5528564453125
40.93476867675781
37.76622772216797
40.93476867675781
44.235816955566406
42.80198669433594
44.235816955566406
37.90332794189453
32.43401336669922
38.505374908447266
39.071990966796875
38.505374908447266
38.505374908447266
39.071990966796875
40.782711029052734
36.97770309448242
33.14936065673828
32.95416259765625
43.75215148925781
42.618350982666016
43.75215148925781
40.782711029052734
31.100828170776367
40.204776763916016
36.01996612548828
40.204776763916016
38.9445686340332
33.91400146484375
38.9445686340332
38.9445686340332
46.46632766723633
44.136863708496094
46.46632766723633
46.46632766723633
44.136863708496094
38.89689254760742
35.302955627441406
36.09941101074219
36.09089660644531
36.020965576171875
36.09089660644531
42.82237243652344
45.597774505615234
42.82237243652344
33.24738693237305
33.875301361083984
35.81508255004883
34.92717742919922
36.132991790771484
32.9720344543457
35.208927154541016
36.176002502441406
36.09941101074219
36.30551528930664
32.31847381591797
30.06256103515625
35.8377799987793
35.35634994506836
38.224403381347656
31.444114685058594
29.94965171813965
35.56477737426758
35.56477737426758
35.56477737426758
37.92641067504883
39.19706726074219
41.33586883544922
30.911550521850586
35.56477737426758
35.56477737426758
35.56477737426758
35.56477737426758
35.56477737426758
36.25430679321289
34.65390396118164
34.30178451538086
32.73487091064453
46.46632766723633
44.136863708496094
30.477771759033203
36.68195724487305
36.1781005859375
45.505794525146484
32.936767578125
48.879798889160156
45.505794525146484
48.879798889160156
53.21647262573242
58.25432205200195
48.879798889160156
48.879798889160156
48.879798889160156
48.879798889160156
36.67924880981445
48.879798889160156
48.879798889160156
48.879798889160156
48.879798889160156
48.879798889160156
48.879798889160156
48.879798889160156
48.879798889160156
48.879798889160156
48.879798889160156
34.98630905151367
52.73303985595703
45.505794525146484
48.879798889160156
48.879798889160156
34.98630905151367
48.879798889160156
48.879798889160156
48.879798889160156
34.98630905151367
48.879798889160156
48.879798889160156
36.07146453857422
48.879798889160156
48.879798889160156
34.98630905151367
42.49821472167969
33.17425537109375
48.879798889160156
48.879798889160156
34.98630905151367
48.879798889160156
48.879798889160156
48.879798889160156
34.98630905151367
48.879798889160156
48.879798889160156
48.879798889160156
48.879798889160156
34.98630905151367
36.164085388183594
31.889423370361328
48.879798889160156
34.26934814453125
33.7358283996582
48.879798889160156
34.98630905151367
48.879798889160156
48.879798889160156
48.879798889160156
48.879798889160156
34.98630905151367
39.28481674194336
32.731651306152344
48.879798889160156
48.879798889160156
34.98630905151367
31.335086822509766
48.879798889160156
48.879798889160156
33.32387161254883
31.385189056396484
43.79174041748047
31.884586334228516
48.879798889160156
48.879798889160156
34.98630905151367
37.706207275390625
37.706207275390625
39.98414993286133
31.42578125
37.706207275390625
34.98630905151367
37.706207275390625
37.706207275390625
34.98630905151367
37.05360412597656
37.05360412597656
42.49821472167969
32.71049118041992
37.05360412597656
37.05360412597656
42.32796096801758
32.926025390625
42.32796096801758
32.52998352050781
34.98630905151367
36.73556900024414
36.73556900024414
40.75785827636719
33.26362609863281
34.98630905151367
36.73556900024414
36.73556900024414
37.93423080444336
32.697452545166016
31.214344024658203
36.73556900024414
37.89385986328125
34.98630905151367
39.28481674194336
32.03952407836914
36.245445251464844
36.656288146972656
36.51012420654297
38.194725036621094
31.329540252685547
40.75785827636719
31.620882034301758
36.932796478271484
35.591575622558594
31.016122817993164
36.51012420654297
30.41611099243164
42.32796096801758
31.95155143737793
31.028518676757812
31.028518676757812
30.811880111694336
31.10713005065918
43.79174041748047
31.295814514160156
30.752586364746094
31.211639404296875
30.757892608642578
34.98630905151367
31.16083526611328
42.32796096801758
32.61562728881836
36.51012420654297
30.959659576416016
31.194971084594727
30.987171173095703
36.29033279418945
31.10713005065918
31.254514694213867
31.13338851928711
30.970752716064453
30.99032211303711
30.849876403808594
36.29033279418945
30.37257194519043
36.29033279418945
34.98630905151367
36.29033279418945
43.79174041748047
32.04970169067383
36.29033279418945
41.925636291503906
30.292465209960938
30.722028732299805
36.28995895385742
41.92510223388672
37.796844482421875
37.88827896118164
36.134708404541016
36.03154754638672
35.66714096069336
35.66714096069336
52.435237884521484
35.66714096069336
36.03154754638672
35.66714096069336
35.14210891723633
34.70321273803711
34.251495361328125
32.414302825927734
43.00315475463867
35.66714096069336
35.66714096069336
35.66714096069336
35.66714096069336
35.66714096069336
35.66714096069336
35.66714096069336
35.66714096069336
38.80631637573242
35.66714096069336
35.66714096069336
35.66714096069336
35.66714096069336
35.66714096069336
35.66714096069336
35.66714096069336
35.66714096069336
35.66714096069336
35.66714096069336
35.66714096069336
35.66714096069336
35.66714096069336
35.66714096069336
35.66714096069336
35.66714096069336
35.66714096069336
35.66714096069336
35.66714096069336
35.66714096069336
35.66714096069336
35.66714096069336
35.66714096069336
35.66714096069336
35.66714096069336
35.66714096069336
35.66714096069336
35.66714096069336
35.66714096069336
35.66714096069336
35.66714096069336
35.66714096069336
35.66714096069336
35.66714096069336
35.66714096069336
35.66714096069336
35.66714096069336
35.66714096069336
35.66714096069336
35.66714096069336
35.66714096069336
35.66714096069336
35.66714096069336
35.66714096069336
35.66714096069336
35.66714096069336
35.66714096069336
35.66714096069336
35.66714096069336
35.66714096069336
35.66714096069336
35.66714096069336
35.66714096069336
35.66714096069336
35.66714096069336
35.66714096069336
35.66714096069336
35.66714096069336
35.66714096069336
35.66714096069336
34.53219223022461
36.372127532958984
32.58626174926758
42.228515625
38.32632064819336
38.15689468383789
35.57783889770508
38.15689468383789
35.57783889770508
52.73784637451172
52.83827209472656
52.44820022583008
50.06855010986328
31.884477615356445
40.17237854003906
31.36320686340332
31.476078033447266
36.372127532958984
32.29026794433594
34.65390396118164
34.30178451538086
40.17237854003906
32.046756744384766
34.65390396118164
31.84363555908203
35.399566650390625
34.27250289916992
32.061641693115234
36.350521087646484
40.17237854003906
32.02804946899414
29.986614227294922
38.15689468383789
35.57783889770508
32.20066833496094
38.15689468383789
35.57783889770508
32.20066833496094
34.45185852050781
38.50825500488281
37.709293365478516
32.295040130615234
34.65390396118164
34.30178451538086
31.76333999633789
38.50825500488281
37.709293365478516
33.161285400390625
38.50825500488281
37.709293365478516
33.161285400390625
37.486412048339844
37.17382049560547
37.17382049560547
37.17382049560547
37.88199234008789
37.599796295166016
38.50825500488281
37.709293365478516
33.161285400390625
34.65390396118164
34.30178451538086
32.73487091064453
38.50825500488281
37.709293365478516
33.161285400390625
38.50825500488281
35.77366638183594
34.25041961669922
34.642757415771484
34.554561614990234
34.56394577026367
35.455081939697266
30.610258102416992
34.554561614990234
34.56394577026367
46.46632766723633
44.136863708496094
46.46632766723633
46.46632766723633
44.136863708496094
65.79654693603516
33.630332946777344
30.43050765991211
32.91543960571289
37.709293365478516
33.161285400390625
29.94965171813965
37.853118896484375
37.55814743041992
37.853118896484375
34.01215744018555
43.21541976928711
40.93294143676758
34.351863861083984
43.21541976928711
40.93294143676758
43.21541976928711
34.21408462524414
37.529998779296875
35.548667907714844
37.551658630371094
31.30518913269043
35.302955627441406
34.326988220214844
36.176002502441406
36.09941101074219
36.30551528930664
36.09941101074219
36.09089660644531
36.020965576171875
36.09089660644531
37.8555908203125
35.69353485107422
37.8555908203125
39.765716552734375
38.82448959350586
39.765716552734375
34.554561614990234
34.56394577026367
30.483734130859375
35.667938232421875
51.33858871459961
42.82237243652344
45.597774505615234
42.82237243652344
31.595993041992188
34.076290130615234
30.952634811401367
35.8377799987793
37.920379638671875
38.224403381347656
43.21541976928711
40.93294143676758
43.74380111694336
38.02873611450195
38.76322937011719
35.366764068603516
31.975566864013672
49.74392318725586
30.02941131591797
32.34197235107422
38.73986053466797
35.97811508178711
40.173309326171875
41.923038482666016
43.269691467285156
40.63569259643555
51.138919830322266
31.538068771362305
30.64103126525879
30.732074737548828
31.930147171020508
32.12024688720703
38.054325103759766
35.44337844848633
38.054325103759766
35.12199020385742
29.89234733581543
36.132991790771484
35.96535110473633
35.81508255004883
31.30411148071289
45.25132369995117
41.80245590209961
41.373905181884766
33.12956619262695
31.132232666015625
36.03744125366211
35.211639404296875
36.03744125366211
32.2680778503418
40.782711029052734
36.97770309448242
40.782711029052734
40.782711029052734
36.97770309448242
42.458683013916016
42.298885345458984
42.458683013916016
40.782711029052734
36.97770309448242
40.782711029052734
36.49995040893555
35.13350296020508
36.70970916748047
40.782711029052734
36.97770309448242
45.18558883666992
40.782711029052734
36.97770309448242
40.782711029052734
37.13068389892578
31.15604591369629
37.13068389892578
40.782711029052734
36.97770309448242
40.782711029052734
36.97770309448242
40.782711029052734
44.925941467285156
34.13446044921875
33.932987213134766
33.938899993896484
45.26310729980469
43.688777923583984
43.53390884399414
31.759044647216797
46.571861267089844
31.681201934814453
36.21987533569336
43.75215148925781
42.618350982666016
43.75215148925781
44.235816955566406
42.80198669433594
44.235816955566406
40.93476867675781
37.76622772216797
40.93476867675781
33.992923736572266
43.571571350097656
31.92791175842285
35.02136993408203
35.07280731201172
35.02136993408203
49.278900146484375
40.782711029052734
36.97770309448242
38.15689468383789
35.57783889770508
36.2367057800293
40.782711029052734
36.97770309448242
40.93476867675781
37.76622772216797
40.93476867675781
43.127845764160156
38.505374908447266
39.071990966796875
38.505374908447266
37.529998779296875
35.548667907714844
37.551658630371094
31.388498306274414
38.505374908447266
39.071990966796875
38.505374908447266
38.505374908447266
39.071990966796875
40.782711029052734
36.97770309448242
30.33189582824707
34.9981575012207
40.204776763916016
36.01996612548828
40.20492935180664
29.83228302001953
31.68851089477539
43.7508659362793
42.618534088134766
53.18093490600586
36.17086410522461
37.88827896118164
37.89190673828125
37.796844482421875
60.05150604248047
45.505794525146484
36.40184020996094
42.32796096801758
32.00773620605469
35.885833740234375
31.499652862548828
36.164085388183594
35.591575622558594
46.16830825805664
42.49821472167969
50.59572219848633
45.765010833740234
48.62201690673828
38.194725036621094
33.92908477783203
36.164085388183594
36.67924880981445
40.75785827636719
45.01877212524414
43.79174041748047
31.392881393432617
42.32796096801758
31.816265106201172
42.32796096801758
31.1779727935791
30.769807815551758
42.32796096801758
33.312259674072266
34.28999710083008
31.022306442260742
41.925636291503906
32.01710510253906
42.62565612792969
37.21159744262695
39.906654357910156
39.91975784301758
43.79174041748047
31.500463485717773
32.138187408447266
30.886436462402344
52.579383850097656
36.67924880981445
31.607080459594727
36.67924880981445
43.79174041748047
43.79174041748047
32.0607795715332
32.0607795715332
32.404541015625
32.0607795715332
36.51725387573242
31.058349609375
42.49821472167969
32.16840744018555
41.06007385253906
55.04934310913086
36.164085388183594
32.70482635498047
36.164085388183594
30.87444305419922
34.43274688720703
64.76513671875
41.925636291503906
31.58180809020996
31.089195251464844
36.164085388183594
30.887121200561523
40.75785827636719
31.62065887451172
31.62065887451172
31.39386749267578
31.62065887451172
42.32796096801758
31.214344024658203
36.21537780761719
37.2706298828125
41.925636291503906
31.163673400878906
37.21159744262695
31.342037200927734
30.935882568359375
35.591575622558594
33.33893585205078
40.75785827636719
31.537513732910156
30.781862258911133
35.28342056274414
42.32796096801758
30.5722713470459
36.07146453857422
41.925636291503906
36.932796478271484
41.925636291503906
31.054880142211914
31.088924407958984
31.232091903686523
31.088924407958984
31.537513732910156
31.539840698242188
31.337356567382812
31.539840698242188
31.539840698242188
31.539840698242188
31.539840698242188
31.539840698242188
37.542781829833984
31.539840698242188
40.75785827636719
31.497962951660156
31.539840698242188
30.712799072265625
43.79174041748047
30.956645965576172
43.79174041748047
30.67656135559082
31.539840698242188
31.80543327331543
31.539840698242188
31.539840698242188
31.539840698242188
31.337356567382812
31.539840698242188
31.53957748413086
31.53957748413086
31.53957748413086
31.53957748413086
31.53957748413086
31.53957748413086
31.53957748413086
31.53957748413086
31.337242126464844
31.05376434326172
31.53957748413086
30.83603286743164
31.53957748413086
30.843486785888672
31.53957748413086
31.53957748413086
30.852582931518555
31.53957748413086
30.843486785888672
31.337242126464844
33.957435607910156
30.87997055053711
32.1703987121582
30.843486785888672
30.843486785888672
