41.72483444213867
24.913917541503906
24.913917541503906
31.477794647216797
31.477794647216797
31.477794647216797
30.062971115112305
34.31911849975586
39.86115646362305
28.59994125366211
31.41756248474121
35.87220001220703
39.0617790222168
47.46919250488281
30.834535598754883
28.724924087524414
28.775278091430664
29.95257568359375
27.67106056213379
29.692155838012695
29.095563888549805
33.03960037231445
33.03960037231445
28.614530563354492
33.03960037231445
28.508535385131836
29.784130096435547
37.41404724121094
31.27548599243164
41.881019592285156
36.09461212158203
30.64905548095703
37.57478332519531
30.61380386352539
41.451759338378906
39.29669952392578
39.90440368652344
19.4677677154541
29.75812530517578
30.618127822875977
41.20537567138672
39.29669952392578
38.91510772705078
39.29669952392578
35.64082336425781
39.29669952392578
39.29669952392578
39.29669952392578
39.29669952392578
39.29669952392578
39.29669952392578
39.29669952392578
39.29669952392578
39.29669952392578
39.29669952392578
39.29669952392578
39.29669952392578
39.29669952392578
39.29669952392578
39.29669952392578
39.29669952392578
39.29669952392578
39.29669952392578
30.472885131835938
30.681400299072266
30.639450073242188
30.614913940429688
36.12638473510742
30.747051239013672
30.728519439697266
30.720746994018555
41.492393493652344
28.52625846862793
28.52625846862793
24.486717224121094
42.163108825683594
32.62068557739258
31.874670028686523
24.91975975036621
31.89838981628418
31.874670028686523
24.75284767150879
31.461231231689453
26.011537551879883
28.7817440032959
21.187911987304688
19.505550384521484
32.6256103515625
37.15904235839844
37.15904235839844
17.876413345336914
18.10106658935547
17.565425872802734
30.742469787597656
30.742469787597656
32.6256103515625
30.470474243164062
18.302560806274414
30.910701751708984
18.6234073638916
62.85862350463867
23.005311965942383
28.59994125366211
33.992958068847656
31.63315773010254
29.256759643554688
31.874670028686523
32.45508575439453
21.539369583129883
31.621793746948242
32.85887908935547
32.17384338378906
32.85887908935547
29.04432487487793
36.601741790771484
28.864505767822266
30.858535766601562
27.623550415039062
33.792179107666016
40.729103088378906
34.68696212768555
36.31571960449219
31.146894454956055
25.33805274963379
25.92005729675293
24.755168914794922
25.21229362487793
25.26729965209961
21.18851089477539
26.301158905029297
32.575355529785156
26.28683090209961
17.79728126525879
19.407794952392578
26.72011375427246
19.773332595825195
20.851768493652344
25.604686737060547
20.641765594482422
28.58081817626953
24.015674591064453
21.01630210876465
32.548179626464844
25.64232063293457
23.184524536132812
19.722084045410156
20.161361694335938
26.78246307373047
24.481842041015625
24.481842041015625
24.481842041015625
26.78246307373047
26.78246307373047
33.41972351074219
33.41972351074219
24.676658630371094
24.676658630371094
26.78246307373047
30.512033462524414
33.971534729003906
23.492694854736328
22.259183883666992
24.481842041015625
18.85076904296875
34.06084442138672
29.13811492919922
18.292390823364258
19.688823699951172
21.485666275024414
19.60116195678711
22.259183883666992
19.83919906616211
19.45977020263672
23.118053436279297
23.184524536132812
23.184524536132812
23.184524536132812
26.72011375427246
21.229248046875
22.979028701782227
22.49763298034668
26.78246307373047
19.309650421142578
20.161361694335938
20.161361694335938
26.78246307373047
26.191547393798828
26.296350479125977
24.031869888305664
23.184524536132812
26.72011375427246
27.439178466796875
23.184524536132812
22.259183883666992
18.731590270996094
23.46005630493164
23.86277961730957
24.42458152770996
26.72011375427246
22.60333251953125
24.402952194213867
22.95952796936035
27.942394256591797
21.375139236450195
25.704784393310547
23.219388961791992
19.279531478881836
30.725929260253906
26.72011375427246
23.184524536132812
19.575481414794922
26.31330108642578
24.587594985961914
31.667055130004883
30.93220329284668
20.634794235229492
26.72011375427246
20.03919219970703
29.339141845703125
34.0042724609375
28.87215805053711
32.93541717529297
33.26316833496094
31.227638244628906
30.134920120239258
32.938716888427734
33.28376007080078
30.65113639831543
31.63315773010254
28.092662811279297
35.64942932128906
31.146894454956055
32.575355529785156
26.28683090209961
26.301158905029297
26.28683090209961
25.21229362487793
24.755168914794922
25.21229362487793
20.265384674072266
20.395105361938477
20.296369552612305
25.92005729675293
25.33805274963379
25.92005729675293
35.07708740234375
34.06084442138672
49.73334503173828
27.003204345703125
24.33429527282715
27.003204345703125
19.196447372436523
27.003204345703125
24.33429527282715
27.003204345703125
20.978322982788086
28.839771270751953
23.583879470825195
19.246862411499023
30.747846603393555
28.689685821533203
28.004493713378906
27.919025421142578
26.143272399902344
27.919025421142578
27.919025421142578
26.143272399902344
17.393388748168945
27.06285858154297
23.60295295715332
27.06285858154297
25.782804489135742
25.721160888671875
24.233577728271484
25.275043487548828
24.090059280395508
26.640321731567383
23.439836502075195
26.640321731567383
32.079620361328125
35.22074890136719
32.079620361328125
23.62495231628418
22.3518009185791
30.21642303466797
26.207752227783203
22.38106346130371
24.676658630371094
24.676658630371094
24.676658630371094
33.41972351074219
33.41972351074219
33.41972351074219
33.41972351074219
24.676658630371094
33.41972351074219
24.676658630371094
24.676658630371094
24.676658630371094
24.676658630371094
33.41972351074219
33.41972351074219
33.41972351074219
18.34755516052246
21.44521713256836
27.06285858154297
23.60295295715332
27.06285858154297
23.75804901123047
23.716108322143555
27.919025421142578
26.143272399902344
27.919025421142578
22.795076370239258
27.919025421142578
26.143272399902344
31.1768856048584
30.60159683227539
31.1768856048584
21.464569091796875
30.346921920776367
33.516334533691406
33.516334533691406
21.347938537597656
27.919025421142578
26.143272399902344
27.919025421142578
26.143272399902344
27.919025421142578
22.456867218017578
24.27995491027832
20.026187896728516
32.65943908691406
32.28925323486328
19.002958297729492
31.008342742919922
24.720462799072266
31.008342742919922
29.872722625732422
26.068435668945312
29.872722625732422
18.93828773498535
24.731693267822266
25.51907730102539
26.20309066772461
23.870210647583008
31.008342742919922
24.720462799072266
31.008342742919922
34.305782318115234
37.15904235839844
34.305782318115234
23.569326400756836
23.162641525268555
29.872722625732422
26.068435668945312
29.872722625732422
29.872722625732422
26.068435668945312
27.919025421142578
26.143272399902344
25.53744125366211
21.367143630981445
32.65943908691406
32.28925323486328
32.65943908691406
27.919025421142578
21.52740478515625
31.197227478027344
28.28990936279297
31.197227478027344
34.0565185546875
26.281558990478516
34.0565185546875
34.0565185546875
33.971534729003906
30.512033462524414
33.971534729003906
33.971534729003906
30.512033462524414
39.17504119873047
27.17873764038086
23.505428314208984
26.332260131835938
24.505313873291016
26.332260131835938
29.13811492919922
34.06084442138672
29.13811492919922
23.38434600830078
21.830142974853516
24.625389099121094
25.641559600830078
27.190505981445312
20.78139305114746
34.84333038330078
28.78407859802246
23.505428314208984
23.208093643188477
22.488231658935547
17.766584396362305
22.49763298034668
22.853776931762695
25.02447509765625
19.139589309692383
18.02914810180664
24.676658630371094
24.676658630371094
24.676658630371094
30.46075439453125
26.933956146240234
30.568798065185547
19.38332748413086
24.676658630371094
24.676658630371094
24.676658630371094
24.676658630371094
24.676658630371094
32.6256103515625
26.319263458251953
24.86088752746582
26.187320709228516
33.971534729003906
30.512033462524414
19.45604705810547
32.45387649536133
29.365161895751953
32.9760627746582
19.898958206176758
14.340213775634766
32.9760627746582
14.340213775634766
33.81153106689453
43.99773406982422
14.340213775634766
14.340213775634766
14.340213775634766
14.340213775634766
25.145565032958984
14.340213775634766
14.340213775634766
14.340213775634766
14.340213775634766
14.340213775634766
14.340213775634766
14.340213775634766
14.340213775634766
14.340213775634766
14.340213775634766
25.63413429260254
27.70099639892578
32.9760627746582
14.340213775634766
14.340213775634766
25.63413429260254
14.340213775634766
14.340213775634766
14.340213775634766
25.63413429260254
14.340213775634766
14.340213775634766
35.419464111328125
14.340213775634766
14.340213775634766
25.63413429260254
31.67981719970703
20.263246536254883
14.340213775634766
14.340213775634766
25.63413429260254
14.340213775634766
14.340213775634766
14.340213775634766
25.63413429260254
14.340213775634766
14.340213775634766
14.340213775634766
14.340213775634766
25.63413429260254
24.1309814453125
18.383056640625
14.340213775634766
23.968027114868164
20.21236801147461
14.340213775634766
25.63413429260254
14.340213775634766
14.340213775634766
14.340213775634766
14.340213775634766
25.63413429260254
27.355587005615234
18.794170379638672
14.340213775634766
14.340213775634766
25.63413429260254
28.473770141601562
14.340213775634766
14.340213775634766
23.25155258178711
17.6235294342041
32.962432861328125
18.995054244995117
14.340213775634766
14.340213775634766
25.63413429260254
24.848388671875
24.848388671875
26.248781204223633
21.091110229492188
24.848388671875
25.63413429260254
24.848388671875
24.848388671875
25.63413429260254
24.658912658691406
24.658912658691406
31.67981719970703
19.976322174072266
24.658912658691406
24.658912658691406
30.50576400756836
24.186527252197266
30.50576400756836
24.337371826171875
25.63413429260254
25.243972778320312
25.243972778320312
27.26628875732422
27.775257110595703
25.63413429260254
25.243972778320312
25.243972778320312
24.926860809326172
26.259185791015625
18.816543579101562
25.243972778320312
32.747901916503906
25.63413429260254
27.355587005615234
18.534006118774414
30.508176803588867
28.894411087036133
25.79488754272461
24.626953125
17.931943893432617
27.26628875732422
22.06250762939453
28.59994125366211
29.652935028076172
18.914249420166016
25.79488754272461
19.018638610839844
30.50576400756836
22.956748962402344
19.2626895904541
19.2626895904541
18.65166473388672
18.566347122192383
32.962432861328125
19.471837997436523
18.56363868713379
18.822650909423828
18.5479679107666
25.63413429260254
19.67659568786621
30.50576400756836
19.683748245239258
25.79488754272461
18.530561447143555
18.512617111206055
18.13661766052246
26.109582901000977
18.566347122192383
19.50320053100586
19.235126495361328
18.8870906829834
19.380149841308594
18.82617950439453
26.109582901000977
17.68584442138672
26.109582901000977
25.63413429260254
26.109582901000977
32.962432861328125
24.3845157623291
26.109582901000977
32.48028564453125
17.425228118896484
18.038558959960938
26.109163284301758
32.479652404785156
28.184032440185547
28.427101135253906
34.365028381347656
33.19859313964844
20.71335220336914
20.71335220336914
49.893672943115234
20.71335220336914
33.19859313964844
20.71335220336914
25.827381134033203
23.96392059326172
27.503562927246094
25.921443939208984
35.37952423095703
20.71335220336914
20.71335220336914
20.71335220336914
20.71335220336914
20.71335220336914
20.71335220336914
20.71335220336914
20.71335220336914
41.95461654663086
20.71335220336914
20.71335220336914
20.71335220336914
20.71335220336914
20.71335220336914
20.71335220336914
20.71335220336914
20.71335220336914
20.71335220336914
20.71335220336914
20.71335220336914
20.71335220336914
20.71335220336914
20.71335220336914
20.71335220336914
20.71335220336914
20.71335220336914
20.71335220336914
20.71335220336914
20.71335220336914
20.71335220336914
20.71335220336914
20.71335220336914
20.71335220336914
20.71335220336914
20.71335220336914
20.71335220336914
20.71335220336914
20.71335220336914
20.71335220336914
20.71335220336914
20.71335220336914
20.71335220336914
20.71335220336914
20.71335220336914
20.71335220336914
20.71335220336914
20.71335220336914
20.71335220336914
20.71335220336914
20.71335220336914
20.71335220336914
20.71335220336914
20.71335220336914
20.71335220336914
20.71335220336914
20.71335220336914
20.71335220336914
20.71335220336914
20.71335220336914
20.71335220336914
20.71335220336914
20.71335220336914
20.71335220336914
20.71335220336914
20.71335220336914
20.71335220336914
20.71335220336914
20.71335220336914
20.71335220336914
24.796875
25.95086669921875
18.51239585876465
30.470474243164062
29.874561309814453
34.37569808959961
28.864255905151367
34.37569808959961
28.864255905151367
24.9681339263916
23.678972244262695
23.496171951293945
23.666141510009766
19.115001678466797
29.36939239501953
17.761262893676758
18.738773345947266
25.95086669921875
18.292577743530273
26.319263458251953
24.86088752746582
29.36939239501953
21.24579620361328
26.319263458251953
23.791213989257812
24.590835571289062
23.657508850097656
22.142009735107422
40.407554626464844
29.36939239501953
20.251745223999023
19.548227310180664
34.37569808959961
28.864255905151367
22.845060348510742
34.37569808959961
28.864255905151367
22.845060348510742
31.348173141479492
27.51866912841797
27.630220413208008
19.078407287597656
26.319263458251953
24.86088752746582
22.030364990234375
27.51866912841797
27.630220413208008
26.081501007080078
27.51866912841797
27.630220413208008
26.081501007080078
31.349872589111328
30.742469787597656
30.742469787597656
30.742469787597656
24.8582763671875
24.599925994873047
27.51866912841797
27.630220413208008
26.081501007080078
26.319263458251953
24.86088752746582
26.187320709228516
27.51866912841797
27.630220413208008
26.081501007080078
27.51866912841797
24.724559783935547
23.632198333740234
25.499897003173828
25.67922019958496
24.53328514099121
24.574859619140625
18.460308074951172
25.67922019958496
24.53328514099121
33.971534729003906
30.512033462524414
33.971534729003906
33.971534729003906
30.512033462524414
43.91889953613281
20.74843406677246
18.632633209228516
22.306400299072266
27.630220413208008
26.081501007080078
18.02914810180664
28.03441619873047
26.486562728881836
28.03441619873047
24.377796173095703
35.70048522949219
30.28752326965332
25.5731258392334
35.70048522949219
30.28752326965332
35.70048522949219
23.140579223632812
24.731693267822266
25.51907730102539
26.20309066772461
19.57354736328125
27.17873764038086
25.531970977783203
28.78407859802246
23.505428314208984
23.208093643188477
23.505428314208984
26.332260131835938
24.505313873291016
26.332260131835938
25.21229362487793
24.755168914794922
25.21229362487793
25.92005729675293
25.33805274963379
25.92005729675293
25.67922019958496
24.53328514099121
18.333999633789062
27.06873321533203
54.07638931274414
29.13811492919922
34.06084442138672
29.13811492919922
18.272932052612305
21.278772354125977
19.418731689453125
22.49763298034668
24.585290908813477
25.02447509765625
35.70048522949219
30.28752326965332
23.661373138427734
29.550338745117188
30.00751495361328
24.930404663085938
18.446247100830078
22.872243881225586
18.797260284423828
18.90457534790039
25.620389938354492
23.830978393554688
27.991958618164062
29.223159790039062
37.23756790161133
29.12026596069336
25.455326080322266
20.069419860839844
19.68331527709961
18.738876342773438
21.425674438476562
20.662006378173828
27.06285858154297
23.60295295715332
27.06285858154297
23.945331573486328
18.34613037109375
27.190505981445312
24.63034439086914
24.625389099121094
18.702058792114258
23.344406127929688
31.667055130004883
30.93220329284668
23.202728271484375
17.45384407043457
27.003204345703125
24.33429527282715
27.003204345703125
20.466678619384766
27.919025421142578
26.143272399902344
27.919025421142578
27.919025421142578
26.143272399902344
30.99842071533203
30.837596893310547
30.99842071533203
27.919025421142578
26.143272399902344
27.919025421142578
26.43019676208496
27.647659301757812
27.703475952148438
27.919025421142578
26.143272399902344
23.009353637695312
27.919025421142578
26.143272399902344
27.919025421142578
32.2328987121582
20.952194213867188
32.2328987121582
27.919025421142578
26.143272399902344
27.919025421142578
26.143272399902344
27.919025421142578
23.74011993408203
26.213016510009766
25.818208694458008
25.875865936279297
32.575355529785156
31.691057205200195
30.589340209960938
17.962419509887695
22.95622444152832
19.12925910949707
29.321792602539062
32.65943908691406
32.28925323486328
32.65943908691406
34.305782318115234
37.15904235839844
34.305782318115234
31.008342742919922
24.720462799072266
31.008342742919922
22.6082763671875
29.968618392944336
17.981969833374023
25.633304595947266
31.05934715270996
25.633304595947266
23.898958206176758
27.919025421142578
26.143272399902344
34.37569808959961
28.864255905151367
27.96161651611328
27.919025421142578
26.143272399902344
31.008342742919922
24.720462799072266
31.008342742919922
28.499521255493164
29.872722625732422
26.068435668945312
29.872722625732422
24.731693267822266
25.51907730102539
26.20309066772461
18.731571197509766
29.872722625732422
26.068435668945312
29.872722625732422
29.872722625732422
26.068435668945312
27.919025421142578
26.143272399902344
20.390583038330078
24.012365341186523
31.197227478027344
28.28990936279297
31.19750213623047
18.26030921936035
19.181644439697266
32.657379150390625
32.28936767578125
49.794105529785156
29.804237365722656
28.427101135253906
24.617534637451172
28.184032440185547
74.08106994628906
32.9760627746582
37.279014587402344
30.50576400756836
18.498106002807617
25.14552116394043
18.113971710205078
24.1309814453125
29.652935028076172
30.010841369628906
31.67981719970703
33.99995803833008
28.10717010498047
31.957815170288086
24.626953125
20.623178482055664
24.1309814453125
25.145565032958984
27.26628875732422
30.038297653198242
32.962432861328125
21.203887939453125
30.50576400756836
18.507253646850586
30.50576400756836
20.044845581054688
18.680904388427734
30.50576400756836
23.83121109008789
24.955005645751953
19.540157318115234
32.48028564453125
18.96164321899414
25.45305061340332
27.374731063842773
38.776363372802734
38.98698806762695
32.962432861328125
18.633548736572266
19.34296417236328
18.776912689208984
32.0219841003418
25.145565032958984
19.34926414489746
25.145565032958984
32.962432861328125
32.962432861328125
24.92973518371582
24.92973518371582
23.844928741455078
24.92973518371582
24.540912628173828
18.805910110473633
31.67981719970703
18.670732498168945
37.76970672607422
53.116424560546875
24.1309814453125
23.14785385131836
24.1309814453125
18.743183135986328
31.53485870361328
71.43426513671875
32.48028564453125
18.774349212646484
19.07694435119629
24.1309814453125
19.42806625366211
27.26628875732422
18.8887939453125
18.8887939453125
18.434162139892578
18.8887939453125
30.50576400756836
18.816543579101562
25.928287506103516
28.13054656982422
32.48028564453125
19.524280548095703
27.374731063842773
18.876480102539062
18.90656852722168
29.652935028076172
20.99179458618164
27.26628875732422
18.630523681640625
19.402565002441406
28.203826904296875
30.50576400756836
19.17278289794922
35.419471740722656
32.48028564453125
28.59994125366211
32.48028564453125
19.857810974121094
19.339675903320312
18.98668670654297
19.339675903320312
18.630523681640625
18.72764778137207
19.28278160095215
18.72764778137207
18.72764778137207
18.72764778137207
18.72764778137207
18.72764778137207
27.98141098022461
18.72764778137207
27.26628875732422
18.634212493896484
18.72764778137207
19.116722106933594
32.96243667602539
19.863849639892578
32.96243667602539
19.547243118286133
18.72764778137207
22.224163055419922
18.72764778137207
18.72764778137207
18.72764778137207
19.28278160095215
18.72764778137207
18.727670669555664
18.727670669555664
18.727670669555664
18.727670669555664
18.727670669555664
18.727670669555664
18.727670669555664
18.727670669555664
19.282800674438477
20.80215835571289
18.727670669555664
19.290422439575195
18.727670669555664
18.87938690185547
18.727670669555664
18.727670669555664
19.497848510742188
18.727670669555664
18.87938690185547
19.282800674438477
24.18482208251953
18.60442352294922
21.829517364501953
18.87938690185547
18.87938690185547
