36.098480224609375
17.282691955566406
17.282691955566406
19.645248413085938
19.645248413085938
19.645248413085938
21.60401153564453
28.371082305908203
39.392784118652344
18.736251831054688
28.189655303955078
31.477313995361328
37.53564453125
44.309722900390625
25.176620483398438
17.730186462402344
18.219032287597656
20.442272186279297
16.119474411010742
18.921735763549805
17.922943115234375
25.35735321044922
25.35735321044922
18.96353530883789
25.35735321044922
19.915481567382812
20.101627349853516
33.77210998535156
15.594856262207031
45.008060455322266
26.380409240722656
14.792121887207031
31.913997650146484
14.784767150878906
20.717105865478516
18.86959457397461
19.220951080322266
3.2843666076660156
14.467971801757812
14.779521942138672
29.734344482421875
18.86959457397461
36.60914993286133
18.86959457397461
28.52836799621582
18.86959457397461
18.86959457397461
18.86959457397461
18.86959457397461
18.86959457397461
18.86959457397461
18.86959457397461
18.86959457397461
18.86959457397461
18.86959457397461
18.86959457397461
18.86959457397461
18.86959457397461
18.86959457397461
18.86959457397461
18.86959457397461
18.86959457397461
18.86959457397461
14.656558990478516
14.913127899169922
14.8482666015625
14.815559387207031
26.04490852355957
14.831275939941406
15.114261627197266
14.886589050292969
38.64140319824219
18.51651382446289
18.51651382446289
10.764564514160156
36.60483169555664
14.754764556884766
13.828784942626953
13.366178512573242
13.53103256225586
13.828784942626953
13.709075927734375
13.461769104003906
15.338079452514648
17.1942195892334
9.189628601074219
4.751302719116211
27.19319725036621
24.742759704589844
24.742759704589844
4.003410339355469
4.361480712890625
2.203744888305664
24.543197631835938
24.543197631835938
27.19319725036621
15.006731033325195
2.914684295654297
22.39159393310547
5.94189453125
63.44267654418945
10.392789840698242
18.736251831054688
42.9221076965332
14.57423210144043
19.71673583984375
13.828784942626953
14.378475189208984
1.3981056213378906
13.398149490356445
15.765329360961914
14.367929458618164
15.765329360961914
16.93113136291504
19.81247329711914
16.984214782714844
15.729591369628906
12.450714111328125
23.466136932373047
27.484901428222656
18.59040069580078
19.21773910522461
19.87942123413086
11.23214340209961
11.652732849121094
14.543722152709961
12.203670501708984
10.934711456298828
7.1669769287109375
14.187950134277344
21.776962280273438
14.329030990600586
1.706207275390625
3.8640594482421875
15.471837997436523
4.174264907836914
6.358255386352539
18.312767028808594
5.5581207275390625
20.23819351196289
11.790870666503906
5.625885009765625
25.142581939697266
13.176006317138672
9.231115341186523
4.432926177978516
5.237176895141602
14.815031051635742
10.667778015136719
10.667778015136719
10.667778015136719
14.815031051635742
14.815031051635742
19.142871856689453
19.142871856689453
12.574932098388672
12.574932098388672
14.815031051635742
15.261531829833984
21.61722183227539
10.688114166259766
8.18215560913086
10.667778015136719
4.2404632568359375
20.9355525970459
14.616497039794922
2.7506942749023438
4.801792144775391
6.997478485107422
4.90239143371582
8.18215560913086
5.259004592895508
3.716886520385742
10.54000473022461
9.231115341186523
9.231115341186523
9.231115341186523
15.471837997436523
6.187835693359375
10.900335311889648
10.45828628540039
14.815031051635742
8.174999237060547
5.237176895141602
5.237176895141602
14.815031051635742
17.74134063720703
13.950641632080078
13.116779327392578
9.231115341186523
15.471837997436523
23.278709411621094
9.231115341186523
8.18215560913086
3.7278823852539062
10.382026672363281
11.753641128540039
12.189163208007812
15.471837997436523
9.325546264648438
14.811176300048828
13.273614883422852
19.97222137451172
6.627067565917969
15.892080307006836
10.317996978759766
3.8166847229003906
23.395217895507812
15.471837997436523
9.231115341186523
4.043081283569336
15.563701629638672
13.889080047607422
21.93762969970703
19.027584075927734
11.039396286010742
15.471837997436523
5.422031402587891
23.97592544555664
17.8529109954834
14.367534637451172
14.885501861572266
14.787200927734375
15.865631103515625
17.678489685058594
14.490682601928711
15.918392181396484
21.69348907470703
14.57423210144043
16.444419860839844
22.65389633178711
19.87942123413086
21.776962280273438
14.329030990600586
14.187950134277344
14.329030990600586
12.203670501708984
14.543722152709961
12.203670501708984
6.613765716552734
7.516151428222656
6.202428817749023
11.652732849121094
11.23214340209961
11.652732849121094
29.850875854492188
20.9355525970459
45.50311279296875
14.065160751342773
11.87459945678711
14.065160751342773
4.934844970703125
14.065160751342773
11.87459945678711
14.065160751342773
6.339740753173828
23.629680633544922
14.532756805419922
5.07335090637207
18.80807876586914
15.950729370117188
14.449060440063477
15.525493621826172
14.170074462890625
15.525493621826172
15.525493621826172
14.170074462890625
2.583284378051758
14.964801788330078
12.310394287109375
14.964801788330078
10.678298950195312
10.730926513671875
11.480964660644531
9.888397216796875
10.5872802734375
13.445045471191406
11.938302993774414
13.445045471191406
20.624679565429688
25.12538719177246
20.624679565429688
8.887004852294922
8.381010055541992
16.17000961303711
15.295568466186523
7.066352844238281
12.574932098388672
12.574932098388672
12.574932098388672
19.142871856689453
19.142871856689453
19.142871856689453
19.142871856689453
12.574932098388672
19.142871856689453
12.574932098388672
12.574932098388672
12.574932098388672
12.574932098388672
19.142871856689453
19.142871856689453
19.142871856689453
3.4824886322021484
6.246067047119141
14.964801788330078
12.310394287109375
14.964801788330078
7.6009521484375
13.329143524169922
15.525493621826172
14.170074462890625
15.525493621826172
10.610748291015625
15.525493621826172
14.170074462890625
18.501331329345703
17.773487091064453
18.501331329345703
6.0738983154296875
18.515708923339844
20.313627243041992
20.313627243041992
11.218667984008789
15.525493621826172
14.170074462890625
15.525493621826172
14.170074462890625
15.525493621826172
14.589693069458008
11.421131134033203
7.2774810791015625
18.811559677124023
19.052030563354492
3.9517860412597656
17.49796485900879
12.774763107299805
17.49796485900879
18.051633834838867
11.99447250366211
18.051633834838867
4.3705902099609375
11.63554573059082
15.137359619140625
14.239574432373047
11.761201858520508
17.49796485900879
12.774763107299805
17.49796485900879
22.377878189086914
24.742759704589844
22.377878189086914
16.70029640197754
14.351030349731445
18.051633834838867
11.99447250366211
18.051633834838867
18.051633834838867
11.99447250366211
15.525493621826172
14.170074462890625
15.415061950683594
6.2424774169921875
18.811559677124023
19.052030563354492
18.811559677124023
15.525493621826172
11.325841903686523
19.71742820739746
22.7345027923584
19.71742820739746
25.72863006591797
17.789180755615234
25.72863006591797
25.72863006591797
21.61722183227539
15.261531829833984
21.61722183227539
21.61722183227539
15.261531829833984
42.31062698364258
17.713973999023438
11.234651565551758
13.906795501708984
11.41970443725586
13.906795501708984
14.616497039794922
20.9355525970459
14.616497039794922
10.788177490234375
6.812467575073242
12.23771858215332
12.558208465576172
14.947887420654297
5.895465850830078
34.59913635253906
18.731149673461914
11.234651565551758
11.455789566040039
12.250314712524414
3.069814682006836
10.45828628540039
9.365375518798828
13.674053192138672
7.741336822509766
3.891796112060547
12.574932098388672
12.574932098388672
12.574932098388672
21.49150848388672
13.8485107421875
19.707202911376953
6.6532745361328125
12.574932098388672
12.574932098388672
12.574932098388672
12.574932098388672
12.574932098388672
27.19319725036621
15.927146911621094
14.442001342773438
17.37656021118164
21.61722183227539
15.261531829833984
6.98652458190918
28.017803192138672
20.38267707824707
22.739429473876953
4.700376510620117
-7.451641082763672
22.739429473876953
-7.451641082763672
29.510845184326172
47.93238830566406
-7.451641082763672
-7.451641082763672
-7.451641082763672
-7.451641082763672
11.503314971923828
-7.451641082763672
-7.451641082763672
-7.451641082763672
-7.451641082763672
-7.451641082763672
-7.451641082763672
-7.451641082763672
-7.451641082763672
-7.451641082763672
-7.451641082763672
10.207447052001953
22.489830017089844
22.739429473876953
-7.451641082763672
-7.451641082763672
10.207447052001953
-7.451641082763672
-7.451641082763672
-7.451641082763672
10.207447052001953
-7.451641082763672
-7.451641082763672
29.479970932006836
-7.451641082763672
-7.451641082763672
10.207447052001953
18.32476806640625
10.18954849243164
-7.451641082763672
-7.451641082763672
10.207447052001953
-7.451641082763672
-7.451641082763672
-7.451641082763672
10.207447052001953
-7.451641082763672
-7.451641082763672
-7.451641082763672
-7.451641082763672
10.207447052001953
12.724634170532227
3.1531200408935547
-7.451641082763672
13.136428833007812
5.378665924072266
-7.451641082763672
10.207447052001953
-7.451641082763672
-7.451641082763672
-7.451641082763672
-7.451641082763672
10.207447052001953
12.4378662109375
3.7157459259033203
-7.451641082763672
-7.451641082763672
10.207447052001953
31.274433135986328
-7.451641082763672
-7.451641082763672
11.732471466064453
2.440570831298828
19.655426025390625
1.9623546600341797
-7.451641082763672
-7.451641082763672
10.207447052001953
9.436935424804688
9.436935424804688
15.693777084350586
8.848369598388672
9.436935424804688
10.207447052001953
9.436935424804688
9.436935424804688
10.207447052001953
8.786609649658203
8.786609649658203
18.32476806640625
8.38888168334961
8.786609649658203
8.786609649658203
16.202762603759766
11.344745635986328
16.202762603759766
14.785758972167969
10.207447052001953
9.825248718261719
9.825248718261719
13.556131362915039
17.968158721923828
10.207447052001953
9.825248718261719
9.825248718261719
12.48269271850586
14.614299774169922
3.122539520263672
9.825248718261719
24.978866577148438
10.207447052001953
12.4378662109375
4.531885147094727
24.39399528503418
19.554691314697266
10.937225341796875
11.336931228637695
5.406227111816406
13.556131362915039
11.042032241821289
18.736251831054688
23.137386322021484
2.7578125
10.937225341796875
7.46110725402832
16.202762603759766
12.669342041015625
4.812055587768555
4.812055587768555
2.5473403930664062
1.93280029296875
19.655426025390625
5.742816925048828
6.634437561035156
2.914703369140625
2.719491958618164
10.207447052001953
4.58734130859375
16.202762603759766
5.9007720947265625
10.937225341796875
1.9613037109375
2.5146446228027344
1.8297309875488281
11.971126556396484
1.93280029296875
4.375675201416016
8.64995002746582
3.553760528564453
3.9903926849365234
6.998752593994141
11.971126556396484
4.282966613769531
11.971126556396484
10.207447052001953
11.971126556396484
19.655426025390625
12.794498443603516
11.971126556396484
20.630409240722656
2.147808074951172
2.5863914489746094
11.970420837402344
20.629758834838867
13.104911804199219
16.174209594726562
32.22456359863281
26.632116317749023
-0.14282608032226562
-0.14282608032226562
54.26626968383789
-0.14282608032226562
26.632116317749023
-0.14282608032226562
13.951156616210938
8.944992065429688
15.851030349731445
22.305444717407227
33.339744567871094
-0.14282608032226562
-0.14282608032226562
-0.14282608032226562
-0.14282608032226562
-0.14282608032226562
-0.14282608032226562
-0.14282608032226562
-0.14282608032226562
36.08988952636719
-0.14282608032226562
-0.14282608032226562
-0.14282608032226562
-0.14282608032226562
-0.14282608032226562
-0.14282608032226562
-0.14282608032226562
-0.14282608032226562
-0.14282608032226562
-0.14282608032226562
-0.14282608032226562
-0.14282608032226562
-0.14282608032226562
-0.14282608032226562
-0.14282608032226562
-0.14282608032226562
-0.14282608032226562
-0.14282608032226562
-0.14282608032226562
-0.14282608032226562
-0.14282608032226562
-0.14282608032226562
-0.14282608032226562
-0.14282608032226562
-0.14282608032226562
-0.14282608032226562
-0.14282608032226562
-0.14282608032226562
-0.14282608032226562
-0.14282608032226562
-0.14282608032226562
-0.14282608032226562
-0.14282608032226562
-0.14282608032226562
-0.14282608032226562
-0.14282608032226562
-0.14282608032226562
-0.14282608032226562
-0.14282608032226562
-0.14282608032226562
-0.14282608032226562
-0.14282608032226562
-0.14282608032226562
-0.14282608032226562
-0.14282608032226562
-0.14282608032226562
-0.14282608032226562
-0.14282608032226562
-0.14282608032226562
-0.14282608032226562
-0.14282608032226562
-0.14282608032226562
-0.14282608032226562
-0.14282608032226562
-0.14282608032226562
-0.14282608032226562
-0.14282608032226562
-0.14282608032226562
-0.14282608032226562
-0.14282608032226562
14.52891731262207
14.9473876953125
2.5558929443359375
15.006731033325195
18.685821533203125
23.45079231262207
14.796695709228516
23.45079231262207
14.796695709228516
15.220890045166016
12.24130630493164
12.045692443847656
14.657978057861328
2.5647239685058594
14.758399963378906
2.1433582305908203
7.252504348754883
14.9473876953125
2.9706268310546875
15.927146911621094
14.442001342773438
14.758399963378906
12.856315612792969
15.927146911621094
12.70431137084961
13.156137466430664
12.48017692565918
9.976591110229492
42.31951141357422
14.758399963378906
8.902811050415039
8.212665557861328
23.45079231262207
14.796695709228516
8.333366394042969
23.45079231262207
14.796695709228516
8.333366394042969
30.93401336669922
14.78744125366211
16.142990112304688
1.8415374755859375
15.927146911621094
14.442001342773438
8.557567596435547
14.78744125366211
16.142990112304688
16.289775848388672
14.78744125366211
16.142990112304688
16.289775848388672
24.54979705810547
24.543197631835938
24.543197631835938
24.543197631835938
12.57132339477539
12.537353515625
14.78744125366211
16.142990112304688
16.289775848388672
15.927146911621094
14.442001342773438
17.37656021118164
14.78744125366211
16.142990112304688
16.289775848388672
14.78744125366211
13.046844482421875
11.478225708007812
16.2974853515625
15.281959533691406
13.233688354492188
11.862136840820312
4.644063949584961
15.281959533691406
13.233688354492188
21.61722183227539
15.261531829833984
21.61722183227539
21.61722183227539
15.261531829833984
36.693084716796875
4.553352355957031
4.416040420532227
9.070158004760742
16.142990112304688
16.289775848388672
3.891796112060547
16.068450927734375
14.340265274047852
16.068450927734375
21.5946102142334
23.546268463134766
17.496702194213867
11.888687133789062
23.546268463134766
17.496702194213867
23.546268463134766
7.7686004638671875
11.63554573059082
15.137359619140625
14.239574432373047
5.038373947143555
17.713973999023438
15.613243103027344
18.731149673461914
11.234651565551758
11.455789566040039
11.234651565551758
13.906795501708984
11.41970443725586
13.906795501708984
12.203670501708984
14.543722152709961
12.203670501708984
11.652732849121094
11.23214340209961
11.652732849121094
15.281959533691406
13.233688354492188
2.9076995849609375
20.387496948242188
48.47442626953125
14.616497039794922
20.9355525970459
14.616497039794922
4.29142951965332
5.065155029296875
4.915517807006836
10.45828628540039
11.40693473815918
13.674053192138672
23.546268463134766
17.496702194213867
13.904674530029297
19.211793899536133
18.880125045776367
13.674905776977539
2.3305435180664062
11.78879165649414
5.328777313232422
3.9953651428222656
13.368724822998047
12.002567291259766
17.414594650268555
16.062742233276367
35.19330978393555
15.529060363769531
11.136760711669922
5.611423492431641
6.6606292724609375
3.0915298461914062
8.937288284301758
6.260290145874023
14.964801788330078
12.310394287109375
14.964801788330078
8.887519836425781
3.795461654663086
14.947887420654297
12.28396987915039
12.23771858215332
3.106344223022461
10.949478149414062
21.93762969970703
19.027584075927734
16.511810302734375
1.7936573028564453
14.065160751342773
11.87459945678711
14.065160751342773
7.507440567016602
15.525493621826172
14.170074462890625
15.525493621826172
15.525493621826172
14.170074462890625
18.13946533203125
18.06438446044922
18.13946533203125
15.525493621826172
14.170074462890625
15.525493621826172
15.420646667480469
18.443126678466797
17.20665740966797
15.525493621826172
14.170074462890625
10.846420288085938
15.525493621826172
14.170074462890625
15.525493621826172
20.77347183227539
10.343578338623047
20.77347183227539
15.525493621826172
14.170074462890625
15.525493621826172
14.170074462890625
15.525493621826172
12.235214233398438
16.174179077148438
15.648319244384766
15.325441360473633
21.776962280273438
18.23348617553711
16.324832916259766
2.0878028869628906
12.344066619873047
4.989406585693359
15.56533432006836
18.811559677124023
19.052030563354492
18.811559677124023
22.377878189086914
24.742759704589844
22.377878189086914
17.49796485900879
12.774763107299805
17.49796485900879
7.274322509765625
23.422409057617188
0.9362831115722656
15.173580169677734
22.509265899658203
15.173580169677734
10.49814224243164
15.525493621826172
14.170074462890625
23.45079231262207
14.796695709228516
21.603275299072266
15.525493621826172
14.170074462890625
17.49796485900879
12.774763107299805
17.49796485900879
28.209617614746094
18.051633834838867
11.99447250366211
18.051633834838867
11.63554573059082
15.137359619140625
14.239574432373047
3.8171768188476562
18.051633834838867
11.99447250366211
18.051633834838867
18.051633834838867
11.99447250366211
15.525493621826172
14.170074462890625
6.787078857421875
9.34189224243164
19.71742820739746
22.7345027923584
19.71767234802246
3.4725112915039062
5.314960479736328
18.808969497680664
19.05158805847168
50.21471405029297
31.831220626831055
16.174209594726562
17.032209396362305
13.104911804199219
92.650390625
22.739429473876953
39.53898620605469
16.202762603759766
3.2780494689941406
14.264501571655273
7.100028991699219
12.724634170532227
23.137386322021484
20.738723754882812
18.32476806640625
23.15909194946289
18.720632553100586
21.408119201660156
11.336931228637695
7.079677581787109
12.724634170532227
11.503314971923828
13.556131362915039
22.246368408203125
19.655426025390625
9.863088607788086
16.202762603759766
3.5406265258789062
16.202762603759766
7.365974426269531
5.054738998413086
16.202762603759766
10.266674041748047
17.114389419555664
5.7391510009765625
20.630409240722656
5.3815765380859375
22.025461196899414
15.653575897216797
48.9161376953125
47.933815002441406
19.655426025390625
3.333324432373047
4.458972930908203
5.22100830078125
16.406291961669922
11.503314971923828
4.484399795532227
11.503314971923828
19.655426025390625
19.655426025390625
15.741363525390625
15.741363525390625
12.388710021972656
15.741363525390625
12.04401969909668
4.712789535522461
18.32476806640625
3.2129974365234375
37.052879333496094
39.774444580078125
12.724634170532227
9.641592025756836
12.724634170532227
4.130607604980469
24.521839141845703
59.214778900146484
20.630409240722656
4.235595703125
4.092159271240234
12.724634170532227
6.671199798583984
13.556131362915039
2.0289249420166016
2.0289249420166016
1.4646892547607422
2.0289249420166016
16.202762603759766
3.122539520263672
12.084125518798828
15.110780715942383
20.630409240722656
6.227119445800781
15.653575897216797
5.039829254150391
3.492328643798828
23.137386322021484
9.299610137939453
13.556133270263672
2.041858673095703
6.2147216796875
14.609027862548828
16.202760696411133
5.065284729003906
29.479978561401367
20.63041114807129
18.736251831054688
20.63041114807129
5.939729690551758
4.829765319824219
3.6059131622314453
4.829765319824219
2.041858673095703
1.9376296997070312
3.768888473510742
1.9376296997070312
1.9376296997070312
1.9376296997070312
1.9376296997070312
1.9376296997070312
16.09568214416504
1.9376296997070312
13.556133270263672
1.8147602081298828
1.9376296997070312
6.163017272949219
19.655426025390625
6.379941940307617
19.655426025390625
5.632129669189453
1.9376296997070312
11.035346984863281
1.9376296997070312
1.9376296997070312
1.9376296997070312
3.768888473510742
1.9376296997070312
1.938058853149414
1.938058853149414
1.938058853149414
1.938058853149414
1.938058853149414
1.938058853149414
1.938058853149414
1.938058853149414
3.7689895629882812
7.982379913330078
1.938058853149414
4.441490173339844
1.938058853149414
3.6312103271484375
1.938058853149414
1.938058853149414
4.809360504150391
1.938058853149414
3.6312103271484375
3.7689895629882812
9.541316986083984
2.886678695678711
10.025566101074219
3.6312103271484375
3.6312103271484375
