36.895965576171875
18.60323143005371
18.60323143005371
22.396800994873047
22.396800994873047
22.396800994873047
23.634794235229492
29.474044799804688
39.22770690917969
20.839576721191406
27.039339065551758
30.7299861907959
36.70500183105469
46.755638122558594
26.566709518432617
19.842147827148438
20.313066482543945
22.298240661621094
18.325416564941406
21.103473663330078
20.034902572631836
27.290699005126953
27.290699005126953
21.031471252441406
27.290699005126953
21.815977096557617
22.170677185058594
35.691837310791016
18.333667755126953
45.052276611328125
28.711008071899414
17.668140411376953
33.84554672241211
17.615989685058594
28.390987396240234
24.24456024169922
25.59347152709961
6.576801300048828
16.69314193725586
17.664684295654297
28.966079711914062
24.24456024169922
38.543060302734375
24.24456024169922
30.319623947143555
24.24456024169922
24.24456024169922
24.24456024169922
24.24456024169922
24.24456024169922
24.24456024169922
24.24456024169922
24.24456024169922
24.24456024169922
24.24456024169922
24.24456024169922
24.24456024169922
24.24456024169922
24.24456024169922
24.24456024169922
24.24456024169922
24.24456024169922
24.24456024169922
17.439254760742188
17.830726623535156
17.819305419921875
17.67388916015625
28.866558074951172
17.887123107910156
17.9354248046875
17.778221130371094
39.535400390625
21.132213592529297
21.132213592529297
13.447917938232422
38.95734786987305
18.56649398803711
17.662181854248047
15.328895568847656
17.447296142578125
17.662181854248047
15.89963150024414
17.229459762573242
17.533100128173828
19.39408302307129
11.520050048828125
7.486520767211914
28.763103485107422
27.7442626953125
27.7442626953125
6.944366455078125
6.884269714355469
5.267660140991211
25.76934814453125
25.76934814453125
28.763103485107422
18.067115783691406
6.004890441894531
24.708282470703125
8.265144348144531
64.05191802978516
13.00042724609375
20.839576721191406
39.200889587402344
18.29938507080078
21.604774475097656
17.662181854248047
18.24207878112793
5.480648040771484
17.25373649597168
19.422683715820312
18.14771842956543
19.422683715820312
19.57933807373047
23.201396942138672
19.108652114868164
18.38796615600586
15.110488891601562
25.420228958129883
30.341224670410156
22.045602798461914
22.739728927612305
22.37188720703125
14.13399887084961
14.500478744506836
16.54534912109375
14.617525100708008
12.269329071044922
9.954336166381836
16.58753776550293
24.438011169433594
16.68549346923828
4.596227645874023
6.656337738037109
17.9635066986084
6.855003356933594
8.783939361572266
20.857637405395508
8.147838592529297
22.80857276916504
14.397850036621094
8.575809478759766
26.897968292236328
15.566234588623047
11.980304718017578
7.072362899780273
8.096025466918945
17.465105056762695
13.701784133911133
13.701784133911133
13.701784133911133
17.465105056762695
17.465105056762695
22.30089569091797
22.30089569091797
15.04890251159668
15.04890251159668
17.465105056762695
18.140186309814453
24.655956268310547
12.993940353393555
10.840465545654297
13.701784133911133
6.890127182006836
24.088722229003906
17.559810638427734
5.632678985595703
7.477655410766602
9.576345443725586
7.574398040771484
10.840465545654297
7.877803802490234
6.504636764526367
13.092021942138672
11.980304718017578
11.980304718017578
11.980304718017578
17.9635066986084
8.784761428833008
13.354602813720703
12.980627059936523
17.465105056762695
9.448760986328125
8.096025466918945
8.096025466918945
17.465105056762695
18.852611541748047
14.450397491455078
14.19913101196289
11.980304718017578
17.9635066986084
23.8099308013916
11.980304718017578
10.840465545654297
6.255035400390625
12.904903411865234
14.221256256103516
14.718280792236328
17.9635066986084
11.895458221435547
16.069007873535156
15.015174865722656
21.61832046508789
9.467487335205078
17.13287353515625
12.928089141845703
6.49211311340332
24.45221710205078
17.9635066986084
11.980304718017578
6.679828643798828
17.82271385192871
16.108123779296875
23.625267028808594
21.39210319519043
12.956108093261719
17.9635066986084
8.111614227294922
25.58135223388672
21.304443359375
17.647350311279297
18.790550231933594
18.787500381469727
18.755413055419922
20.269243240356445
18.478837966918945
19.644893646240234
23.247825622558594
18.29938507080078
18.851909637451172
25.399864196777344
22.37188720703125
24.438011169433594
16.68549346923828
16.58753776550293
16.68549346923828
14.617525100708008
16.54534912109375
14.617525100708008
9.230384826660156
9.723075866699219
9.02402114868164
14.500478744506836
14.13399887084961
14.500478744506836
30.22562026977539
24.088722229003906
45.353416442871094
16.717220306396484
14.257429122924805
16.717220306396484
7.621633529663086
16.717220306396484
14.257429122924805
16.717220306396484
9.12423324584961
25.010570526123047
16.565114974975586
7.795557022094727
21.19845199584961
18.413734436035156
16.92796516418457
17.903278350830078
16.48114776611328
17.903278350830078
17.903278350830078
16.48114776611328
5.302234649658203
17.209442138671875
14.503686904907227
17.209442138671875
13.26369857788086
12.993118286132812
13.440448760986328
12.65771484375
12.778076171875
15.917396545410156
14.404756546020508
15.917396545410156
22.989280700683594
27.08310317993164
22.989280700683594
11.414482116699219
11.303825378417969
19.155017852783203
16.67752456665039
10.140926361083984
15.04890251159668
15.04890251159668
15.04890251159668
22.30089569091797
22.30089569091797
22.30089569091797
22.30089569091797
15.04890251159668
22.30089569091797
15.04890251159668
15.04890251159668
15.04890251159668
15.04890251159668
22.30089569091797
22.30089569091797
22.30089569091797
6.246480941772461
9.158008575439453
17.209442138671875
14.503686904907227
17.209442138671875
11.121070861816406
15.745838165283203
17.903278350830078
16.48114776611328
17.903278350830078
12.4847412109375
17.903278350830078
16.48114776611328
20.768653869628906
20.1709041595459
20.768653869628906
8.961496353149414
21.057331085205078
23.56664276123047
23.56664276123047
13.398408889770508
17.903278350830078
16.48114776611328
17.903278350830078
16.48114776611328
17.903278350830078
15.615274429321289
14.183719635009766
9.906000137329102
21.139610290527344
21.62131118774414
6.855140686035156
19.950944900512695
15.07606315612793
19.950944900512695
20.66232681274414
14.987716674804688
20.66232681274414
6.817665100097656
14.202808380126953
17.265911102294922
16.430652618408203
14.357868194580078
19.950944900512695
15.07606315612793
19.950944900512695
25.26546859741211
27.7442626953125
25.26546859741211
17.80541229248047
16.287023544311523
20.66232681274414
14.987716674804688
20.66232681274414
20.66232681274414
14.987716674804688
17.903278350830078
16.48114776611328
17.735477447509766
9.320075988769531
21.139610290527344
21.62131118774414
21.139610290527344
17.903278350830078
13.17790412902832
22.033672332763672
24.114704132080078
22.033672332763672
27.790876388549805
19.650428771972656
27.790876388549805
27.790876388549805
24.655956268310547
18.140186309814453
24.655956268310547
24.655956268310547
18.140186309814453
41.03825378417969
19.7884464263916
13.551328659057617
16.4442138671875
14.023887634277344
16.4442138671875
17.559810638427734
24.088722229003906
17.559810638427734
13.49627685546875
9.649333953857422
14.671798706054688
15.255050659179688
17.446399688720703
8.901363372802734
34.62971878051758
20.492820739746094
13.551328659057617
13.578433990478516
14.265296936035156
5.748939514160156
12.980627059936523
12.113754272460938
15.61783218383789
9.21181869506836
6.519899368286133
15.04890251159668
15.04890251159668
15.04890251159668
23.484533309936523
16.669374465942383
22.134939193725586
8.977851867675781
15.04890251159668
15.04890251159668
15.04890251159668
15.04890251159668
15.04890251159668
28.763103485107422
18.289474487304688
16.662654876708984
19.748767852783203
24.655956268310547
18.140186309814453
8.997138977050781
28.517065048217773
22.15137481689453
25.18347930908203
7.659034729003906
-2.312530517578125
25.18347930908203
-2.312530517578125
31.593143463134766
37.292747497558594
-2.312530517578125
-2.312530517578125
-2.312530517578125
-2.312530517578125
14.148202896118164
-2.312530517578125
-2.312530517578125
-2.312530517578125
-2.312530517578125
-2.312530517578125
-2.312530517578125
-2.312530517578125
-2.312530517578125
-2.312530517578125
-2.312530517578125
13.159040451049805
21.211711883544922
25.18347930908203
-2.312530517578125
-2.312530517578125
13.159040451049805
-2.312530517578125
-2.312530517578125
-2.312530517578125
13.159040451049805
-2.312530517578125
-2.312530517578125
31.6035213470459
-2.312530517578125
-2.312530517578125
13.159040451049805
21.210329055786133
10.737421035766602
-2.312530517578125
-2.312530517578125
13.159040451049805
-2.312530517578125
-2.312530517578125
-2.312530517578125
13.159040451049805
-2.312530517578125
-2.312530517578125
-2.312530517578125
-2.312530517578125
13.159040451049805
14.876789093017578
6.152042388916016
-2.312530517578125
15.43044662475586
7.9367828369140625
-2.312530517578125
13.159040451049805
-2.312530517578125
-2.312530517578125
-2.312530517578125
-2.312530517578125
13.159040451049805
15.271312713623047
6.488677978515625
-2.312530517578125
-2.312530517578125
13.159040451049805
31.59722328186035
-2.312530517578125
-2.312530517578125
14.100906372070312
5.295818328857422
22.398094177246094
5.208269119262695
-2.312530517578125
-2.312530517578125
13.159040451049805
12.12185287475586
12.12185287475586
17.126720428466797
11.440109252929688
12.12185287475586
13.159040451049805
12.12185287475586
12.12185287475586
13.159040451049805
11.846433639526367
11.846433639526367
21.210329055786133
10.493947982788086
11.846433639526367
11.846433639526367
18.799739837646484
13.900863647460938
18.799739837646484
16.43150520324707
13.159040451049805
13.068279266357422
13.068279266357422
16.314617156982422
20.57351303100586
13.159040451049805
13.068279266357422
13.068279266357422
14.888917922973633
17.67941665649414
6.002754211425781
13.068279266357422
27.366233825683594
13.159040451049805
15.271312713623047
7.130414962768555
25.57541275024414
21.39773941040039
14.279476165771484
13.780691146850586
7.889921188354492
16.314617156982422
13.607086181640625
20.839576721191406
24.443756103515625
5.8110504150390625
14.279476165771484
9.869577407836914
18.799739837646484
14.45844841003418
7.599424362182617
7.599424362182617
5.66160774230957
5.038845062255859
22.398094177246094
8.199836730957031
8.783929824829102
5.9664764404296875
5.801473617553711
13.159040451049805
7.5015716552734375
18.799739837646484
8.816608428955078
14.279476165771484
5.14488410949707
5.485774993896484
4.895576477050781
15.316917419433594
5.038845062255859
7.318351745605469
10.629566192626953
6.494777679443359
6.87811279296875
9.156545639038086
15.316917419433594
7.054435729980469
15.316917419433594
13.159040451049805
15.316917419433594
22.398094177246094
15.739086151123047
15.316917419433594
23.48883056640625
5.169219970703125
5.560861587524414
15.31627082824707
23.48810386657715
16.145654678344727
18.55412483215332
32.66592025756836
28.026119232177734
3.9908676147460938
3.9908676147460938
52.95284652709961
3.9908676147460938
28.026119232177734
3.9908676147460938
16.422550201416016
11.849191665649414
18.63271713256836
22.980758666992188
33.79573059082031
3.9908676147460938
3.9908676147460938
3.9908676147460938
3.9908676147460938
3.9908676147460938
3.9908676147460938
3.9908676147460938
3.9908676147460938
37.77423858642578
3.9908676147460938
3.9908676147460938
3.9908676147460938
3.9908676147460938
3.9908676147460938
3.9908676147460938
3.9908676147460938
3.9908676147460938
3.9908676147460938
3.9908676147460938
3.9908676147460938
3.9908676147460938
3.9908676147460938
3.9908676147460938
3.9908676147460938
3.9908676147460938
3.9908676147460938
3.9908676147460938
3.9908676147460938
3.9908676147460938
3.9908676147460938
3.9908676147460938
3.9908676147460938
3.9908676147460938
3.9908676147460938
3.9908676147460938
3.9908676147460938
3.9908676147460938
3.9908676147460938
3.9908676147460938
3.9908676147460938
3.9908676147460938
3.9908676147460938
3.9908676147460938
3.9908676147460938
3.9908676147460938
3.9908676147460938
3.9908676147460938
3.9908676147460938
3.9908676147460938
3.9908676147460938
3.9908676147460938
3.9908676147460938
3.9908676147460938
3.9908676147460938
3.9908676147460938
3.9908676147460938
3.9908676147460938
3.9908676147460938
3.9908676147460938
3.9908676147460938
3.9908676147460938
3.9908676147460938
3.9908676147460938
3.9908676147460938
3.9908676147460938
3.9908676147460938
3.9908676147460938
3.9908676147460938
3.9908676147460938
16.586181640625
17.233028411865234
5.398551940917969
18.067115783691406
21.206005096435547
25.917774200439453
17.820823669433594
25.917774200439453
17.820823669433594
13.502395629882812
11.289207458496094
11.25992202758789
14.212631225585938
5.699010848999023
17.598918914794922
5.026979446411133
9.151466369628906
17.233028411865234
5.695350646972656
18.289474487304688
16.662654876708984
17.598918914794922
14.050878524780273
18.289474487304688
15.426170349121094
15.53333854675293
14.839107513427734
12.127838134765625
43.740291595458984
17.598918914794922
10.687910079956055
10.666507720947266
25.917774200439453
17.820823669433594
11.56031608581543
25.917774200439453
17.820823669433594
11.56031608581543
32.04829025268555
17.339927673339844
18.567611694335938
5.060890197753906
18.289474487304688
16.662654876708984
11.090373992919922
17.339927673339844
18.567611694335938
18.95709228515625
17.339927673339844
18.567611694335938
18.95709228515625
25.10320281982422
25.76934814453125
25.76934814453125
25.76934814453125
14.937225341796875
14.898269653320312
17.339927673339844
18.567611694335938
18.95709228515625
18.289474487304688
16.662654876708984
19.748767852783203
17.339927673339844
18.567611694335938
18.95709228515625
17.339927673339844
15.182474136352539
13.99820327758789
17.95047378540039
17.608192443847656
15.444887161254883
14.393377304077148
7.217613220214844
17.608192443847656
15.444887161254883
24.655956268310547
18.140186309814453
24.655956268310547
24.655956268310547
18.140186309814453
37.412349700927734
7.805500030517578
7.0341033935546875
11.816398620605469
18.567611694335938
18.95709228515625
6.519899368286133
18.57969093322754
16.819774627685547
18.57969093322754
20.675731658935547
24.89795684814453
20.012718200683594
14.67364501953125
24.89795684814453
20.012718200683594
24.89795684814453
10.994743347167969
14.202808380126953
17.265911102294922
16.430652618408203
7.775825500488281
19.7884464263916
17.508377075195312
20.492820739746094
13.551328659057617
13.578433990478516
13.551328659057617
16.4442138671875
14.023887634277344
16.4442138671875
14.617525100708008
16.54534912109375
14.617525100708008
14.500478744506836
14.13399887084961
14.500478744506836
17.608192443847656
15.444887161254883
5.767900466918945
21.329355239868164
50.333866119384766
17.559810638427734
24.088722229003906
17.559810638427734
6.988124847412109
8.407533645629883
7.6231231689453125
12.980627059936523
13.889923095703125
15.61783218383789
24.89795684814453
20.012718200683594
15.695354461669922
21.262292861938477
21.088253021240234
16.01810073852539
5.256019592285156
13.55886459350586
7.831577301025391
6.781190872192383
15.760274887084961
14.11446762084961
19.603923797607422
17.875320434570312
34.71078872680664
18.145015716552734
12.553630828857422
8.454532623291016
9.270160675048828
6.138666152954102
11.487287521362305
8.981287002563477
17.209442138671875
14.503686904907227
17.209442138671875
12.017101287841797
6.523174285888672
17.446399688720703
14.793693542480469
14.671798706054688
6.054952621459961
12.976640701293945
23.625267028808594
21.39210319519043
17.50873565673828
4.720790863037109
16.717220306396484
14.257429122924805
16.717220306396484
10.151363372802734
17.903278350830078
16.48114776611328
17.903278350830078
17.903278350830078
16.48114776611328
20.838624954223633
20.724294662475586
20.838624954223633
17.903278350830078
16.48114776611328
17.903278350830078
17.561870574951172
20.485536575317383
19.305551528930664
17.903278350830078
16.48114776611328
12.287042617797852
17.903278350830078
16.48114776611328
17.903278350830078
24.074607849121094
12.166561126708984
24.074607849121094
17.903278350830078
16.48114776611328
17.903278350830078
16.48114776611328
17.903278350830078
14.431276321411133
18.319971084594727
17.788721084594727
17.586204528808594
24.438011169433594
20.880172729492188
19.275665283203125
4.9650115966796875
13.987712860107422
7.574703216552734
18.237468719482422
21.139610290527344
21.62131118774414
21.139610290527344
25.26546859741211
27.7442626953125
25.26546859741211
19.950944900512695
15.07606315612793
19.950944900512695
10.451251983642578
25.003969192504883
4.113237380981445
17.392871856689453
24.53337860107422
17.392871856689453
12.516231536865234
17.903278350830078
16.48114776611328
25.917774200439453
17.820823669433594
22.342008590698242
17.903278350830078
16.48114776611328
19.950944900512695
15.07606315612793
19.950944900512695
27.88213348388672
20.66232681274414
14.987716674804688
20.66232681274414
14.202808380126953
17.265911102294922
16.430652618408203
6.646728515625
20.66232681274414
14.987716674804688
20.66232681274414
20.66232681274414
14.987716674804688
17.903278350830078
16.48114776611328
9.589378356933594
12.531364440917969
22.033672332763672
24.114704132080078
22.033905029296875
6.226772308349609
8.036735534667969
21.137176513671875
21.62114906311035
49.95444107055664
28.099285125732422
18.55412483215332
18.70977210998535
16.145654678344727
92.32237243652344
25.18347930908203
39.863746643066406
18.799739837646484
6.013551712036133
16.567325592041016
8.964004516601562
14.876789093017578
24.443756103515625
23.28101921081543
21.210329055786133
26.656936645507812
21.393861770629883
25.428760528564453
13.780691146850586
9.71076774597168
14.876789093017578
14.148202896118164
16.314617156982422
24.616214752197266
22.398094177246094
12.759489059448242
18.799739837646484
6.467348098754883
18.799739837646484
10.361042022705078
7.690279006958008
18.799739837646484
12.878555297851562
18.616544723510742
8.484390258789062
23.48883056640625
8.145072937011719
21.977550506591797
18.09022331237793
45.57416534423828
45.0438346862793
22.398094177246094
6.528524398803711
7.451517105102539
7.817169189453125
21.970916748046875
14.148202896118164
7.397850036621094
14.148202896118164
22.398094177246094
22.398094177246094
17.87485122680664
17.87485122680664
14.950077056884766
17.87485122680664
14.418933868408203
7.422157287597656
21.210329055786133
6.102102279663086
36.099388122558594
42.331703186035156
14.876789093017578
12.236623764038086
14.876789093017578
6.978462219238281
26.599315643310547
62.53718185424805
23.48883056640625
6.946149826049805
6.921894073486328
14.876789093017578
9.387664794921875
16.314617156982422
5.210262298583984
5.210262298583984
4.686914443969727
5.210262298583984
18.799739837646484
6.002754211425781
14.768665313720703
17.657506942749023
23.48883056640625
9.117959976196289
18.09022331237793
7.610633850097656
6.387687683105469
24.44375228881836
11.223609924316406
16.314619064331055
5.1472015380859375
8.63662338256836
17.417556762695312
18.799739837646484
8.004842758178711
31.60352897644043
23.48883056640625
20.839580535888672
23.48883056640625
8.690092086791992
7.59107780456543
6.577945709228516
7.59107780456543
5.1472015380859375
5.10394287109375
6.701992034912109
5.10394287109375
5.10394287109375
5.10394287109375
5.10394287109375
5.10394287109375
18.374080657958984
5.10394287109375
16.314619064331055
4.992424011230469
5.10394287109375
9.198423385620117
22.398096084594727
9.24610710144043
22.398096084594727
8.33765983581543
5.10394287109375
13.71489143371582
5.10394287109375
5.10394287109375
5.10394287109375
6.701992034912109
5.10394287109375
5.104270935058594
5.104270935058594
5.104270935058594
5.104270935058594
5.104270935058594
5.104270935058594
5.104270935058594
5.104270935058594
6.702104568481445
10.389854431152344
5.104270935058594
7.2094268798828125
5.104270935058594
6.4501800537109375
5.104270935058594
5.104270935058594
7.553352355957031
5.104270935058594
6.4501800537109375
6.702104568481445
12.426849365234375
5.793212890625
12.442190170288086
6.4501800537109375
6.4501800537109375
