42.423988342285156
29.48656463623047
29.48656463623047
35.850364685058594
35.850364685058594
35.850364685058594
32.83839797973633
36.366764068603516
42.34447479248047
32.73973083496094
36.40599822998047
40.1237678527832
43.79262161254883
48.814605712890625
33.400909423828125
33.630157470703125
33.40817642211914
34.24006652832031
32.83475875854492
33.97227478027344
33.87919235229492
34.75175094604492
34.75175094604492
32.76641845703125
34.75175094604492
31.892854690551758
33.41636276245117
36.414581298828125
41.5467529296875
39.02491760253906
41.33827209472656
41.22079086303711
37.82068634033203
41.178863525390625
59.19618606567383
59.098655700683594
59.070594787597656
25.535491943359375
40.54164123535156
41.2001953125
57.81266784667969
59.098655700683594
37.014991760253906
59.098655700683594
37.4649543762207
59.098655700683594
59.098655700683594
59.098655700683594
59.098655700683594
59.098655700683594
59.098655700683594
59.098655700683594
59.098655700683594
59.098655700683594
59.098655700683594
59.098655700683594
59.098655700683594
59.098655700683594
59.098655700683594
59.098655700683594
59.098655700683594
59.098655700683594
59.098655700683594
41.107696533203125
41.194557189941406
41.23175048828125
41.181976318359375
41.36429214477539
41.34330749511719
41.100040435791016
41.233795166015625
39.985130310058594
31.656551361083984
31.656551361083984
30.164031982421875
43.25065231323242
37.01268768310547
36.963096618652344
30.53748321533203
36.774452209472656
36.963096618652344
30.090652465820312
36.6861457824707
31.188758850097656
33.18207931518555
26.601211547851562
25.809297561645508
34.34214782714844
39.539215087890625
39.539215087890625
24.206737518310547
24.489513397216797
24.352664947509766
33.84324645996094
33.84324645996094
34.34214782714844
36.86440658569336
24.958715438842773
33.19639205932617
24.73761749267578
59.94084167480469
28.377399444580078
32.73973083496094
35.94097137451172
36.04679870605469
33.17903137207031
36.963096618652344
36.96760559082031
29.142024993896484
36.59144973754883
37.18433380126953
36.763675689697266
37.18433380126953
33.14530563354492
40.13169479370117
33.39772415161133
35.00330352783203
33.34391784667969
36.90203094482422
42.07291793823242
37.90748977661133
39.85338592529297
36.6913948059082
31.562252044677734
32.38896179199219
29.719581604003906
31.270906448364258
36.62537384033203
26.811931610107422
31.776870727539062
37.58479309082031
31.798839569091797
25.389610290527344
26.589380264282227
30.22429656982422
26.841167449951172
27.788715362548828
33.3152961730957
27.454898834228516
36.418006896972656
28.42670440673828
26.832359313964844
33.95348358154297
29.72470474243164
28.125043869018555
26.111774444580078
25.7008056640625
30.446998596191406
28.90896224975586
28.90896224975586
28.90896224975586
30.446998596191406
30.446998596191406
38.385231018066406
38.385231018066406
30.274429321289062
30.274429321289062
30.446998596191406
36.94953918457031
38.96011734008789
29.095779418945312
27.5772762298584
28.90896224975586
25.343875885009766
38.3872184753418
35.48442840576172
25.34701919555664
26.045379638671875
27.775243759155273
25.947067260742188
27.5772762298584
26.066659927368164
25.851322174072266
27.527009963989258
28.125043869018555
28.125043869018555
28.125043869018555
30.22429656982422
27.741411209106445
28.904369354248047
28.32847785949707
30.446998596191406
25.573556900024414
25.7008056640625
25.7008056640625
30.446998596191406
35.38779830932617
36.114295959472656
35.86915588378906
28.125043869018555
30.22429656982422
30.567657470703125
28.125043869018555
27.5772762298584
25.600391387939453
28.620874404907227
28.600006103515625
29.05487823486328
30.22429656982422
27.932716369628906
35.793540954589844
27.989242553710938
34.02963638305664
26.941116333007812
33.97843933105469
27.90399932861328
25.862491607666016
33.99776840209961
30.22429656982422
28.125043869018555
26.726612091064453
30.30666732788086
29.51186752319336
36.17330551147461
35.7199592590332
26.47087860107422
30.22429656982422
26.089229583740234
31.83685302734375
37.999549865722656
33.11156463623047
37.23164749145508
37.794700622558594
35.28450012207031
33.45425033569336
37.586647033691406
37.42478561401367
34.223541259765625
36.04679870605469
32.68840789794922
38.63630676269531
36.6913948059082
37.58479309082031
31.798839569091797
31.776870727539062
31.798839569091797
31.270906448364258
29.719581604003906
31.270906448364258
26.681560516357422
26.825489044189453
26.22751235961914
32.38896179199219
31.562252044677734
32.38896179199219
40.173789978027344
38.3872184753418
53.10575485229492
31.828956604003906
29.981292724609375
31.828956604003906
25.626808166503906
31.828956604003906
29.981292724609375
31.828956604003906
26.72304344177246
31.835084915161133
28.328594207763672
25.05237579345703
35.91824722290039
34.96920394897461
34.748130798339844
34.30405044555664
31.678865432739258
34.30405044555664
34.30405044555664
31.678865432739258
23.778461456298828
32.77531814575195
29.398540496826172
32.77531814575195
37.464088439941406
37.23311233520508
37.08269500732422
36.64241027832031
36.801055908203125
32.41619110107422
28.68309783935547
32.41619110107422
35.895206451416016
39.16482162475586
35.895206451416016
33.90898895263672
27.218151092529297
35.994441986083984
32.63841247558594
28.27338218688965
30.274429321289062
30.274429321289062
30.274429321289062
38.385231018066406
38.385231018066406
38.385231018066406
38.385231018066406
30.274429321289062
38.385231018066406
30.274429321289062
30.274429321289062
30.274429321289062
30.274429321289062
38.385231018066406
38.385231018066406
38.385231018066406
24.53000259399414
27.675703048706055
32.77531814575195
29.398540496826172
32.77531814575195
35.394126892089844
28.087221145629883
34.30405044555664
31.678865432739258
34.30405044555664
32.234981536865234
34.30405044555664
31.678865432739258
36.523887634277344
35.85546875
36.523887634277344
27.575912475585938
33.414405822753906
35.59562301635742
35.59562301635742
26.46921157836914
34.30405044555664
31.678865432739258
34.30405044555664
31.678865432739258
34.30405044555664
28.955799102783203
28.482215881347656
25.625160217285156
38.87774658203125
37.56358337402344
25.29144287109375
35.90864562988281
30.438613891601562
35.90864562988281
34.066246032714844
32.09952163696289
34.066246032714844
26.187118530273438
31.033723831176758
30.218528747558594
31.979225158691406
28.174110412597656
35.90864562988281
30.438613891601562
35.90864562988281
38.100765228271484
39.539215087890625
38.100765228271484
29.637306213378906
27.422470092773438
34.066246032714844
32.09952163696289
34.066246032714844
34.066246032714844
32.09952163696289
34.30405044555664
31.678865432739258
29.181934356689453
27.252832412719727
38.87774658203125
37.56358337402344
38.87774658203125
34.30405044555664
26.299983978271484
35.44921875
31.47850799560547
35.44921875
35.879737854003906
29.842086791992188
35.879737854003906
35.879737854003906
38.96011734008789
36.94953918457031
38.96011734008789
38.96011734008789
36.94953918457031
37.978973388671875
31.088180541992188
29.31671142578125
31.471324920654297
30.30227279663086
31.471324920654297
35.48442840576172
38.3872184753418
35.48442840576172
28.272926330566406
28.034934997558594
30.413963317871094
30.57272720336914
31.859203338623047
26.83652114868164
34.63859939575195
32.599151611328125
29.31671142578125
29.196334838867188
27.211057662963867
24.19890594482422
28.32847785949707
28.4188175201416
31.146209716796875
25.24220085144043
24.1523494720459
30.274429321289062
30.274429321289062
30.274429321289062
33.76038360595703
32.575653076171875
35.16563034057617
25.15125274658203
30.274429321289062
30.274429321289062
30.274429321289062
30.274429321289062
30.274429321289062
34.34214782714844
30.006683349609375
29.37837791442871
29.060428619384766
38.96011734008789
36.94953918457031
25.153627395629883
34.879058837890625
33.2350959777832
38.14952850341797
26.807661056518555
30.484149932861328
38.14952850341797
30.484149932861328
39.29404830932617
48.13261795043945
30.484149932861328
30.484149932861328
30.484149932861328
30.484149932861328
31.280122756958008
30.484149932861328
30.484149932861328
30.484149932861328
30.484149932861328
30.484149932861328
30.484149932861328
30.484149932861328
30.484149932861328
30.484149932861328
30.484149932861328
31.178232192993164
36.53864288330078
38.14952850341797
30.484149932861328
30.484149932861328
31.178232192993164
30.484149932861328
30.484149932861328
30.484149932861328
31.178232192993164
30.484149932861328
30.484149932861328
35.909793853759766
30.484149932861328
30.484149932861328
31.178232192993164
36.41375732421875
27.04857635498047
30.484149932861328
30.484149932861328
31.178232192993164
30.484149932861328
30.484149932861328
30.484149932861328
31.178232192993164
30.484149932861328
30.484149932861328
30.484149932861328
30.484149932861328
31.178232192993164
30.13963508605957
25.354637145996094
30.484149932861328
28.992313385009766
27.278329849243164
30.484149932861328
31.178232192993164
30.484149932861328
30.484149932861328
30.484149932861328
30.484149932861328
31.178232192993164
33.451133728027344
26.09649658203125
30.484149932861328
30.484149932861328
31.178232192993164
29.115306854248047
30.484149932861328
30.484149932861328
28.210865020751953
24.832942962646484
38.75940704345703
26.09166717529297
30.484149932861328
30.484149932861328
31.178232192993164
31.579833984375
31.579833984375
32.203346252441406
26.297271728515625
31.579833984375
31.178232192993164
31.579833984375
31.579833984375
31.178232192993164
31.198026657104492
31.198026657104492
36.41375732421875
26.478134155273438
31.198026657104492
31.198026657104492
36.557350158691406
28.712677001953125
36.557350158691406
28.185829162597656
31.178232192993164
31.247331619262695
31.247331619262695
33.79150390625
29.813810348510742
31.178232192993164
31.247331619262695
31.247331619262695
30.639930725097656
28.859704971313477
25.566055297851562
31.247331619262695
35.149742126464844
31.178232192993164
33.451133728027344
25.500362396240234
33.22096252441406
32.18297576904297
31.309494018554688
30.752918243408203
24.90854263305664
33.79150390625
26.628393173217773
32.73973083496094
32.67658996582031
25.462261199951172
31.309494018554688
24.674728393554688
36.557350158691406
27.461875915527344
25.39786148071289
25.39786148071289
25.23072052001953
25.382362365722656
38.75940704345703
25.803977966308594
24.71320343017578
25.48478126525879
25.09773063659668
31.178232192993164
25.881580352783203
36.557350158691406
26.384456634521484
31.309494018554688
25.316415786743164
25.338455200195312
25.117897033691406
31.285640716552734
25.382362365722656
25.87884521484375
25.11529541015625
25.317590713500977
25.61507797241211
24.863658905029297
31.285640716552734
24.133323669433594
31.285640716552734
31.178232192993164
31.285640716552734
38.75940704345703
27.87494659423828
31.285640716552734
36.62154006958008
24.186851501464844
24.786895751953125
31.285377502441406
36.62097930908203
33.25700378417969
33.45785140991211
34.77526092529297
34.40727233886719
28.751800537109375
28.751800537109375
50.67851638793945
28.751800537109375
34.40727233886719
28.751800537109375
30.529077529907227
29.378612518310547
30.71717071533203
28.535846710205078
37.38606643676758
28.751800537109375
28.751800537109375
28.751800537109375
28.751800537109375
28.751800537109375
28.751800537109375
28.751800537109375
28.751800537109375
39.659019470214844
28.751800537109375
28.751800537109375
28.751800537109375
28.751800537109375
28.751800537109375
28.751800537109375
28.751800537109375
28.751800537109375
28.751800537109375
28.751800537109375
28.751800537109375
28.751800537109375
28.751800537109375
28.751800537109375
28.751800537109375
28.751800537109375
28.751800537109375
28.751800537109375
28.751800537109375
28.751800537109375
28.751800537109375
28.751800537109375
28.751800537109375
28.751800537109375
28.751800537109375
28.751800537109375
28.751800537109375
28.751800537109375
28.751800537109375
28.751800537109375
28.751800537109375
28.751800537109375
28.751800537109375
28.751800537109375
28.751800537109375
28.751800537109375
28.751800537109375
28.751800537109375
28.751800537109375
28.751800537109375
28.751800537109375
28.751800537109375
28.751800537109375
28.751800537109375
28.751800537109375
28.751800537109375
28.751800537109375
28.751800537109375
28.751800537109375
28.751800537109375
28.751800537109375
28.751800537109375
28.751800537109375
28.751800537109375
28.751800537109375
28.751800537109375
28.751800537109375
28.751800537109375
28.751800537109375
28.751800537109375
29.247100830078125
30.829143524169922
25.941280364990234
36.86440658569336
34.36605453491211
36.442527770996094
32.41108703613281
36.442527770996094
32.41108703613281
36.972740173339844
36.56382369995117
36.304046630859375
35.03694152832031
26.11742401123047
34.90336608886719
24.741649627685547
25.157291412353516
30.829143524169922
25.622581481933594
30.006683349609375
29.37837791442871
34.90336608886719
26.602081298828125
30.006683349609375
27.487375259399414
29.957889556884766
28.42673110961914
27.1773738861084
37.77729797363281
34.90336608886719
26.231491088867188
24.668991088867188
36.442527770996094
32.41108703613281
27.408859252929688
36.442527770996094
32.41108703613281
27.408859252929688
32.220394134521484
33.06147766113281
32.501487731933594
25.947513580322266
30.006683349609375
29.37837791442871
26.918975830078125
33.06147766113281
32.501487731933594
29.038558959960938
33.06147766113281
32.501487731933594
29.038558959960938
34.8589973449707
33.84324645996094
33.84324645996094
33.84324645996094
30.60080909729004
30.323410034179688
33.06147766113281
32.501487731933594
29.038558959960938
30.006683349609375
29.37837791442871
29.060428619384766
33.06147766113281
32.501487731933594
29.038558959960938
33.06147766113281
29.879112243652344
28.63150405883789
30.01656723022461
30.265151977539062
29.69141960144043
30.27739715576172
24.71211051940918
30.265151977539062
29.69141960144043
38.96011734008789
36.94953918457031
38.96011734008789
38.96011734008789
36.94953918457031
51.85021209716797
27.381935119628906
24.709789276123047
27.597957611083984
32.501487731933594
29.038558959960938
24.1523494720459
32.80730438232422
31.925735473632812
32.80730438232422
28.873306274414062
39.99888229370117
35.846519470214844
30.18946647644043
39.99888229370117
35.846519470214844
39.99888229370117
28.722803115844727
31.033723831176758
30.218528747558594
31.979225158691406
25.697795867919922
31.088180541992188
29.988353729248047
32.599151611328125
29.31671142578125
29.196334838867188
29.31671142578125
31.471324920654297
30.30227279663086
31.471324920654297
31.270906448364258
29.719581604003906
31.270906448364258
32.38896179199219
31.562252044677734
32.38896179199219
30.265151977539062
29.69141960144043
24.65589141845703
31.05693817138672
50.3300666809082
35.48442840576172
38.3872184753418
35.48442840576172
25.065921783447266
27.888309478759766
25.351289749145508
28.32847785949707
30.557052612304688
31.146209716796875
39.99888229370117
35.846519470214844
32.404022216796875
33.87944030761719
34.207786560058594
29.825054168701172
25.46832275390625
34.58367919921875
24.458650588989258
25.843482971191406
31.359092712402344
29.31599998474121
33.22374725341797
35.993492126464844
39.861595153808594
35.2823371887207
36.79985046386719
25.892444610595703
25.2161808013916
24.916719436645508
26.560184478759766
26.32791519165039
32.77531814575195
29.398540496826172
32.77531814575195
29.54568862915039
24.379114151000977
31.859203338623047
30.418041229248047
30.413963317871094
25.222747802734375
32.867637634277344
36.17330551147461
35.7199592590332
27.99135398864746
24.583011627197266
31.828956604003906
29.981292724609375
31.828956604003906
26.25066375732422
34.30405044555664
31.678865432739258
34.30405044555664
34.30405044555664
31.678865432739258
35.872962951660156
35.74899673461914
35.872962951660156
34.30405044555664
31.678865432739258
34.30405044555664
31.574203491210938
30.758251190185547
31.847328186035156
34.30405044555664
31.678865432739258
33.32259750366211
34.30405044555664
31.678865432739258
34.30405044555664
34.09218215942383
26.163471221923828
34.09218215942383
34.30405044555664
31.678865432739258
34.30405044555664
31.678865432739258
34.30405044555664
32.90165710449219
30.110126495361328
29.85943031311035
29.919057846069336
37.58479309082031
36.996944427490234
36.337066650390625
25.124956130981445
32.97940444946289
25.543468475341797
32.80598068237305
38.87774658203125
37.56358337402344
38.87774658203125
38.100765228271484
39.539215087890625
38.100765228271484
35.90864562988281
30.438613891601562
35.90864562988281
28.40947723388672
36.00261306762695
25.322490692138672
30.383464813232422
32.836544036865234
30.383464813232422
35.26707458496094
34.30405044555664
31.678865432739258
36.442527770996094
32.41108703613281
31.592060089111328
34.30405044555664
31.678865432739258
35.90864562988281
30.438613891601562
35.90864562988281
32.75187683105469
34.066246032714844
32.09952163696289
34.066246032714844
31.033723831176758
30.218528747558594
31.979225158691406
25.393619537353516
34.066246032714844
32.09952163696289
34.066246032714844
34.066246032714844
32.09952163696289
34.30405044555664
31.678865432739258
25.436309814453125
29.57373809814453
35.44921875
31.47850799560547
35.44942855834961
24.238544464111328
25.58424186706543
38.87617492675781
37.56370544433594
49.6592903137207
33.16096496582031
33.45785140991211
30.282363891601562
33.25700378417969
67.09388732910156
38.14952850341797
36.711875915527344
36.557350158691406
25.650991439819336
30.467411041259766
24.901283264160156
30.13963508605957
32.67658996582031
36.067344665527344
36.41375732421875
40.12771987915039
35.141014099121094
37.80855941772461
30.752918243408203
27.728492736816406
30.13963508605957
31.280122756958008
33.79150390625
35.69944763183594
38.75940704345703
25.846027374267578
36.557350158691406
25.462862014770508
36.557350158691406
25.38081932067871
24.87181282043457
36.557350158691406
29.02971649169922
29.723817825317383
25.391054153442383
36.62154006958008
25.778244018554688
31.713584899902344
31.81056785583496
38.74864196777344
38.87308120727539
38.75940704345703
25.384830474853516
25.967939376831055
25.019306182861328
40.29281997680664
31.280122756958008
25.777542114257812
31.280122756958008
38.75940704345703
38.75940704345703
27.720352172851562
27.720352172851562
28.040254592895508
27.720352172851562
30.549476623535156
25.145030975341797
36.41375732421875
25.825544357299805
39.383033752441406
54.78557586669922
30.13963508605957
28.371082305908203
30.13963508605957
25.055233001708984
32.25514221191406
66.3165512084961
36.62154006958008
25.359525680541992
25.53355598449707
30.13963508605957
25.03695297241211
33.79150390625
25.887670516967773
25.887670516967773
25.52961540222168
25.887670516967773
36.557350158691406
25.566055297851562
31.24102020263672
32.8442497253418
36.62154006958008
25.382415771484375
31.81056785583496
25.316652297973633
25.33306884765625
32.67658996582031
27.147300720214844
33.79150390625
25.674089431762695
25.448322296142578
32.15117645263672
36.557350158691406
25.142532348632812
35.9097900390625
36.62154006958008
32.73973083496094
36.62154006958008
25.774520874023438
25.571096420288086
25.582258224487305
25.571096420288086
25.674089431762695
25.754192352294922
25.800418853759766
25.754192352294922
25.754192352294922
25.754192352294922
25.754192352294922
25.754192352294922
32.914127349853516
25.754192352294922
33.79150390625
25.668498992919922
25.754192352294922
24.726089477539062
38.7594108581543
25.54616928100586
38.7594108581543
25.349365234375
25.754192352294922
26.639278411865234
25.754192352294922
25.754192352294922
25.754192352294922
25.800418853759766
25.754192352294922
25.75408363342285
25.75408363342285
25.75408363342285
25.75408363342285
25.75408363342285
25.75408363342285
25.75408363342285
25.75408363342285
25.80033302307129
26.08608627319336
25.75408363342285
25.41396141052246
25.75408363342285
25.21807861328125
25.75408363342285
25.75408363342285
25.516712188720703
25.75408363342285
25.21807861328125
25.80033302307129
29.507923126220703
25.18498992919922
27.139667510986328
25.21807861328125
25.21807861328125
