39.63269805908203
21.374032974243164
21.374032974243164
27.14398193359375
27.14398193359375
27.14398193359375
27.163772583007812
32.052974700927734
39.83091354370117
24.76040267944336
29.21334457397461
32.69016647338867
37.71125411987305
46.50421905517578
28.374908447265625
24.186702728271484
24.543651580810547
26.21381950378418
22.818050384521484
25.436508178710938
24.46221923828125
30.728479385375977
30.728479385375977
24.9249324798584
30.728479385375977
25.401762008666992
26.175214767456055
37.97746276855469
23.710182189941406
45.267677307128906
32.05286407470703
22.850078582763672
36.710548400878906
22.834096908569336
28.873149871826172
26.680530548095703
27.255413055419922
13.14889907836914
21.910621643066406
22.848308563232422
33.98419189453125
26.680530548095703
40.41138458251953
26.680530548095703
33.60758590698242
26.680530548095703
26.680530548095703
26.680530548095703
26.680530548095703
26.680530548095703
26.680530548095703
26.680530548095703
26.680530548095703
26.680530548095703
26.680530548095703
26.680530548095703
26.680530548095703
26.680530548095703
26.680530548095703
26.680530548095703
26.680530548095703
26.680530548095703
26.680530548095703
22.651403427124023
23.04283905029297
22.925914764404297
22.876728057861328
32.186622619628906
22.80196762084961
23.22791862487793
22.99187469482422
40.99800109863281
25.313640594482422
25.313640594482422
19.007034301757812
41.51604461669922
26.04399299621582
25.08155059814453
19.8153076171875
25.081401824951172
25.08155059814453
20.270715713500977
24.600000381469727
21.847578048706055
24.315059661865234
16.310495376586914
13.36227798461914
30.985380172729492
33.14827346801758
33.14827346801758
12.308940887451172
12.271408081054688
11.21744155883789
28.53723907470703
28.53723907470703
30.985380172729492
24.00284194946289
12.078596115112305
28.421499252319336
13.250106811523438
64.57267761230469
17.985170364379883
24.76040267944336
34.41038513183594
25.391267776489258
25.548725128173828
25.08155059814453
25.812042236328125
13.482410430908203
24.763364791870117
26.510395050048828
25.527502059936523
26.510395050048828
24.370197296142578
30.436777114868164
24.128446578979492
25.04044532775879
21.391475677490234
29.911212921142578
36.49662780761719
29.102014541625977
30.104141235351562
26.909893035888672
19.917179107666016
20.249126434326172
20.5993709564209
19.704776763916016
16.938051223754883
15.620372772216797
21.454496383666992
28.890783309936523
21.458906173706055
10.68112564086914
12.626758575439453
22.76276206970215
12.940889358520508
14.39130973815918
22.326370239257812
14.102182388305664
25.39410972595215
19.429899215698242
14.836528778076172
30.72669219970703
21.134212493896484
17.758615493774414
13.275081634521484
14.186895370483398
22.300960540771484
19.366989135742188
19.366989135742188
19.366989135742188
22.300960540771484
22.300960540771484
28.233789443969727
28.233789443969727
19.82730484008789
19.82730484008789
22.300960540771484
24.345176696777344
30.002885818481445
18.423227310180664
16.634601593017578
19.366989135742188
12.691007614135742
29.884845733642578
23.32469367980957
11.71905517578125
13.417875289916992
15.458415985107422
13.432680130004883
16.634601593017578
13.691978454589844
12.855247497558594
18.160144805908203
17.758615493774414
17.758615493774414
17.758615493774414
22.76276206970215
14.789525985717773
18.105627059936523
17.731243133544922
22.300960540771484
13.976619720458984
14.186895370483398
14.186895370483398
22.300960540771484
21.952482223510742
19.646501541137695
18.74695587158203
17.758615493774414
22.76276206970215
25.565471649169922
17.758615493774414
16.634601593017578
12.192174911499023
18.210346221923828
19.18617057800293
19.679397583007812
22.76276206970215
17.26468849182129
20.101364135742188
18.96233367919922
24.1318416595459
15.502227783203125
20.781553268432617
18.290966033935547
12.701730728149414
27.680410385131836
22.76276206970215
17.758615493774414
12.722282409667969
22.248275756835938
20.292821884155273
27.684024810791016
26.34718132019043
16.35045623779297
22.76276206970215
13.97909164428711
27.65096664428711
28.187833786010742
23.645103454589844
26.38646125793457
26.55587387084961
25.33149528503418
25.48157501220703
26.193002700805664
26.93006706237793
26.938194274902344
25.391267776489258
23.57497787475586
30.946590423583984
26.909893035888672
28.890783309936523
21.458906173706055
21.454496383666992
21.458906173706055
19.704776763916016
20.5993709564209
19.704776763916016
14.28411865234375
14.538688659667969
14.549419403076172
20.249126434326172
19.917179107666016
20.249126434326172
32.55035400390625
29.884845733642578
48.69573974609375
21.943653106689453
19.20412826538086
21.943653106689453
13.157520294189453
21.943653106689453
19.20412826538086
21.943653106689453
15.110157012939453
27.229215621948242
20.135129928588867
13.548282623291016
25.920623779296875
23.30242156982422
22.226640701293945
22.541547775268555
21.238040924072266
22.541547775268555
22.541547775268555
21.238040924072266
11.212295532226562
21.87547492980957
18.851917266845703
21.87547492980957
16.762388229370117
16.671356201171875
16.633298873901367
16.447406768798828
16.046724319458008
21.208932876586914
19.008142471313477
21.208932876586914
27.731090545654297
31.295562744140625
27.731090545654297
15.488967895507812
17.020593643188477
24.926876068115234
21.013187408447266
16.26503562927246
19.82730484008789
19.82730484008789
19.82730484008789
28.233789443969727
28.233789443969727
28.233789443969727
28.233789443969727
19.82730484008789
28.233789443969727
19.82730484008789
19.82730484008789
19.82730484008789
19.82730484008789
28.233789443969727
28.233789443969727
28.233789443969727
12.207672119140625
15.180643081665039
21.87547492980957
18.851917266845703
21.87547492980957
14.902965545654297
19.911083221435547
22.541547775268555
21.238040924072266
22.541547775268555
16.183475494384766
22.541547775268555
21.238040924072266
26.049896240234375
25.51888084411621
26.049896240234375
15.11606216430664
25.99537467956543
29.324581146240234
29.324581146240234
17.184654235839844
22.541547775268555
21.238040924072266
22.541547775268555
21.238040924072266
22.541547775268555
18.577617645263672
19.425586700439453
14.831459045410156
26.56495475769043
27.12538719177246
12.862022399902344
25.397451400756836
19.788482666015625
25.397451400756836
25.523712158203125
20.724407196044922
25.523712158203125
12.238670349121094
19.260326385498047
21.418750762939453
21.128768920898438
19.336700439453125
25.397451400756836
19.788482666015625
25.397451400756836
30.404325485229492
33.14827346801758
30.404325485229492
20.05183219909668
19.66960334777832
25.523712158203125
20.724407196044922
25.523712158203125
25.523712158203125
20.724407196044922
22.541547775268555
21.238040924072266
21.91732406616211
15.437501907348633
26.56495475769043
27.12538719177246
26.56495475769043
22.541547775268555
17.255130767822266
26.724782943725586
26.443496704101562
26.724782943725586
31.80096435546875
23.123855590820312
31.80096435546875
31.80096435546875
30.002885818481445
24.345176696777344
30.002885818481445
30.002885818481445
24.345176696777344
40.80864715576172
23.66839599609375
18.34050178527832
21.41274070739746
19.283222198486328
21.41274070739746
23.32469367980957
29.884845733642578
23.32469367980957
18.606237411499023
15.556989669799805
19.593875885009766
20.52281951904297
22.42967987060547
14.798147201538086
35.124107360839844
24.726985931396484
18.34050178527832
18.120235443115234
18.3941593170166
11.615711212158203
17.731243133544922
17.56522560119629
20.019699096679688
13.850961685180664
12.157882690429688
19.82730484008789
19.82730484008789
19.82730484008789
27.20417022705078
22.04810333251953
26.718263626098633
14.176963806152344
19.82730484008789
19.82730484008789
19.82730484008789
19.82730484008789
19.82730484008789
30.985380172729492
22.585369110107422
20.775142669677734
23.327016830444336
30.002885818481445
24.345176696777344
14.046056747436523
30.415752410888672
25.70218276977539
29.199222564697266
13.510433197021484
3.057079315185547
29.199222564697266
3.057079315185547
31.422138214111328
44.557037353515625
3.057079315185547
3.057079315185547
3.057079315185547
3.057079315185547
19.466590881347656
3.057079315185547
3.057079315185547
3.057079315185547
3.057079315185547
3.057079315185547
3.057079315185547
3.057079315185547
3.057079315185547
3.057079315185547
3.057079315185547
19.415904998779297
23.53589630126953
29.199222564697266
3.057079315185547
3.057079315185547
19.415904998779297
3.057079315185547
3.057079315185547
3.057079315185547
19.415904998779297
3.057079315185547
3.057079315185547
34.333778381347656
3.057079315185547
3.057079315185547
19.415904998779297
26.96124839782715
14.630817413330078
3.057079315185547
3.057079315185547
19.415904998779297
3.057079315185547
3.057079315185547
3.057079315185547
19.415904998779297
3.057079315185547
3.057079315185547
3.057079315185547
3.057079315185547
19.415904998779297
19.290491104125977
12.15517807006836
3.057079315185547
19.754899978637695
13.679817199707031
3.057079315185547
19.415904998779297
3.057079315185547
3.057079315185547
3.057079315185547
3.057079315185547
19.415904998779297
21.167531967163086
12.32693099975586
3.057079315185547
3.057079315185547
19.415904998779297
30.379899978637695
3.057079315185547
3.057079315185547
18.744792938232422
11.232595443725586
27.78292465209961
11.906044006347656
3.057079315185547
3.057079315185547
19.415904998779297
18.273681640625
18.273681640625
21.344188690185547
16.164880752563477
18.273681640625
19.415904998779297
18.273681640625
18.273681640625
19.415904998779297
18.187915802001953
18.187915802001953
26.96124839782715
14.676834106445312
18.187915802001953
18.187915802001953
24.647602081298828
19.164339065551758
24.647602081298828
20.386005401611328
19.415904998779297
19.284936904907227
19.284936904907227
21.815942764282227
25.13883399963379
19.415904998779297
19.284936904907227
19.284936904907227
19.809200286865234
22.925540924072266
12.276725769042969
19.284936904907227
30.365989685058594
19.415904998779297
21.167531967163086
12.43890380859375
28.083538055419922
25.610057830810547
20.27263641357422
19.10892677307129
12.199180603027344
21.815942764282227
18.04991340637207
24.76040267944336
27.132305145263672
12.176206588745117
20.27263641357422
14.239093780517578
24.647602081298828
18.48019027709961
13.360713958740234
13.360713958740234
12.019121170043945
11.551944732666016
27.78292465209961
13.649736404418945
13.345455169677734
12.216711044311523
12.048748016357422
19.415904998779297
13.431343078613281
24.647602081298828
14.063457489013672
20.27263641357422
11.665430068969727
11.7540283203125
11.249048233032227
20.996736526489258
11.551944732666016
13.288198471069336
14.516002655029297
12.575773239135742
12.94556999206543
13.622232437133789
20.996736526489258
12.133523941040039
20.996736526489258
19.415904998779297
20.996736526489258
27.78292465209961
20.705982208251953
20.996736526489258
28.433937072753906
11.110185623168945
11.55123519897461
20.99599838256836
28.43325424194336
22.280948638916016
23.444812774658203
33.64108657836914
30.864253997802734
12.279853820800781
12.279853820800781
50.31120300292969
12.279853820800781
30.864253997802734
12.279853820800781
21.130325317382812
18.039627075195312
23.760848999023438
24.41928482055664
34.88310623168945
12.279853820800781
12.279853820800781
12.279853820800781
12.279853820800781
12.279853820800781
12.279853820800781
12.279853820800781
12.279853820800781
41.19707489013672
12.279853820800781
12.279853820800781
12.279853820800781
12.279853820800781
12.279853820800781
12.279853820800781
12.279853820800781
12.279853820800781
12.279853820800781
12.279853820800781
12.279853820800781
12.279853820800781
12.279853820800781
12.279853820800781
12.279853820800781
12.279853820800781
12.279853820800781
12.279853820800781
12.279853820800781
12.279853820800781
12.279853820800781
12.279853820800781
12.279853820800781
12.279853820800781
12.279853820800781
12.279853820800781
12.279853820800781
12.279853820800781
12.279853820800781
12.279853820800781
12.279853820800781
12.279853820800781
12.279853820800781
12.279853820800781
12.279853820800781
12.279853820800781
12.279853820800781
12.279853820800781
12.279853820800781
12.279853820800781
12.279853820800781
12.279853820800781
12.279853820800781
12.279853820800781
12.279853820800781
12.279853820800781
12.279853820800781
12.279853820800781
12.279853820800781
12.279853820800781
12.279853820800781
12.279853820800781
12.279853820800781
12.279853820800781
12.279853820800781
12.279853820800781
12.279853820800781
12.279853820800781
12.279853820800781
12.279853820800781
20.704984664916992
21.628244400024414
11.541582107543945
24.00284194946289
25.681459426879883
30.633190155029297
23.866762161254883
30.633190155029297
23.866762161254883
19.365249633789062
16.462482452392578
16.69975471496582
17.976701736450195
12.211894989013672
23.446754455566406
11.143712997436523
13.476310729980469
21.628244400024414
11.604434967041016
22.585369110107422
20.775142669677734
23.446754455566406
17.199979782104492
22.585369110107422
20.073148727416992
20.133255004882812
19.418964385986328
17.01862907409668
43.43970489501953
23.446754455566406
15.176429748535156
15.143423080444336
30.633190155029297
23.866762161254883
17.71310043334961
30.633190155029297
23.866762161254883
17.71310043334961
32.064395904541016
22.54859733581543
23.34405517578125
12.018245697021484
22.585369110107422
20.775142669677734
16.755109786987305
22.54859733581543
23.34405517578125
23.17440414428711
22.54859733581543
23.34405517578125
23.17440414428711
27.898521423339844
28.53723907470703
28.53723907470703
28.53723907470703
19.773475646972656
19.619565963745117
22.54859733581543
23.34405517578125
23.17440414428711
22.585369110107422
20.775142669677734
23.327016830444336
22.54859733581543
23.34405517578125
23.17440414428711
22.54859733581543
19.9578857421875
18.942970275878906
21.585203170776367
21.66096305847168
19.860387802124023
19.396617889404297
12.726806640625
21.66096305847168
19.860387802124023
30.002885818481445
24.345176696777344
30.002885818481445
30.002885818481445
24.345176696777344
39.64200973510742
14.031129837036133
12.76766586303711
16.949243545532227
23.34405517578125
23.17440414428711
12.157882690429688
23.59920883178711
21.754674911499023
23.59920883178711
21.303802490234375
30.195045471191406
25.00434112548828
20.24835968017578
30.195045471191406
25.00434112548828
30.195045471191406
17.239933013916016
19.260326385498047
21.418750762939453
21.128768920898438
13.603500366210938
23.66839599609375
21.49017333984375
24.726985931396484
18.34050178527832
18.120235443115234
18.34050178527832
21.41274070739746
19.283222198486328
21.41274070739746
19.704776763916016
20.5993709564209
19.704776763916016
20.249126434326172
19.917179107666016
20.249126434326172
21.66096305847168
19.860387802124023
11.95843505859375
24.118621826171875
53.712059020996094
23.32469367980957
29.884845733642578
23.32469367980957
12.201000213623047
14.581794738769531
13.466468811035156
17.731243133544922
19.177274703979492
20.019699096679688
30.195045471191406
25.00434112548828
18.608619689941406
25.412296295166016
25.66274070739746
20.54753875732422
11.548738479614258
16.04490089416504
13.316276550292969
12.311134338378906
20.569969177246094
18.805967330932617
23.78801727294922
23.006065368652344
35.87002944946289
23.4951114654541
17.28911018371582
14.253974914550781
14.450216293334961
12.43586540222168
16.564380645751953
14.837785720825195
21.87547492980957
18.851917266845703
21.87547492980957
18.104923248291016
12.342264175415039
22.42967987060547
19.650402069091797
19.593875885009766
12.251861572265625
16.774856567382812
27.684024810791016
26.34718132019043
20.058979034423828
10.769050598144531
21.943653106689453
19.20412826538086
21.943653106689453
15.314903259277344
22.541547775268555
21.238040924072266
22.541547775268555
22.541547775268555
21.238040924072266
26.092342376708984
25.926925659179688
26.092342376708984
22.541547775268555
21.238040924072266
22.541547775268555
21.836275100708008
24.483715057373047
23.6400146484375
22.541547775268555
21.238040924072266
16.834564208984375
22.541547775268555
21.238040924072266
22.541547775268555
29.17801284790039
16.25870704650879
29.17801284790039
22.541547775268555
21.238040924072266
22.541547775268555
21.238040924072266
22.541547775268555
17.497406005859375
22.333675384521484
21.850357055664062
21.796871185302734
28.890783309936523
26.2128963470459
24.90033721923828
11.206605911254883
16.263490676879883
12.91848373413086
24.2640438079834
26.56495475769043
27.12538719177246
26.56495475769043
30.404325485229492
33.14827346801758
30.404325485229492
25.397451400756836
19.788482666015625
25.397451400756836
16.585969924926758
26.919700622558594
10.823057174682617
21.617040634155273
28.357574462890625
21.617040634155273
16.008760452270508
22.541547775268555
21.238040924072266
30.633190155029297
23.866762161254883
25.124841690063477
22.541547775268555
21.238040924072266
25.397451400756836
19.788482666015625
25.397451400756836
28.316856384277344
25.523712158203125
20.724407196044922
25.523712158203125
19.260326385498047
21.418750762939453
21.128768920898438
12.467390060424805
25.523712158203125
20.724407196044922
25.523712158203125
25.523712158203125
20.724407196044922
22.541547775268555
21.238040924072266
15.16419792175293
18.231355667114258
26.724782943725586
26.443496704101562
26.725053787231445
12.188968658447266
13.32870101928711
26.562660217285156
27.12542724609375
49.420166015625
27.41691017150879
23.444812774658203
20.976818084716797
22.280948638916016
85.98723602294922
29.199222564697266
39.03624725341797
24.647602081298828
12.045536041259766
20.809860229492188
12.695751190185547
19.290491104125977
27.132305145263672
25.32856559753418
26.96124839782715
28.735614776611328
23.294567108154297
26.766164779663086
19.10892677307129
14.53317642211914
19.290491104125977
19.466590881347656
21.815942764282227
26.382226943969727
27.78292465209961
17.551149368286133
24.647602081298828
12.285926818847656
24.647602081298828
15.510908126831055
12.994693756103516
24.647602081298828
18.38222312927246
21.431533813476562
13.888652801513672
28.433937072753906
13.259481430053711
22.58260726928711
22.822660446166992
40.84649658203125
40.69512176513672
27.78292465209961
12.403419494628906
13.364627838134766
13.048282623291016
24.204729080200195
19.466590881347656
13.307600021362305
19.466590881347656
27.78292465209961
27.78292465209961
22.249265670776367
22.249265670776367
19.58252716064453
22.249265670776367
19.316835403442383
12.85958480834961
26.96124839782715
12.096080780029297
36.28926086425781
46.917518615722656
19.290491104125977
17.69497299194336
19.290491104125977
12.688007354736328
29.8891658782959
69.03302001953125
28.433937072753906
12.71377182006836
12.828529357910156
19.290491104125977
14.528142929077148
21.815942764282227
11.889551162719727
11.889551162719727
11.36756706237793
11.889551162719727
24.647602081298828
12.276725769042969
20.346141815185547
23.008684158325195
28.433937072753906
14.46129035949707
22.822660446166992
12.91341781616211
12.421016693115234
27.132301330566406
15.726997375488281
21.815942764282227
11.740619659423828
13.685352325439453
23.194488525390625
24.647600173950195
13.516599655151367
34.333770751953125
28.433937072753906
24.76040267944336
28.433937072753906
14.109725952148438
13.221405029296875
12.596405029296875
13.221405029296875
11.740619659423828
11.778348922729492
12.880918502807617
11.778348922729492
11.778348922729492
11.778348922729492
11.778348922729492
11.778348922729492
23.137710571289062
11.778348922729492
21.815942764282227
11.660451889038086
11.778348922729492
14.313552856445312
27.782928466796875
14.565778732299805
27.782928466796875
13.793373107910156
11.778348922729492
18.502155303955078
11.778348922729492
11.778348922729492
11.778348922729492
12.880918502807617
11.778348922729492
11.77847671508789
11.77847671508789
11.77847671508789
11.77847671508789
11.77847671508789
11.77847671508789
11.77847671508789
11.77847671508789
12.88100814819336
15.45981216430664
11.77847671508789
13.073478698730469
11.77847671508789
12.478353500366211
11.77847671508789
11.77847671508789
13.369831085205078
11.77847671508789
12.478353500366211
12.88100814819336
18.557781219482422
11.984092712402344
16.91562271118164
12.478353500366211
12.478353500366211
