35.50702667236328
15.951004028320312
15.951004028320312
17.248001098632812
17.248001098632812
17.248001098632812
19.680477142333984
27.095623016357422
38.022422790527344
16.58634376525879
25.119518280029297
30.690650939941406
38.235069274902344
44.193824768066406
24.139572143554688
15.603429794311523
16.067039489746094
18.25516128540039
13.966348648071289
16.74541473388672
15.781158447265625
23.348634719848633
23.348634719848633
16.745838165283203
23.348634719848633
17.94664192199707
17.87636375427246
31.07527732849121
13.7996826171875
42.49189758300781
23.942716598510742
13.083934783935547
29.440160751342773
13.095401763916016
15.455551147460938
13.660491943359375
13.782337188720703
0.19678497314453125
13.007431030273438
13.057884216308594
17.86382293701172
13.660491943359375
34.1484375
13.660491943359375
26.44770050048828
13.660491943359375
13.660491943359375
13.660491943359375
13.660491943359375
13.660491943359375
13.660491943359375
13.660491943359375
13.660491943359375
13.660491943359375
13.660491943359375
13.660491943359375
13.660491943359375
13.660491943359375
13.660491943359375
13.660491943359375
13.660491943359375
13.660491943359375
13.660491943359375
12.949058532714844
13.145805358886719
13.020503997802734
13.130523681640625
23.360870361328125
13.05880355834961
13.523067474365234
13.189888000488281
37.783138275146484
16.215917587280273
16.215917587280273
8.551002502441406
36.80854034423828
10.920186996459961
10.286994934082031
11.591339111328125
9.748418807983398
10.286994934082031
11.555192947387695
9.871940612792969
13.154727935791016
14.983238220214844
6.9016876220703125
1.9148635864257812
25.536745071411133
21.867721557617188
21.867721557617188
1.3630867004394531
1.7426528930664062
-0.5538520812988281
22.778789520263672
22.778789520263672
25.536745071411133
12.42083740234375
0.1830291748046875
20.36261749267578
3.480724334716797
63.098487854003906
8.00825309753418
16.58634376525879
49.45025634765625
11.108255386352539
18.156490325927734
10.286994934082031
10.556985855102539
-2.2014083862304688
9.593395233154297
11.896366119384766
10.515918731689453
11.896366119384766
15.013141632080078
16.47677230834961
14.61044692993164
13.18063735961914
9.514961242675781
21.143638610839844
24.19683074951172
14.94938850402832
15.755929946899414
18.117273330688477
8.444263458251953
8.985445022583008
12.760440826416016
10.038162231445312
8.857223510742188
4.437141418457031
11.8492431640625
19.651105880737305
12.028680801391602
-0.5977516174316406
1.5713653564453125
13.161046981811523
1.6636238098144531
4.152042388916016
19.128070831298828
3.1218490600585938
17.6448974609375
9.157341003417969
2.6153221130371094
22.274459838867188
10.112060546875
6.361644744873047
1.5779876708984375
2.447986602783203
12.003883361816406
7.6651611328125
7.6651611328125
7.6651611328125
12.003883361816406
12.003883361816406
16.063396453857422
16.063396453857422
10.330516815185547
10.330516815185547
12.003883361816406
12.658638000488281
18.405948638916016
8.827873229980469
5.299957275390625
7.6651611328125
1.4561271667480469
17.696590423583984
11.94356918334961
0.09590911865234375
2.145843505859375
4.160377502441406
2.222187042236328
5.299957275390625
2.603485107421875
0.7860107421875
8.185203552246094
6.361644744873047
6.361644744873047
6.361644744873047
13.161046981811523
3.616443634033203
8.533012390136719
8.11202621459961
12.003883361816406
6.690315246582031
2.447986602783203
2.447986602783203
12.003883361816406
15.079597473144531
11.146129608154297
9.043498992919922
6.361644744873047
13.161046981811523
21.898513793945312
6.361644744873047
5.299957275390625
1.0202903747558594
8.09762191772461
9.133094787597656
9.673580169677734
13.161046981811523
6.719490051269531
10.313312530517578
11.284217834472656
18.957355499267578
3.7017555236816406
13.951662063598633
7.5756683349609375
1.0027313232421875
21.277507781982422
13.161046981811523
6.361644744873047
1.5852165222167969
13.080562591552734
11.86530876159668
21.37566375732422
17.469196319580078
9.147624969482422
13.161046981811523
2.6607437133789062
23.000764846801758
14.650829315185547
11.307296752929688
11.051158905029297
11.004701614379883
12.967899322509766
15.162715911865234
10.663444519042969
12.054012298583984
20.024808883666992
11.108255386352539
13.9901123046875
19.903095245361328
18.117273330688477
19.651105880737305
12.028680801391602
11.8492431640625
12.028680801391602
10.038162231445312
12.760440826416016
10.038162231445312
5.222110748291016
6.374107360839844
3.588134765625
8.985445022583008
8.444263458251953
8.985445022583008
28.32062530517578
17.696590423583984
43.22063446044922
11.503496170043945
9.648176193237305
11.503496170043945
2.8364715576171875
11.503496170043945
9.648176193237305
11.503496170043945
3.4984893798828125
21.7885799407959
12.409860610961914
2.156646728515625
16.585390090942383
13.732521057128906
12.019664764404297
13.495357513427734
12.004308700561523
13.495357513427734
13.495357513427734
12.004308700561523
-0.008869171142578125
12.99875259399414
10.284540176391602
12.99875259399414
9.609989166259766
9.664115905761719
8.97528076171875
9.286678314208984
8.512096405029297
10.97334098815918
9.836227416992188
10.97334098815918
18.300329208374023
23.48663330078125
18.300329208374023
8.290725708007812
5.540872573852539
13.35525894165039
15.187934875488281
4.489471435546875
10.330516815185547
10.330516815185547
10.330516815185547
16.063396453857422
16.063396453857422
16.063396453857422
16.063396453857422
10.330516815185547
16.063396453857422
10.330516815185547
10.330516815185547
10.330516815185547
10.330516815185547
16.063396453857422
16.063396453857422
16.063396453857422
0.8475151062011719
3.6070289611816406
12.99875259399414
10.284540176391602
12.99875259399414
6.982929229736328
11.229820251464844
13.495357513427734
12.004308700561523
13.495357513427734
8.854419708251953
13.495357513427734
12.004308700561523
16.41012954711914
15.468940734863281
16.41012954711914
3.2639236450195312
15.989753723144531
17.1653995513916
17.1653995513916
8.80535888671875
13.495357513427734
12.004308700561523
13.495357513427734
12.004308700561523
13.495357513427734
13.495849609375
8.807252883911133
4.891094207763672
16.97938346862793
16.770709991455078
1.19403076171875
15.297990798950195
10.690311431884766
15.297990798950195
15.330852508544922
9.134531021118164
15.330852508544922
2.853984832763672
9.257261276245117
13.042537689208984
12.090898513793945
8.822509765625
15.297990798950195
10.690311431884766
15.297990798950195
19.596389770507812
21.867721557617188
19.596389770507812
15.533096313476562
11.87844467163086
15.330852508544922
9.134531021118164
15.330852508544922
15.330852508544922
9.134531021118164
13.495357513427734
12.004308700561523
13.165996551513672
3.5180587768554688
16.97938346862793
16.770709991455078
16.97938346862793
13.495357513427734
9.201854705810547
17.605247497558594
20.909992218017578
17.605247497558594
22.97869110107422
15.667261123657227
22.97869110107422
22.97869110107422
18.405948638916016
12.658638000488281
18.405948638916016
18.405948638916016
12.658638000488281
42.435768127441406
15.583915710449219
9.314434051513672
11.436782836914062
8.898704528808594
11.436782836914062
11.94356918334961
17.696590423583984
11.94356918334961
8.180303573608398
4.222286224365234
9.817472457885742
10.03140640258789
12.521371841430664
3.2709617614746094
33.35545349121094
16.46908187866211
9.314434051513672
9.70132064819336
10.328975677490234
0.3963623046875
8.11202621459961
6.977178573608398
11.5985107421875
6.007347106933594
1.3301582336425781
10.330516815185547
10.330516815185547
10.330516815185547
19.703895568847656
11.052955627441406
17.094036102294922
4.019111633300781
10.330516815185547
10.330516815185547
10.330516815185547
10.330516815185547
10.330516815185547
25.536745071411133
13.767341613769531
12.457290649414062
15.14251708984375
18.405948638916016
12.658638000488281
4.489315032958984
27.974685668945312
19.176849365234375
20.813705444335938
2.197479248046875
-12.617530822753906
20.813705444335938
-12.617530822753906
23.826034545898438
39.04974365234375
-12.617530822753906
-12.617530822753906
-12.617530822753906
-12.617530822753906
9.044675827026367
-12.617530822753906
-12.617530822753906
-12.617530822753906
-12.617530822753906
-12.617530822753906
-12.617530822753906
-12.617530822753906
-12.617530822753906
-12.617530822753906
-12.617530822753906
7.351955413818359
17.49176788330078
20.813705444335938
-12.617530822753906
-12.617530822753906
7.351955413818359
-12.617530822753906
-12.617530822753906
-12.617530822753906
7.351955413818359
-12.617530822753906
-12.617530822753906
27.274524688720703
-12.617530822753906
-12.617530822753906
7.351955413818359
15.755428314208984
11.358226776123047
-12.617530822753906
-12.617530822753906
7.351955413818359
-12.617530822753906
-12.617530822753906
-12.617530822753906
7.351955413818359
-12.617530822753906
-12.617530822753906
-12.617530822753906
-12.617530822753906
7.351955413818359
10.622970581054688
0.4262847900390625
-12.617530822753906
10.999820709228516
2.913055419921875
-12.617530822753906
7.351955413818359
-12.617530822753906
-12.617530822753906
-12.617530822753906
-12.617530822753906
7.351955413818359
9.833480834960938
1.1632728576660156
-12.617530822753906
-12.617530822753906
7.351955413818359
31.538623809814453
-12.617530822753906
-12.617530822753906
9.5235595703125
-0.23160552978515625
16.750411987304688
-1.0046539306640625
-12.617530822753906
-12.617530822753906
7.351955413818359
6.1651153564453125
6.1651153564453125
14.34149169921875
6.526481628417969
6.1651153564453125
7.351955413818359
6.1651153564453125
6.1651153564453125
7.351955413818359
5.665031433105469
5.665031433105469
15.755428314208984
6.292655944824219
5.665031433105469
5.665031433105469
13.558963775634766
9.24140739440918
13.558963775634766
13.556285858154297
7.351955413818359
6.838951110839844
6.838951110839844
11.00480842590332
16.10517120361328
7.351955413818359
6.838951110839844
6.838951110839844
10.348430633544922
12.338699340820312
0.15283584594726562
6.838951110839844
23.476539611816406
7.351955413818359
9.833480834960938
2.096538543701172
23.524742126464844
17.459571838378906
8.107513427734375
8.951208114624023
3.087718963623047
11.00480842590332
8.715133666992188
16.58634376525879
21.367589950561523
-0.04004669189453125
8.107513427734375
5.006931304931641
13.558963775634766
11.37158203125
2.230609893798828
2.230609893798828
-0.2361602783203125
-0.9166336059570312
16.750411987304688
3.073883056640625
4.128181457519531
0.19780349731445312
-0.039279937744140625
7.351955413818359
1.9854240417480469
13.558963775634766
3.4117202758789062
8.107513427734375
-0.8808059692382812
-0.22509765625
-0.9104766845703125
9.322574615478516
-0.9166336059570312
1.5206680297851562
6.364688873291016
0.8402137756347656
1.3500785827636719
4.546623229980469
9.322574615478516
1.7502479553222656
9.322574615478516
7.351955413818359
9.322574615478516
16.750411987304688
10.38027572631836
9.322574615478516
17.830671310424805
-0.6099205017089844
-0.11689376831054688
9.321739196777344
17.830087661743164
10.36368179321289
13.97148323059082
32.03626251220703
25.56892967224121
-4.032138824462891
-4.032138824462891
56.97932434082031
-4.032138824462891
25.56892967224121
-4.032138824462891
11.415241241455078
6.155231475830078
13.389898300170898
21.380393981933594
33.1467399597168
-4.032138824462891
-4.032138824462891
-4.032138824462891
-4.032138824462891
-4.032138824462891
-4.032138824462891
-4.032138824462891
-4.032138824462891
33.95436096191406
-4.032138824462891
-4.032138824462891
-4.032138824462891
-4.032138824462891
-4.032138824462891
-4.032138824462891
-4.032138824462891
-4.032138824462891
-4.032138824462891
-4.032138824462891
-4.032138824462891
-4.032138824462891
-4.032138824462891
-4.032138824462891
-4.032138824462891
-4.032138824462891
-4.032138824462891
-4.032138824462891
-4.032138824462891
-4.032138824462891
-4.032138824462891
-4.032138824462891
-4.032138824462891
-4.032138824462891
-4.032138824462891
-4.032138824462891
-4.032138824462891
-4.032138824462891
-4.032138824462891
-4.032138824462891
-4.032138824462891
-4.032138824462891
-4.032138824462891
-4.032138824462891
-4.032138824462891
-4.032138824462891
-4.032138824462891
-4.032138824462891
-4.032138824462891
-4.032138824462891
-4.032138824462891
-4.032138824462891
-4.032138824462891
-4.032138824462891
-4.032138824462891
-4.032138824462891
-4.032138824462891
-4.032138824462891
-4.032138824462891
-4.032138824462891
-4.032138824462891
-4.032138824462891
-4.032138824462891
-4.032138824462891
-4.032138824462891
-4.032138824462891
-4.032138824462891
-4.032138824462891
-4.032138824462891
-4.032138824462891
12.411922454833984
12.75472640991211
0.001537322998046875
12.42083740234375
16.658103942871094
20.805644989013672
11.820138931274414
20.805644989013672
11.820138931274414
9.895076751708984
7.788234710693359
6.524284362792969
10.268169403076172
-0.4268531799316406
12.240272521972656
-0.6370086669921875
5.218418121337891
12.75472640991211
0.4444313049316406
13.767341613769531
12.457290649414062
12.240272521972656
11.46872329711914
13.767341613769531
9.966636657714844
10.8314208984375
10.103988647460938
7.933391571044922
41.74847412109375
12.240272521972656
6.8203887939453125
5.706707000732422
20.805644989013672
11.820138931274414
5.035186767578125
20.805644989013672
11.820138931274414
5.035186767578125
29.794097900390625
12.33303451538086
13.679445266723633
-1.1792678833007812
13.767341613769531
12.457290649414062
5.907081604003906
12.33303451538086
13.679445266723633
13.476634979248047
12.33303451538086
13.679445266723633
13.476634979248047
25.083520889282227
22.778789520263672
22.778789520263672
22.778789520263672
10.490371704101562
10.392200469970703
12.33303451538086
13.679445266723633
13.476634979248047
13.767341613769531
12.457290649414062
15.14251708984375
12.33303451538086
13.679445266723633
13.476634979248047
12.33303451538086
10.890472412109375
9.09419059753418
14.823379516601562
13.248065948486328
11.279308319091797
9.620487213134766
2.0922393798828125
13.248065948486328
11.279308319091797
18.405948638916016
12.658638000488281
18.405948638916016
18.405948638916016
12.658638000488281
35.62681579589844
2.107738494873047
1.5620880126953125
6.742515563964844
13.679445266723633
13.476634979248047
1.3301582336425781
13.523550033569336
11.94664192199707
13.523550033569336
24.832157135009766
22.741498947143555
15.129127502441406
9.329387664794922
22.741498947143555
15.129127502441406
22.741498947143555
5.070529937744141
9.257261276245117
13.042537689208984
12.090898513793945
2.3334808349609375
15.583915710449219
13.557090759277344
16.46908187866211
9.314434051513672
9.70132064819336
9.314434051513672
11.436782836914062
8.898704528808594
11.436782836914062
10.038162231445312
12.760440826416016
10.038162231445312
8.985445022583008
8.444263458251953
8.985445022583008
13.248065948486328
11.279308319091797
0.12266159057617188
19.311511993408203
47.08609390258789
11.94356918334961
17.696590423583984
11.94356918334961
1.8556594848632812
2.6801109313964844
2.3790130615234375
8.11202621459961
8.983715057373047
11.5985107421875
22.741498947143555
15.129127502441406
13.349405288696289
17.40576171875
16.806129455566406
11.622608184814453
-0.11435699462890625
9.274276733398438
2.7119712829589844
1.7691574096679688
11.216377258300781
10.393682479858398
15.566295623779297
15.007362365722656
36.4163818359375
13.094493865966797
9.131000518798828
2.831615447998047
4.1524200439453125
0.06793594360351562
6.444267272949219
3.454204559326172
12.99875259399414
10.284540176391602
12.99875259399414
6.353610992431641
1.0694541931152344
12.521371841430664
9.861024856567383
9.817472457885742
0.240814208984375
9.080032348632812
21.37566375732422
17.469196319580078
15.539581298828125
-0.7015724182128906
11.503496170043945
9.648176193237305
11.503496170043945
5.205329895019531
13.495357513427734
12.004308700561523
13.495357513427734
13.495357513427734
12.004308700561523
15.81399154663086
15.83395004272461
15.81399154663086
13.495357513427734
12.004308700561523
13.495357513427734
13.541515350341797
16.40827751159668
15.03240966796875
13.495357513427734
12.004308700561523
8.884971618652344
13.495357513427734
12.004308700561523
13.495357513427734
16.818313598632812
8.70675277709961
16.818313598632812
13.495357513427734
12.004308700561523
13.495357513427734
12.004308700561523
13.495357513427734
10.16341781616211
14.203182220458984
13.573848724365234
13.20125961303711
19.651105880737305
15.884857177734375
13.571399688720703
-0.4839363098144531
10.350021362304688
2.9271011352539062
13.441368103027344
16.97938346862793
16.770709991455078
16.97938346862793
19.596389770507812
21.867721557617188
19.596389770507812
15.297990798950195
10.690311431884766
15.297990798950195
4.586643218994141
22.471134185791016
-1.8899116516113281
13.069913864135742
20.5150146484375
13.069913864135742
9.640625
13.495357513427734
12.004308700561523
20.805644989013672
11.820138931274414
19.69097900390625
13.495357513427734
12.004308700561523
15.297990798950195
10.690311431884766
15.297990798950195
28.02255630493164
15.330852508544922
9.134531021118164
15.330852508544922
9.257261276245117
13.042537689208984
12.090898513793945
1.2440414428710938
15.330852508544922
9.134531021118164
15.330852508544922
15.330852508544922
9.134531021118164
13.495357513427734
12.004308700561523
3.989206314086914
6.988578796386719
17.605247497558594
20.909992218017578
17.605485916137695
0.65289306640625
2.8090362548828125
16.97650718688965
16.76970863342285
51.291542053222656
38.39872741699219
13.97148323059082
16.27324676513672
10.36368179321289
88.8814697265625
20.813705444335938
39.793121337890625
13.558963775634766
0.6287765502929688
12.088768005371094
5.037967681884766
10.622970581054688
21.367589950561523
20.647403717041016
15.755428314208984
22.443809509277344
17.68229103088379
20.940853118896484
8.951208114624023
4.780559539794922
10.622970581054688
9.044675827026367
11.00480842590332
20.93373680114746
16.750411987304688
7.2574920654296875
13.558963775634766
0.8476829528808594
13.558963775634766
4.859489440917969
2.566761016845703
13.558963775634766
7.829265594482422
15.91866683959961
3.5073318481445312
17.830671310424805
2.978923797607422
20.492259979248047
13.436738967895508
53.320777893066406
51.50740432739258
16.750411987304688
0.562255859375
1.7617340087890625
2.7708282470703125
16.954166412353516
9.044675827026367
1.8712654113769531
9.044675827026367
16.750411987304688
16.750411987304688
13.832469940185547
13.832469940185547
10.19760513305664
13.832469940185547
9.725320816040039
2.3186416625976562
15.755428314208984
0.5607452392578125
39.61266326904297
40.17278289794922
10.622970581054688
7.281137466430664
10.622970581054688
1.6096687316894531
22.442428588867188
50.413055419921875
17.830671310424805
1.6662750244140625
1.5398292541503906
10.622970581054688
4.247425079345703
11.00480842590332
-1.0357208251953125
-1.0357208251953125
-1.5238761901855469
-1.0357208251953125
13.558963775634766
0.15283584594726562
10.08387565612793
13.3857421875
17.830671310424805
3.7354087829589844
13.436738967895508
2.8017349243164062
0.8133354187011719
21.367589950561523
7.131340026855469
11.00480842590332
-1.0818367004394531
4.151851654052734
11.683013916015625
13.558967590332031
2.5546112060546875
27.27452850341797
17.830671310424805
16.586347579956055
17.830671310424805
3.6316871643066406
2.4400253295898438
1.082244873046875
2.4400253295898438
-1.0818367004394531
-1.1739044189453125
0.8326873779296875
-1.1739044189453125
-1.1739044189453125
-1.1739044189453125
-1.1739044189453125
-1.1739044189453125
13.84548568725586
-1.1739044189453125
11.00480842590332
-1.2819557189941406
-1.1739044189453125
3.556835174560547
16.750417709350586
3.8585891723632812
16.750417709350586
3.4043006896972656
-1.1739044189453125
8.546760559082031
-1.1739044189453125
-1.1739044189453125
-1.1739044189453125
0.8326873779296875
-1.1739044189453125
-1.1734390258789062
-1.1734390258789062
-1.1734390258789062
-1.1734390258789062
-1.1734390258789062
-1.1734390258789062
-1.1734390258789062
-1.1734390258789062
0.8327980041503906
5.805416107177734
-1.1734390258789062
1.7341728210449219
-1.1734390258789062
0.8072624206542969
-1.1734390258789062
-1.1734390258789062
2.211048126220703
-1.1734390258789062
0.8072624206542969
0.8327980041503906
6.492763519287109
0.06640243530273438
7.964424133300781
0.8072624206542969
0.8072624206542969
