40.66578674316406
22.932336807250977
22.932336807250977
29.251035690307617
29.251035690307617
29.251035690307617
28.599224090576172
33.21136474609375
39.438533782958984
26.627349853515625
29.814807891845703
33.97904968261719
38.28435516357422
48.223201751708984
29.556991577148438
26.396577835083008
26.617225646972656
28.118186950683594
25.1575870513916
27.46664047241211
26.703380584716797
31.855031967163086
31.855031967163086
26.723548889160156
31.855031967163086
26.93380355834961
27.884218215942383
37.517425537109375
27.896499633789062
43.52405548095703
33.38278579711914
27.147968292236328
36.990142822265625
27.144962310791016
40.195648193359375
39.23896026611328
39.39036178588867
16.325878143310547
26.374006271362305
27.102033615112305
34.7786750793457
39.23896026611328
39.51087951660156
39.23896026611328
34.627845764160156
39.23896026611328
39.23896026611328
39.23896026611328
39.23896026611328
39.23896026611328
39.23896026611328
39.23896026611328
39.23896026611328
39.23896026611328
39.23896026611328
39.23896026611328
39.23896026611328
39.23896026611328
39.23896026611328
39.23896026611328
39.23896026611328
39.23896026611328
39.23896026611328
26.996519088745117
27.133453369140625
27.03510284423828
27.13035011291504
33.411216735839844
27.037639617919922
27.309158325195312
27.235824584960938
40.909034729003906
26.920583724975586
26.920583724975586
21.805580139160156
43.01728057861328
29.552919387817383
28.66478729248047
22.27337646484375
28.706640243530273
28.66478729248047
22.4892520904541
28.213159561157227
23.972158432006836
26.657066345214844
18.671489715576172
16.3922176361084
31.828523635864258
34.96995544433594
34.96995544433594
15.108537673950195
15.137348175048828
14.410171508789062
29.598264694213867
29.598264694213867
31.828523635864258
27.266551971435547
15.216590881347656
29.70639991760254
15.904769897460938
64.05924987792969
20.50975799560547
26.627349853515625
33.90494155883789
28.718786239624023
27.463088989257812
28.66478729248047
29.360227584838867
17.653154373168945
28.392486572265625
29.90022087097168
29.06369400024414
29.90022087097168
26.699098587036133
33.729225158691406
26.343664169311523
28.005922317504883
24.544677734375
31.735733032226562
38.83822250366211
32.133995056152344
33.439208984375
28.99007225036621
22.632001876831055
23.060911178588867
22.65069580078125
22.44219207763672
21.93756103515625
18.442590713500977
23.825122833251953
30.73662567138672
23.812530517578125
14.19351577758789
15.973539352416992
24.787553787231445
16.295860290527344
17.49265480041504
23.90184783935547
17.281585693359375
26.344423294067383
21.752573013305664
17.961761474609375
31.743000030517578
23.531261444091797
20.544940948486328
16.513427734375
17.259437561035156
24.571020126342773
21.978620529174805
21.978620529174805
21.978620529174805
24.571020126342773
24.571020126342773
30.885112762451172
30.885112762451172
22.233488082885742
22.233488082885742
24.571020126342773
27.466434478759766
32.181365966796875
20.911174774169922
19.49091911315918
21.978620529174805
15.721731185913086
32.245033264160156
26.274219512939453
14.987264633178711
16.513710021972656
18.3939208984375
16.475704193115234
19.49091911315918
16.708810806274414
16.16588592529297
20.72730827331543
20.544940948486328
20.544940948486328
20.544940948486328
24.787553787231445
17.962560653686523
20.480777740478516
20.093727111816406
24.571020126342773
16.595016479492188
17.259437561035156
17.259437561035156
24.571020126342773
23.596588134765625
23.839702606201172
19.857532501220703
20.544940948486328
24.787553787231445
26.279523849487305
20.544940948486328
19.49091911315918
15.420719146728516
20.78286361694336
21.50870704650879
22.068628311157227
24.787553787231445
19.90239715576172
20.252294540405273
20.83269500732422
25.954174041748047
18.46672248840332
23.022228240966797
20.803070068359375
16.0069637298584
29.001205444335938
24.787553787231445
20.544940948486328
16.07985496520996
24.29791831970215
22.433847427368164
29.712894439697266
28.743778228759766
18.229915618896484
24.787553787231445
16.972028732299805
28.265445709228516
31.296058654785156
26.38582420349121
29.901145935058594
30.144079208374023
28.445056915283203
27.956716537475586
29.799827575683594
30.33798599243164
28.83761215209961
28.718786239624023
25.939739227294922
33.2913818359375
28.99007225036621
30.73662567138672
23.812530517578125
23.825122833251953
23.812530517578125
22.44219207763672
22.65069580078125
22.44219207763672
17.318227767944336
17.459163665771484
17.408212661743164
23.060911178588867
22.632001876831055
23.060911178588867
33.453208923339844
32.245033264160156
48.57968521118164
24.474403381347656
21.699464797973633
24.474403381347656
16.214508056640625
24.474403381347656
21.699464797973633
24.474403381347656
18.071123123168945
27.99698829650879
21.814476013183594
16.403066635131836
28.31377601623535
25.90528678894043
25.01835823059082
25.144031524658203
23.591176986694336
25.144031524658203
25.144031524658203
23.591176986694336
14.325950622558594
24.361940383911133
21.16116714477539
24.361940383911133
23.032207489013672
23.109970092773438
20.53376579284668
22.54885482788086
20.509944915771484
23.954557418823242
21.19977378845215
23.954557418823242
29.876129150390625
33.16910934448242
29.876129150390625
21.191360473632812
19.788244247436523
27.69538688659668
23.57776641845703
19.4803409576416
22.233488082885742
22.233488082885742
22.233488082885742
30.885112762451172
30.885112762451172
30.885112762451172
30.885112762451172
22.233488082885742
30.885112762451172
22.233488082885742
22.233488082885742
22.233488082885742
22.233488082885742
30.885112762451172
30.885112762451172
30.885112762451172
15.342374801635742
18.346046447753906
24.361940383911133
21.16116714477539
24.361940383911133
20.491065979003906
21.86549186706543
25.144031524658203
23.591176986694336
25.144031524658203
20.000652313232422
25.144031524658203
23.591176986694336
28.65328598022461
28.12256622314453
28.65328598022461
18.329517364501953
28.334325790405273
31.61861801147461
31.61861801147461
19.139463424682617
25.144031524658203
23.591176986694336
25.144031524658203
23.591176986694336
25.144031524658203
20.41647720336914
21.917509078979492
17.412065505981445
29.585674285888672
29.813268661499023
15.911954879760742
28.179550170898438
22.266796112060547
28.179550170898438
27.661386489868164
23.419456481933594
27.661386489868164
15.527481079101562
21.943700790405273
23.48542022705078
23.574932098388672
21.643815994262695
28.179550170898438
22.266796112060547
28.179550170898438
32.231109619140625
34.96995544433594
32.231109619140625
21.886695861816406
21.325395584106445
27.661386489868164
23.419456481933594
27.661386489868164
27.661386489868164
23.419456481933594
25.144031524658203
23.591176986694336
23.78603172302246
18.493783950805664
29.585674285888672
29.813268661499023
29.585674285888672
25.144031524658203
19.34282875061035
29.069385528564453
27.330894470214844
29.069385528564453
33.045623779296875
24.78784942626953
33.045623779296875
33.045623779296875
32.181365966796875
27.466434478759766
32.181365966796875
32.181365966796875
27.466434478759766
39.90366744995117
25.374591827392578
20.840740203857422
23.81316375732422
21.890117645263672
23.81316375732422
26.274219512939453
32.245033264160156
26.274219512939453
21.046266555786133
18.729209899902344
22.042835235595703
23.067434310913086
24.810466766357422
17.85789680480957
34.86510467529297
26.737205505371094
20.840740203857422
20.594799041748047
20.49483299255371
14.667459487915039
20.093727111816406
20.30682373046875
22.429927825927734
16.463367462158203
15.082942962646484
22.233488082885742
22.233488082885742
22.233488082885742
28.76473045349121
24.491878509521484
28.748647689819336
16.695674896240234
22.233488082885742
22.233488082885742
22.233488082885742
22.233488082885742
22.233488082885742
31.828523635864258
24.50241470336914
22.818479537963867
24.66802215576172
32.181365966796875
27.466434478759766
16.709217071533203
31.286846160888672
27.435226440429688
30.997459411621094
16.650413513183594
8.692779541015625
30.997459411621094
8.692779541015625
30.552074432373047
41.626827239990234
8.692779541015625
8.692779541015625
8.692779541015625
8.692779541015625
22.320388793945312
8.692779541015625
8.692779541015625
8.692779541015625
8.692779541015625
8.692779541015625
8.692779541015625
8.692779541015625
8.692779541015625
8.692779541015625
8.692779541015625
22.61121940612793
23.868488311767578
30.997459411621094
8.692779541015625
8.692779541015625
22.61121940612793
8.692779541015625
8.692779541015625
8.692779541015625
22.61121940612793
8.692779541015625
8.692779541015625
34.86862564086914
8.692779541015625
8.692779541015625
22.61121940612793
29.295936584472656
17.300840377807617
8.692779541015625
8.692779541015625
22.61121940612793
8.692779541015625
8.692779541015625
8.692779541015625
22.61121940612793
8.692779541015625
8.692779541015625
8.692779541015625
8.692779541015625
22.61121940612793
21.645938873291016
15.274200439453125
8.692779541015625
21.893070220947266
16.9276180267334
8.692779541015625
22.61121940612793
8.692779541015625
8.692779541015625
8.692779541015625
8.692779541015625
22.61121940612793
24.2883243560791
15.522119522094727
8.692779541015625
8.692779541015625
22.61121940612793
28.90505599975586
8.692779541015625
8.692779541015625
21.031095504760742
14.39664077758789
30.41729736328125
15.492168426513672
8.692779541015625
8.692779541015625
22.61121940612793
21.606239318847656
21.606239318847656
23.78683853149414
18.64339256286621
21.606239318847656
22.61121940612793
21.606239318847656
21.606239318847656
22.61121940612793
21.513626098632812
21.513626098632812
29.295936584472656
17.216360092163086
21.513626098632812
21.513626098632812
27.517993927001953
21.798065185546875
27.517993927001953
22.418771743774414
22.61121940612793
22.367530822753906
22.367530822753906
24.542922973632812
26.729774475097656
22.61121940612793
22.367530822753906
22.367530822753906
22.398706436157227
24.830951690673828
15.559913635253906
22.367530822753906
31.497356414794922
22.61121940612793
24.2883243560791
15.442642211914062
29.31747055053711
27.40703582763672
23.134841918945312
21.862131118774414
14.878837585449219
24.542922973632812
20.124481201171875
26.627349853515625
28.34873390197754
15.571704864501953
23.134841918945312
16.58364486694336
27.517993927001953
20.784923553466797
16.366287231445312
16.366287231445312
15.36483383178711
15.075628280639648
30.41729736328125
16.54380989074707
15.909347534179688
15.554588317871094
15.336587905883789
22.61121940612793
16.548721313476562
27.517993927001953
16.82191276550293
23.134841918945312
15.122245788574219
15.151985168457031
14.703788757324219
23.642648696899414
15.075628280639648
16.407258987426758
16.79371452331543
15.77846908569336
16.168636322021484
16.175052642822266
23.642648696899414
14.888067245483398
23.642648696899414
22.61121940612793
23.642648696899414
30.41729736328125
22.73876953125
23.642648696899414
30.569988250732422
14.278039932250977
14.791933059692383
23.642162322998047
30.569339752197266
25.302797317504883
25.939590454101562
33.72197723388672
31.829973220825195
16.621320724487305
16.621320724487305
49.82378387451172
16.621320724487305
31.829973220825195
16.621320724487305
23.517559051513672
21.154369354248047
25.863073348999023
24.816556930541992
34.77311706542969
16.621320724487305
16.621320724487305
16.621320724487305
16.621320724487305
16.621320724487305
16.621320724487305
16.621320724487305
16.621320724487305
41.392051696777344
16.621320724487305
16.621320724487305
16.621320724487305
16.621320724487305
16.621320724487305
16.621320724487305
16.621320724487305
16.621320724487305
16.621320724487305
16.621320724487305
16.621320724487305
16.621320724487305
16.621320724487305
16.621320724487305
16.621320724487305
16.621320724487305
16.621320724487305
16.621320724487305
16.621320724487305
16.621320724487305
16.621320724487305
16.621320724487305
16.621320724487305
16.621320724487305
16.621320724487305
16.621320724487305
16.621320724487305
16.621320724487305
16.621320724487305
16.621320724487305
16.621320724487305
16.621320724487305
16.621320724487305
16.621320724487305
16.621320724487305
16.621320724487305
16.621320724487305
16.621320724487305
16.621320724487305
16.621320724487305
16.621320724487305
16.621320724487305
16.621320724487305
16.621320724487305
16.621320724487305
16.621320724487305
16.621320724487305
16.621320724487305
16.621320724487305
16.621320724487305
16.621320724487305
16.621320724487305
16.621320724487305
16.621320724487305
16.621320724487305
16.621320724487305
16.621320724487305
16.621320724487305
16.621320724487305
16.621320724487305
22.789470672607422
23.832035064697266
14.977869033813477
27.266551971435547
27.658409118652344
32.553627014160156
26.639854431152344
32.553627014160156
26.639854431152344
21.08631134033203
19.662200927734375
19.100996017456055
19.738651275634766
15.692558288574219
26.47450828552246
14.356149673461914
15.912189483642578
23.832035064697266
14.878364562988281
24.50241470336914
22.818479537963867
26.47450828552246
18.908409118652344
24.50241470336914
21.889881134033203
22.33761978149414
21.600433349609375
19.6116886138916
41.72880935668945
26.47450828552246
17.51044464111328
17.231298446655273
32.553627014160156
26.639854431152344
20.302927017211914
32.553627014160156
26.639854431152344
20.302927017211914
31.489160537719727
25.047182083129883
25.50433921813965
15.564619064331055
24.50241470336914
22.818479537963867
19.396251678466797
25.047182083129883
25.50433921813965
24.536376953125
25.047182083129883
25.50433921813965
24.536376953125
29.522077560424805
29.598264694213867
29.598264694213867
29.598264694213867
22.33444595336914
22.106204986572266
25.047182083129883
25.50433921813965
24.536376953125
24.50241470336914
22.818479537963867
24.66802215576172
25.047182083129883
25.50433921813965
24.536376953125
25.047182083129883
22.34467124938965
21.343076705932617
23.52421760559082
23.656030654907227
22.183639526367188
21.98241424560547
15.538305282592773
23.656030654907227
22.183639526367188
32.181365966796875
27.466434478759766
32.181365966796875
32.181365966796875
27.466434478759766
42.7612419128418
17.483196258544922
15.712570190429688
19.692550659179688
25.50433921813965
24.536376953125
15.082942962646484
25.848527908325195
24.128454208374023
25.848527908325195
22.689720153808594
32.8876953125
27.60559844970703
23.017539978027344
32.8876953125
27.60559844970703
32.8876953125
20.32133674621582
21.943700790405273
23.48542022705078
23.574932098388672
16.585426330566406
25.374591827392578
23.45581817626953
26.737205505371094
20.840740203857422
20.594799041748047
20.840740203857422
23.81316375732422
21.890117645263672
23.81316375732422
22.44219207763672
22.65069580078125
22.44219207763672
23.060911178588867
22.632001876831055
23.060911178588867
23.656030654907227
22.183639526367188
15.204147338867188
25.516382217407227
52.2884635925293
26.274219512939453
32.245033264160156
26.274219512939453
15.168230056762695
18.030452728271484
16.503868103027344
20.093727111816406
21.894187927246094
22.429927825927734
32.8876953125
27.60559844970703
21.49005126953125
27.457416534423828
27.87989044189453
22.746383666992188
15.039937973022461
19.39434814453125
16.03464698791504
15.57113265991211
23.09404754638672
21.30459213256836
25.886978149414062
26.06285858154297
36.419517517089844
26.286548614501953
22.23456573486328
17.213008880615234
17.069705963134766
15.602499008178711
19.072994232177734
17.83426284790039
24.361940383911133
21.16116714477539
24.361940383911133
21.188457489013672
15.368732452392578
24.810466766357422
22.106266021728516
22.042835235595703
15.496788024902344
20.380990982055664
29.712894439697266
28.743778228759766
21.480693817138672
14.097461700439453
24.474403381347656
21.699464797973633
24.474403381347656
17.93332290649414
25.144031524658203
23.591176986694336
25.144031524658203
25.144031524658203
23.591176986694336
28.663551330566406
28.48151397705078
28.663551330566406
25.144031524658203
23.591176986694336
25.144031524658203
24.055511474609375
26.19852066040039
25.712139129638672
25.144031524658203
23.591176986694336
19.619537353515625
25.144031524658203
23.591176986694336
25.144031524658203
30.96616554260254
18.549320220947266
30.96616554260254
25.144031524658203
23.591176986694336
25.144031524658203
23.591176986694336
25.144031524658203
20.66957664489746
24.291288375854492
23.855266571044922
23.871849060058594
30.73662567138672
28.99689483642578
27.795516967773438
14.586761474609375
20.544252395629883
16.04743766784668
27.029783248901367
29.585674285888672
29.813268661499023
29.585674285888672
32.231109619140625
34.96995544433594
32.231109619140625
28.179550170898438
22.266796112060547
28.179550170898438
19.725757598876953
27.861923217773438
14.400684356689453
23.657085418701172
29.731552124023438
23.657085418701172
20.615692138671875
25.144031524658203
23.591176986694336
32.553627014160156
26.639854431152344
26.585222244262695
25.144031524658203
23.591176986694336
28.179550170898438
22.266796112060547
28.179550170898438
28.980323791503906
27.661386489868164
23.419456481933594
27.661386489868164
21.943700790405273
23.48542022705078
23.574932098388672
15.541227340698242
27.661386489868164
23.419456481933594
27.661386489868164
27.661386489868164
23.419456481933594
25.144031524658203
23.591176986694336
17.819091796875
21.26161766052246
29.069385528564453
27.330894470214844
29.06966781616211
15.256765365600586
16.18451690673828
29.583358764648438
29.8133602142334
50.4173698425293
28.44741439819336
25.939590454101562
22.534385681152344
25.302797317504883
77.3165283203125
30.997459411621094
37.681461334228516
27.517993927001953
15.214889526367188
22.918127059936523
15.246967315673828
21.645938873291016
28.34873390197754
28.423189163208008
29.295936584472656
32.40127182006836
25.866531372070312
30.274484634399414
21.862131118774414
17.407272338867188
21.645938873291016
22.320388793945312
24.542922973632812
28.194198608398438
30.41729736328125
19.476301193237305
27.517993927001953
15.371715545654297
27.517993927001953
17.903671264648438
15.856201171875
27.517993927001953
21.173067092895508
23.04446029663086
16.76714324951172
30.569988250732422
16.026357650756836
24.20551872253418
25.17233657836914
39.42706298828125
39.52360153198242
30.41729736328125
15.508401870727539
16.331722259521484
15.91655158996582
29.96404457092285
22.320388793945312
16.300844192504883
22.320388793945312
30.41729736328125
30.41729736328125
23.93442726135254
23.93442726135254
21.809818267822266
23.93442726135254
21.85293960571289
15.84573745727539
29.295936584472656
15.338268280029297
36.88343811035156
49.84840393066406
21.645938873291016
20.508562088012695
21.645938873291016
15.744382858276367
30.913288116455078
67.36347961425781
30.569988250732422
15.766799926757812
15.936098098754883
21.645938873291016
17.068687438964844
24.542922973632812
15.41795539855957
15.41795539855957
14.93182373046875
15.41795539855957
27.517993927001953
15.559913635253906
23.187450408935547
25.561744689941406
30.569988250732422
17.024259567260742
25.17233657836914
15.901338577270508
15.674640655517578
28.348724365234375
18.32535743713379
24.542922973632812
15.206729888916016
16.500102996826172
25.877235412597656
27.517993927001953
16.363178253173828
34.868629455566406
30.569988250732422
26.627349853515625
30.569988250732422
16.994043350219727
16.266895294189453
15.788877487182617
16.266895294189453
15.206729888916016
15.285795211791992
16.105348587036133
15.285795211791992
15.285795211791992
15.285795211791992
15.285795211791992
15.285795211791992
25.57076072692871
15.285795211791992
24.542922973632812
15.177234649658203
15.285795211791992
16.775718688964844
30.417295455932617
17.262832641601562
30.417295455932617
16.683834075927734
15.285795211791992
20.511157989501953
15.285795211791992
15.285795211791992
15.285795211791992
16.105348587036133
15.285795211791992
15.285877227783203
15.285877227783203
15.285877227783203
15.285877227783203
15.285877227783203
15.285877227783203
15.285877227783203
15.285877227783203
16.10540771484375
18.15469741821289
15.285877227783203
16.18485450744629
15.285877227783203
15.672157287597656
15.285877227783203
15.285877227783203
16.405094146728516
15.285877227783203
15.672157287597656
16.10540771484375
21.47962188720703
15.290523529052734
19.34201431274414
15.672157287597656
15.672157287597656
