38.18138885498047
19.73996925354004
19.73996925354004
24.330379486083984
24.330379486083984
24.330379486083984
25.415523529052734
30.772113800048828
38.97486114501953
22.87708854675293
28.147167205810547
31.095256805419922
37.96549987792969
44.914794921875
27.036378860473633
21.904462814331055
22.339527130126953
24.27410888671875
20.45078468322754
23.133909225463867
22.14708137512207
28.97625160217285
28.97625160217285
22.986021041870117
28.97625160217285
23.589214324951172
24.136276245117188
36.64973449707031
20.91058921813965
45.04155731201172
29.008256912231445
20.062999725341797
35.12283706665039
20.077007293701172
21.703754425048828
20.54509735107422
20.627792358398438
9.837177276611328
19.58913803100586
20.046367645263672
28.161712646484375
20.54509735107422
39.252323150634766
20.54509735107422
31.910478591918945
20.54509735107422
20.54509735107422
20.54509735107422
20.54509735107422
20.54509735107422
20.54509735107422
20.54509735107422
20.54509735107422
20.54509735107422
20.54509735107422
20.54509735107422
20.54509735107422
20.54509735107422
20.54509735107422
20.54509735107422
20.54509735107422
20.54509735107422
20.54509735107422
19.927276611328125
20.155054092407227
20.02481460571289
20.105941772460938
28.367380142211914
19.91500473022461
20.46387481689453
20.186506271362305
40.12500762939453
22.95612907409668
22.95612907409668
16.43437957763672
39.50763702392578
22.431182861328125
21.473386764526367
17.450244903564453
21.371726989746094
21.473386764526367
18.10312271118164
21.02480697631836
19.75624656677246
22.01529312133789
13.930887222290039
10.521289825439453
29.552692413330078
30.606552124023438
30.606552124023438
9.613119125366211
9.558517456054688
8.213932037353516
27.325098037719727
27.325098037719727
29.552692413330078
20.945690155029297
9.070178985595703
26.435829162597656
10.757745742797852
63.570674896240234
15.509078979492188
22.87708854675293
35.60661315917969
21.912616729736328
23.616317749023438
21.473386764526367
22.147846221923828
9.528705596923828
21.123567581176758
23.074234008789062
21.966800689697266
23.074234008789062
21.75562858581543
26.89633560180664
21.724653244018555
21.828903198242188
18.29840850830078
27.824539184570312
33.60968017578125
25.744281768798828
26.49724578857422
24.533226013183594
17.174800872802734
17.48052978515625
18.593242645263672
17.15376853942871
14.83327865600586
12.885519027709961
18.999082565307617
26.54580307006836
19.053760528564453
7.61798095703125
9.708200454711914
20.41216468811035
10.074264526367188
11.783069610595703
20.514781951904297
11.356386184692383
22.512781143188477
17.00554656982422
11.807350158691406
29.387554168701172
18.782522201538086
15.010066986083984
10.357006072998047
11.200321197509766
19.844650268554688
16.50307846069336
16.50307846069336
16.50307846069336
19.844650268554688
19.844650268554688
25.378116607666016
25.378116607666016
17.418624877929688
17.418624877929688
19.844650268554688
21.278350830078125
27.570892333984375
16.02415657043457
13.86916732788086
16.50307846069336
9.854591369628906
27.19440460205078
20.48946762084961
8.75777816772461
10.577383041381836
12.820610046386719
10.668231964111328
13.86916732788086
10.898836135864258
9.808734893798828
15.594341278076172
15.010066986083984
15.010066986083984
15.010066986083984
20.41216468811035
12.01478385925293
15.748838424682617
15.37092399597168
19.844650268554688
11.803079605102539
11.200321197509766
11.200321197509766
19.844650268554688
19.927522659301758
18.212162017822266
15.776561737060547
15.010066986083984
20.41216468811035
24.661792755126953
15.010066986083984
13.86916732788086
9.398427963256836
15.66615104675293
16.896371841430664
17.344341278076172
20.41216468811035
14.731636047363281
16.8057861328125
17.195499420166016
22.368053436279297
12.60573959350586
18.89589500427246
15.703487396240234
9.758159637451172
26.061405181884766
20.41216468811035
15.010066986083984
9.879274368286133
20.240001678466797
18.16730499267578
25.484272003173828
23.78520393371582
14.440908432006836
20.41216468811035
11.179073333740234
26.13882827758789
24.830608367919922
20.66053581237793
22.683198928833008
22.757890701293945
22.13706398010254
22.835052490234375
22.428260803222656
23.416955947875977
25.230255126953125
21.912616729736328
21.176748275756836
28.254003524780273
24.533226013183594
26.54580307006836
19.053760528564453
18.999082565307617
19.053760528564453
17.15376853942871
18.593242645263672
17.15376853942871
11.595270156860352
11.98257064819336
11.804586410522461
17.48052978515625
17.174800872802734
17.48052978515625
31.401214599609375
27.19440460205078
47.59770965576172
19.38460922241211
16.692874908447266
19.38460922241211
10.451591491699219
19.38460922241211
16.692874908447266
19.38460922241211
12.239704132080078
26.22446060180664
18.381845474243164
10.763565063476562
23.551551818847656
20.81328773498535
19.615413665771484
20.159345626831055
18.832340240478516
20.159345626831055
20.159345626831055
18.832340240478516
8.371471405029297
19.54548454284668
16.66741180419922
19.54548454284668
14.35629653930664
14.408626556396484
14.179546356201172
14.149307250976562
13.600830078125
18.58599090576172
16.704357147216797
18.58599090576172
25.358774185180664
29.190343856811523
25.358774185180664
13.858264923095703
14.221811294555664
22.185693740844727
18.707334518432617
13.338748931884766
17.418624877929688
17.418624877929688
17.418624877929688
25.378116607666016
25.378116607666016
25.378116607666016
25.378116607666016
17.418624877929688
25.378116607666016
17.418624877929688
17.418624877929688
17.418624877929688
17.418624877929688
25.378116607666016
25.378116607666016
25.378116607666016
9.321102142333984
12.238119125366211
19.54548454284668
16.66741180419922
19.54548454284668
12.551151275634766
17.855724334716797
20.159345626831055
18.832340240478516
20.159345626831055
14.364326477050781
20.159345626831055
18.832340240478516
23.4824161529541
22.933029174804688
23.4824161529541
12.113637924194336
23.594329833984375
26.452903747558594
26.452903747558594
15.210872650146484
20.159345626831055
18.832340240478516
20.159345626831055
18.832340240478516
20.159345626831055
17.256385803222656
16.805997848510742
12.388345718383789
23.704059600830078
24.42829132080078
9.954000473022461
22.66851043701172
17.443143844604492
22.66851043701172
23.164630889892578
17.99518585205078
23.164630889892578
9.348112106323242
16.765901565551758
19.40973663330078
18.84951400756836
16.89617919921875
22.66851043701172
17.443143844604492
22.66851043701172
27.93523597717285
30.606552124023438
27.93523597717285
18.814483642578125
17.91583251953125
23.164630889892578
17.99518585205078
23.164630889892578
23.164630889892578
17.99518585205078
20.159345626831055
18.832340240478516
19.872461318969727
12.548128128051758
23.704059600830078
24.42829132080078
23.704059600830078
20.159345626831055
15.276508331298828
24.283092498779297
25.363967895507812
24.283092498779297
29.903804779052734
21.550512313842773
29.903804779052734
29.903804779052734
27.570892333984375
21.278350830078125
27.570892333984375
27.570892333984375
21.278350830078125
40.810848236083984
21.762237548828125
15.840604782104492
18.967876434326172
16.69599151611328
18.967876434326172
20.48946762084961
27.19440460205078
20.48946762084961
16.111013412475586
12.630802154541016
17.217796325683594
17.898656845092773
20.010770797729492
11.888195037841797
35.02347183227539
22.63690948486328
15.840604782104492
15.750560760498047
16.439104080200195
8.84153938293457
15.37092399597168
14.837932586669922
17.821565628051758
11.69040298461914
9.46182632446289
17.418624877929688
17.418624877929688
17.418624877929688
25.369752883911133
19.533823013305664
24.687442779541016
11.718704223632812
17.418624877929688
17.418624877929688
17.418624877929688
17.418624877929688
17.418624877929688
29.552692413330078
20.447378158569336
18.696300506591797
21.330265045166016
27.570892333984375
21.278350830078125
11.727699279785156
29.127063751220703
23.574462890625
27.08047866821289
10.556694030761719
-1.7572593688964844
27.08047866821289
-1.7572593688964844
27.40054702758789
44.99787521362305
-1.7572593688964844
-1.7572593688964844
-1.7572593688964844
-1.7572593688964844
16.823888778686523
-1.7572593688964844
-1.7572593688964844
-1.7572593688964844
-1.7572593688964844
-1.7572593688964844
-1.7572593688964844
-1.7572593688964844
-1.7572593688964844
-1.7572593688964844
-1.7572593688964844
16.314090728759766
21.734100341796875
27.08047866821289
-1.7572593688964844
-1.7572593688964844
16.314090728759766
-1.7572593688964844
-1.7572593688964844
-1.7572593688964844
16.314090728759766
-1.7572593688964844
-1.7572593688964844
32.325347900390625
-1.7572593688964844
-1.7572593688964844
16.314090728759766
24.084657669067383
12.349023818969727
-1.7572593688964844
-1.7572593688964844
16.314090728759766
-1.7572593688964844
-1.7572593688964844
-1.7572593688964844
16.314090728759766
-1.7572593688964844
-1.7572593688964844
-1.7572593688964844
-1.7572593688964844
16.314090728759766
17.095796585083008
9.174285888671875
-1.7572593688964844
17.654773712158203
10.821723937988281
-1.7572593688964844
16.314090728759766
-1.7572593688964844
-1.7572593688964844
-1.7572593688964844
-1.7572593688964844
16.314090728759766
18.151918411254883
9.418785095214844
-1.7572593688964844
-1.7572593688964844
16.314090728759766
29.26809310913086
-1.7572593688964844
-1.7572593688964844
16.477832794189453
8.291852951049805
25.170818328857422
8.637182235717773
-1.7572593688964844
-1.7572593688964844
16.314090728759766
15.337289810180664
15.337289810180664
19.247692108154297
13.737056732177734
15.337289810180664
16.314090728759766
15.337289810180664
15.337289810180664
16.314090728759766
15.17917251586914
15.17917251586914
24.084657669067383
12.519674301147461
15.17917251586914
15.17917251586914
21.885622024536133
16.489505767822266
21.885622024536133
18.434276580810547
16.314090728759766
16.324359893798828
16.324359893798828
19.180368423461914
22.897048950195312
16.314090728759766
16.324359893798828
16.324359893798828
17.347505569458008
20.287851333618164
9.307687759399414
16.324359893798828
28.5322265625
16.314090728759766
18.151918411254883
9.749553680419922
26.53872299194336
23.83468246459961
17.38901138305664
16.489225387573242
9.814197540283203
19.180368423461914
15.868629455566406
22.87708854675293
25.85912322998047
9.022176742553711
17.38901138305664
12.015853881835938
21.885622024536133
16.376001358032227
10.553874969482422
10.553874969482422
8.8543701171875
8.324359893798828
25.170818328857422
11.088066101074219
11.074907302856445
9.131942749023438
8.943351745605469
16.314090728759766
10.477092742919922
21.885622024536133
11.332830429077148
17.38901138305664
8.418827056884766
8.651397705078125
8.056501388549805
18.248748779296875
8.324359893798828
10.350788116455078
12.538820266723633
9.604835510253906
9.934440612792969
11.368724822998047
18.248748779296875
9.528900146484375
18.248748779296875
16.314090728759766
18.248748779296875
25.170818328857422
18.223360061645508
18.248748779296875
26.106586456298828
8.12890625
8.519861221313477
18.247997283935547
26.105960845947266
19.179630279541016
20.994062423706055
32.86676788330078
29.206340789794922
8.223915100097656
8.223915100097656
50.64165496826172
8.223915100097656
29.206340789794922
8.223915100097656
18.783042907714844
15.093770980834961
21.32979965209961
23.671688079833984
34.24029541015625
8.223915100097656
8.223915100097656
8.223915100097656
8.223915100097656
8.223915100097656
8.223915100097656
8.223915100097656
8.223915100097656
39.491477966308594
8.223915100097656
8.223915100097656
8.223915100097656
8.223915100097656
8.223915100097656
8.223915100097656
8.223915100097656
8.223915100097656
8.223915100097656
8.223915100097656
8.223915100097656
8.223915100097656
8.223915100097656
8.223915100097656
8.223915100097656
8.223915100097656
8.223915100097656
8.223915100097656
8.223915100097656
8.223915100097656
8.223915100097656
8.223915100097656
8.223915100097656
8.223915100097656
8.223915100097656
8.223915100097656
8.223915100097656
8.223915100097656
8.223915100097656
8.223915100097656
8.223915100097656
8.223915100097656
8.223915100097656
8.223915100097656
8.223915100097656
8.223915100097656
8.223915100097656
8.223915100097656
8.223915100097656
8.223915100097656
8.223915100097656
8.223915100097656
8.223915100097656
8.223915100097656
8.223915100097656
8.223915100097656
8.223915100097656
8.223915100097656
8.223915100097656
8.223915100097656
8.223915100097656
8.223915100097656
8.223915100097656
8.223915100097656
8.223915100097656
8.223915100097656
8.223915100097656
8.223915100097656
8.223915100097656
8.223915100097656
18.7857723236084
19.447065353393555
8.485893249511719
20.945690155029297
23.071382522583008
28.290990829467773
21.00605010986328
28.290990829467773
21.00605010986328
16.960498809814453
14.095542907714844
14.01150131225586
15.771162033081055
9.042688369750977
20.467483520507812
8.092195510864258
11.411008834838867
19.447065353393555
8.69632339477539
20.447378158569336
18.696300506591797
20.467483520507812
15.713262557983398
20.447378158569336
17.655040740966797
17.94906234741211
17.198692321777344
14.502904891967773
41.845985412597656
20.467483520507812
13.117523193359375
12.823722839355469
28.290990829467773
21.00605010986328
14.604148864746094
28.290990829467773
21.00605010986328
14.604148864746094
31.512840270996094
20.005046844482422
21.06267738342285
8.677371978759766
20.447378158569336
18.696300506591797
13.97128677368164
20.005046844482422
21.06267738342285
20.858448028564453
20.005046844482422
21.06267738342285
20.858448028564453
26.149883270263672
27.325098037719727
27.325098037719727
27.325098037719727
17.35565185546875
17.270532608032227
20.005046844482422
21.06267738342285
20.858448028564453
20.447378158569336
18.696300506591797
21.330265045166016
20.005046844482422
21.06267738342285
20.858448028564453
20.005046844482422
17.683839797973633
16.522994995117188
19.782155990600586
19.512351989746094
17.547100067138672
16.857995986938477
10.07670783996582
19.512351989746094
17.547100067138672
27.570892333984375
21.278350830078125
27.570892333984375
27.570892333984375
21.278350830078125
38.15425109863281
10.878515243530273
10.025655746459961
14.319906234741211
21.06267738342285
20.858448028564453
9.46182632446289
21.195484161376953
19.339008331298828
21.195484161376953
20.393274307250977
27.469942092895508
22.48387336730957
17.47504234313965
27.469942092895508
22.48387336730957
27.469942092895508
14.311920166015625
16.765901565551758
19.40973663330078
18.84951400756836
10.73583984375
21.762237548828125
19.529970169067383
22.63690948486328
15.840604782104492
15.750560760498047
15.840604782104492
18.967876434326172
16.69599151611328
18.967876434326172
17.15376853942871
18.593242645263672
17.15376853942871
17.48052978515625
17.174800872802734
17.48052978515625
19.512351989746094
17.547100067138672
8.966333389282227
22.719161987304688
51.79877853393555
20.48946762084961
27.19440460205078
20.48946762084961
9.50933837890625
11.410995483398438
10.679931640625
15.37092399597168
16.585750579833984
17.821565628051758
27.469942092895508
22.48387336730957
17.192020416259766
23.359973907470703
23.5036563873291
18.29828453063965
8.44659423828125
13.875818252563477
10.6912841796875
9.404857635498047
18.184101104736328
16.364540100097656
21.787397384643555
20.260347366333008
35.26622009277344
20.77490234375
15.310009002685547
11.433242797851562
11.887359619140625
9.39350700378418
14.141386032104492
12.03563117980957
19.54548454284668
16.66741180419922
19.54548454284668
15.268960952758789
9.490842819213867
20.010770797729492
17.312484741210938
17.217796325683594
9.214881896972656
14.86996841430664
25.484272003173828
23.78520393371582
18.689929962158203
7.786128997802734
19.38460922241211
16.692874908447266
19.38460922241211
12.828149795532227
20.159345626831055
18.832340240478516
20.159345626831055
20.159345626831055
18.832340240478516
23.421621322631836
23.246999740600586
23.421621322631836
20.159345626831055
18.832340240478516
20.159345626831055
19.69489288330078
22.644065856933594
21.641441345214844
20.159345626831055
18.832340240478516
14.948600769042969
20.159345626831055
18.832340240478516
20.159345626831055
26.425201416015625
14.162302017211914
26.425201416015625
20.159345626831055
18.832340240478516
20.159345626831055
18.832340240478516
20.159345626831055
15.47911262512207
20.2653751373291
19.776941299438477
19.643606185913086
26.54580307006836
23.55109405517578
22.112380981445312
8.155630111694336
15.150094985961914
10.206193923950195
21.31526756286621
23.704059600830078
24.42829132080078
23.704059600830078
27.93523597717285
30.606552124023438
27.93523597717285
22.66851043701172
17.443143844604492
22.66851043701172
13.641510009765625
25.576751708984375
7.5547027587890625
19.498363494873047
26.46820640563965
19.498363494873047
14.338932037353516
20.159345626831055
18.832340240478516
28.290990829467773
21.00605010986328
23.985122680664062
20.159345626831055
18.832340240478516
22.66851043701172
17.443143844604492
22.66851043701172
28.913991928100586
23.164630889892578
17.99518585205078
23.164630889892578
16.765901565551758
19.40973663330078
18.84951400756836
9.535465240478516
23.164630889892578
17.99518585205078
23.164630889892578
23.164630889892578
17.99518585205078
20.159345626831055
18.832340240478516
12.434730529785156
15.411138534545898
24.283092498779297
25.363967895507812
24.28333282470703
9.332891464233398
10.603981018066406
23.701671600341797
24.428272247314453
49.179290771484375
27.06092071533203
20.994062423706055
19.628145217895508
19.179630279541016
82.29794311523438
27.08047866821289
37.77900695800781
21.885622024536133
9.078739166259766
18.699724197387695
10.664409637451172
17.095796585083008
25.85912322998047
23.646183013916016
24.084657669067383
26.031091690063477
21.54152488708496
24.190967559814453
16.489225387573242
11.895376205444336
17.095796585083008
16.823888778686523
19.180368423461914
24.560789108276367
25.170818328857422
15.243463516235352
21.885622024536133
9.34358024597168
21.885622024536133
12.960838317871094
10.320684432983398
21.885622024536133
15.636100769042969
19.843650817871094
11.10805892944336
26.106586456298828
10.611156463623047
22.012462615966797
20.505334854125977
42.58140563964844
42.22266387939453
25.170818328857422
9.411174774169922
10.421316146850586
10.37082290649414
21.321640014648438
16.823888778686523
10.369216918945312
16.823888778686523
25.170818328857422
25.170818328857422
20.279003143310547
20.279003143310547
17.1883544921875
20.279003143310547
16.916976928710938
10.050317764282227
24.084657669067383
9.022220611572266
35.55295181274414
42.724830627441406
17.095796585083008
14.949346542358398
17.095796585083008
9.759078979492188
28.280323028564453
60.14002227783203
26.106586456298828
9.89364242553711
9.916238784790039
17.095796585083008
12.020759582519531
19.180368423461914
8.653057098388672
8.653057098388672
8.086097717285156
8.653057098388672
21.885622024536133
9.307687759399414
17.439184188842773
20.185823440551758
26.106586456298828
11.859987258911133
20.505334854125977
10.160751342773438
9.379949569702148
25.8591251373291
13.555837631225586
19.18036651611328
8.592117309570312
11.135967254638672
20.376914978027344
21.885622024536133
10.696046829223633
32.325347900390625
26.106586456298828
22.877086639404297
26.106586456298828
11.334033966064453
10.37078857421875
9.55634880065918
10.37078857421875
8.592117309570312
8.584766387939453
9.942935943603516
8.584766387939453
8.584766387939453
8.584766387939453
8.584766387939453
8.584766387939453
20.743515014648438
8.584766387939453
19.18036651611328
8.43547248840332
8.584766387939453
11.70689582824707
25.170820236206055
11.875606536865234
25.170820236206055
11.036685943603516
8.584766387939453
16.27604866027832
8.584766387939453
8.584766387939453
8.584766387939453
9.942935943603516
8.584766387939453
8.585041046142578
8.585041046142578
8.585041046142578
8.585041046142578
8.585041046142578
8.585041046142578
8.585041046142578
8.585041046142578
9.943046569824219
12.905658721923828
8.585041046142578
10.173202514648438
8.585041046142578
9.520858764648438
8.585041046142578
8.585041046142578
10.499345779418945
8.585041046142578
9.520858764648438
9.943046569824219
15.628089904785156
8.911869049072266
14.622425079345703
9.520858764648438
9.520858764648438
