34.938480377197266
14.747774124145508
14.747774124145508
15.108526229858398
15.108526229858398
15.108526229858398
17.640621185302734
25.982738494873047
38.91514587402344
14.056535720825195
26.553539276123047
32.36772537231445
39.77440643310547
43.75291442871094
22.665695190429688
13.617359161376953
14.057310104370117
16.395519256591797
11.955978393554688
14.59807014465332
13.77534294128418
21.411592483520508
21.411592483520508
14.744682312011719
21.411592483520508
16.096935272216797
15.752410888671875
28.66757583618164
12.47128677368164
42.149253845214844
24.02444839477539
11.542678833007812
27.51736068725586
11.578323364257812
12.735275268554688
13.396575927734375
12.710704803466797
-2.4628028869628906
11.498130798339844
11.526115417480469
23.456287384033203
13.396575927734375
31.619709014892578
13.396575927734375
25.004030227661133
13.396575927734375
13.396575927734375
13.396575927734375
13.396575927734375
13.396575927734375
13.396575927734375
13.396575927734375
13.396575927734375
13.396575927734375
13.396575927734375
13.396575927734375
13.396575927734375
13.396575927734375
13.396575927734375
13.396575927734375
13.396575927734375
13.396575927734375
13.396575927734375
11.448429107666016
11.6710205078125
11.49468994140625
11.597953796386719
23.36933135986328
11.270198822021484
11.998321533203125
11.669158935546875
36.13525390625
14.215591430664062
14.215591430664062
5.600700378417969
35.18254089355469
7.483570098876953
7.144542694091797
10.398704528808594
6.312965393066406
7.144542694091797
9.730972290039062
6.761665344238281
11.252250671386719
13.319295883178711
5.159587860107422
-0.4703636169433594
24.235916137695312
18.857879638671875
18.857879638671875
-1.0627670288085938
-0.29248046875
-3.0794601440429688
20.952472686767578
20.952472686767578
24.235916137695312
10.568946838378906
-2.4212303161621094
18.645248413085938
1.6398429870605469
62.35012435913086
5.735624313354492
14.056535720825195
57.711910247802734
7.661060333251953
17.06655502319336
7.144542694091797
7.079479217529297
-5.785663604736328
6.249214172363281
8.6298828125
7.180519104003906
8.6298828125
12.013900756835938
13.863288879394531
12.436153411865234
10.657722473144531
7.752021789550781
19.048885345458984
21.302200317382812
11.730964660644531
12.843345642089844
16.000614166259766
5.762187957763672
6.720619201660156
11.1824951171875
8.061859130859375
7.792572021484375
1.9871788024902344
9.663331985473633
17.654781341552734
9.943302154541016
-2.836811065673828
-0.8860130310058594
10.330337524414062
-0.9108238220214844
1.6413459777832031
17.469371795654297
0.3091011047363281
17.153839111328125
7.007972717285156
-0.010326385498046875
20.53582763671875
7.899864196777344
3.8926658630371094
-0.7588310241699219
-0.16886138916015625
9.5240478515625
4.8632049560546875
4.8632049560546875
4.8632049560546875
9.5240478515625
9.5240478515625
13.414844512939453
13.414844512939453
7.944126129150391
7.944126129150391
9.5240478515625
10.27018928527832
15.441450119018555
6.400333404541016
3.041912078857422
4.8632049560546875
-0.7770500183105469
14.76565170288086
9.510725021362305
-2.2749061584472656
-0.21007919311523438
1.1839332580566406
-0.3040199279785156
3.041912078857422
0.40074920654296875
-1.7017974853515625
6.026344299316406
3.8926658630371094
3.8926658630371094
3.8926658630371094
10.330337524414062
1.0409889221191406
6.598295211791992
6.487445831298828
9.5240478515625
6.061458587646484
-0.16886138916015625
-0.16886138916015625
9.5240478515625
15.181434631347656
10.947498321533203
9.997333526611328
3.8926658630371094
10.330337524414062
21.827545166015625
3.8926658630371094
3.041912078857422
-1.2612571716308594
6.254066467285156
6.903949737548828
7.4967041015625
10.330337524414062
4.586757659912109
11.539108276367188
8.84316635131836
18.494800567626953
1.12921142578125
13.355195999145508
5.287189483642578
-1.3329811096191406
20.399826049804688
10.330337524414062
3.8926658630371094
-0.9871482849121094
11.100086212158203
9.767948150634766
20.57491111755371
16.009178161621094
7.3941497802734375
10.330337524414062
0.38867950439453125
21.451339721679688
11.57330322265625
8.25741958618164
7.521907806396484
7.560756683349609
10.245826721191406
12.981277465820312
7.244625091552734
8.75289535522461
18.85732650756836
7.661060333251953
12.205665588378906
17.099536895751953
16.000614166259766
17.654781341552734
9.943302154541016
9.663331985473633
9.943302154541016
8.061859130859375
11.1824951171875
8.061859130859375
3.4561004638671875
5.147117614746094
1.1403160095214844
6.720619201660156
5.762187957763672
6.720619201660156
28.404346466064453
14.76565170288086
43.71794891357422
9.261959075927734
7.548650741577148
9.261959075927734
0.5558662414550781
9.261959075927734
7.548650741577148
9.261959075927734
1.0542259216308594
20.60074806213379
10.663734436035156
0.05879974365234375
15.075687408447266
11.893596649169922
10.272708892822266
11.502487182617188
9.931236267089844
11.502487182617188
11.502487182617188
9.931236267089844
-2.2285079956054688
10.772552490234375
8.287248611450195
10.772552490234375
7.834827423095703
8.253402709960938
9.576515197753906
6.916450500488281
8.633708953857422
8.843292236328125
8.97262191772461
8.843292236328125
16.308422088623047
22.05771827697754
16.308422088623047
6.048847198486328
2.975200653076172
11.226709365844727
15.03902816772461
1.7933998107910156
7.944126129150391
7.944126129150391
7.944126129150391
13.414844512939453
13.414844512939453
13.414844512939453
13.414844512939453
7.944126129150391
13.414844512939453
7.944126129150391
7.944126129150391
7.944126129150391
7.944126129150391
13.414844512939453
13.414844512939453
13.414844512939453
-1.5843734741210938
1.1433868408203125
10.772552490234375
8.287248611450195
10.772552490234375
3.9989280700683594
9.078575134277344
11.502487182617188
9.931236267089844
11.502487182617188
7.241695404052734
11.502487182617188
9.931236267089844
14.84326171875
13.58171272277832
14.84326171875
0.8436088562011719
13.476947784423828
14.160133361816406
14.160133361816406
6.7582855224609375
11.502487182617188
9.931236267089844
11.502487182617188
9.931236267089844
11.502487182617188
13.172538757324219
6.49114990234375
2.6535911560058594
14.708450317382812
14.60916519165039
-1.2328262329101562
13.00107192993164
8.579912185668945
13.00107192993164
12.772773742675781
6.492275238037109
12.772773742675781
1.5114021301269531
6.969308853149414
11.06385612487793
10.028045654296875
6.650779724121094
13.00107192993164
8.579912185668945
13.00107192993164
16.6571044921875
18.857879638671875
16.6571044921875
14.830757141113281
10.148674011230469
12.772773742675781
6.492275238037109
12.772773742675781
12.772773742675781
6.492275238037109
11.502487182617188
9.931236267089844
11.01009750366211
0.6860771179199219
14.708450317382812
14.60916519165039
14.708450317382812
11.502487182617188
7.918205261230469
16.17643165588379
19.77859115600586
16.17643165588379
20.52813148498535
13.906099319458008
20.52813148498535
20.52813148498535
15.441450119018555
10.27018928527832
15.441450119018555
15.441450119018555
10.27018928527832
44.440574645996094
13.369413375854492
7.579532623291016
9.258918762207031
6.711399078369141
9.258918762207031
9.510725021362305
14.76565170288086
9.510725021362305
5.709621429443359
1.9495620727539062
7.6036224365234375
7.763471603393555
10.309547424316406
0.7265129089355469
32.26675033569336
14.292951583862305
7.579532623291016
8.138130187988281
8.43203353881836
-2.0232925415039062
6.487445831298828
4.908130645751953
9.75650405883789
5.145484924316406
-0.9845008850097656
7.944126129150391
7.944126129150391
7.944126129150391
17.661588668823242
8.452239990234375
15.296957015991211
1.9976768493652344
7.944126129150391
7.944126129150391
7.944126129150391
7.944126129150391
7.944126129150391
24.235916137695312
11.503118515014648
10.373159408569336
12.578262329101562
15.441450119018555
10.27018928527832
2.475677490234375
27.953598022460938
17.950824737548828
18.402019500732422
-0.18958282470703125
-13.338539123535156
18.402019500732422
-13.338539123535156
25.889114379882812
46.212257385253906
-13.338539123535156
-13.338539123535156
-13.338539123535156
-13.338539123535156
6.933895111083984
-13.338539123535156
-13.338539123535156
-13.338539123535156
-13.338539123535156
-13.338539123535156
-13.338539123535156
-13.338539123535156
-13.338539123535156
-13.338539123535156
-13.338539123535156
5.1764373779296875
25.316993713378906
18.402019500732422
-13.338539123535156
-13.338539123535156
5.1764373779296875
-13.338539123535156
-13.338539123535156
-13.338539123535156
5.1764373779296875
-13.338539123535156
-13.338539123535156
24.970012664794922
-13.338539123535156
-13.338539123535156
5.1764373779296875
13.527608871459961
13.754035949707031
-13.338539123535156
-13.338539123535156
5.1764373779296875
-13.338539123535156
-13.338539123535156
-13.338539123535156
5.1764373779296875
-13.338539123535156
-13.338539123535156
-13.338539123535156
-13.338539123535156
5.1764373779296875
8.668134689331055
-2.1510467529296875
-13.338539123535156
8.850860595703125
0.7509918212890625
-13.338539123535156
5.1764373779296875
-13.338539123535156
-13.338539123535156
-13.338539123535156
-13.338539123535156
5.1764373779296875
7.745002746582031
-1.2848892211914062
-13.338539123535156
-13.338539123535156
5.1764373779296875
30.805824279785156
-13.338539123535156
-13.338539123535156
7.14556884765625
-2.6740150451660156
14.076072692871094
-3.7550086975097656
-13.338539123535156
-13.338539123535156
5.1764373779296875
4.174713134765625
4.174713134765625
13.501846313476562
4.161842346191406
4.174713134765625
5.1764373779296875
4.174713134765625
4.174713134765625
5.1764373779296875
3.302684783935547
3.302684783935547
13.527608871459961
4.1982421875
3.302684783935547
3.302684783935547
11.292755126953125
7.393333435058594
11.292755126953125
13.598762512207031
5.1764373779296875
4.131122589111328
4.131122589111328
8.618585586547852
14.247955322265625
5.1764373779296875
4.131122589111328
4.131122589111328
8.214263916015625
10.203125
-2.47412109375
4.131122589111328
21.369892120361328
5.1764373779296875
7.745002746582031
-0.19359970092773438
22.9897518157959
15.821151733398438
5.184215545654297
6.675090789794922
0.7889480590820312
8.618585586547852
5.921108245849609
14.056535720825195
19.61176109313965
-2.7346954345703125
5.184215545654297
2.636669158935547
11.292755126953125
9.671913146972656
-0.3006858825683594
-0.3006858825683594
-2.9066085815429688
-3.4977798461914062
14.076072692871094
0.7769622802734375
2.1266021728515625
-2.406627655029297
-2.74859619140625
5.1764373779296875
-0.8905601501464844
11.292755126953125
1.0322608947753906
5.184215545654297
-3.5321617126464844
-2.7037429809570312
-3.043987274169922
6.307384490966797
-3.4977798461914062
-0.9806022644042969
4.359317779541016
-1.7769851684570312
-1.45001220703125
2.5249404907226562
6.307384490966797
-0.6689414978027344
6.307384490966797
5.1764373779296875
6.307384490966797
14.076072692871094
7.943962097167969
6.307384490966797
15.328107833862305
-3.1451492309570312
-2.6548194885253906
6.306694030761719
15.327566146850586
7.781505584716797
11.846635818481445
31.13346290588379
23.847715377807617
-7.628288269042969
-7.628288269042969
59.792877197265625
-7.628288269042969
23.847715377807617
-7.628288269042969
9.189750671386719
3.39178466796875
11.137210845947266
18.079410552978516
32.35182571411133
-7.628288269042969
-7.628288269042969
-7.628288269042969
-7.628288269042969
-7.628288269042969
-7.628288269042969
-7.628288269042969
-7.628288269042969
31.629695892333984
-7.628288269042969
-7.628288269042969
-7.628288269042969
-7.628288269042969
-7.628288269042969
-7.628288269042969
-7.628288269042969
-7.628288269042969
-7.628288269042969
-7.628288269042969
-7.628288269042969
-7.628288269042969
-7.628288269042969
-7.628288269042969
-7.628288269042969
-7.628288269042969
-7.628288269042969
-7.628288269042969
-7.628288269042969
-7.628288269042969
-7.628288269042969
-7.628288269042969
-7.628288269042969
-7.628288269042969
-7.628288269042969
-7.628288269042969
-7.628288269042969
-7.628288269042969
-7.628288269042969
-7.628288269042969
-7.628288269042969
-7.628288269042969
-7.628288269042969
-7.628288269042969
-7.628288269042969
-7.628288269042969
-7.628288269042969
-7.628288269042969
-7.628288269042969
-7.628288269042969
-7.628288269042969
-7.628288269042969
-7.628288269042969
-7.628288269042969
-7.628288269042969
-7.628288269042969
-7.628288269042969
-7.628288269042969
-7.628288269042969
-7.628288269042969
-7.628288269042969
-7.628288269042969
-7.628288269042969
-7.628288269042969
-7.628288269042969
-7.628288269042969
-7.628288269042969
-7.628288269042969
-7.628288269042969
-7.628288269042969
10.354984283447266
10.844966888427734
-2.5281829833984375
10.568946838378906
14.511922836303711
17.838451385498047
9.156684875488281
17.838451385498047
9.156684875488281
12.904438018798828
10.096416473388672
8.924835205078125
11.851879119873047
-3.0531883239746094
10.04604721069336
-3.0038070678710938
2.832080841064453
10.844966888427734
-2.0959625244140625
11.503118515014648
10.373159408569336
10.04604721069336
8.653858184814453
11.503118515014648
7.543174743652344
8.325580596923828
8.037288665771484
6.047645568847656
39.888519287109375
10.04604721069336
4.294044494628906
3.5647354125976562
17.838451385498047
9.156684875488281
2.205108642578125
17.838451385498047
9.156684875488281
2.205108642578125
27.77718734741211
10.138046264648438
11.536500930786133
-3.855365753173828
11.503118515014648
10.373159408569336
3.8643569946289062
10.138046264648438
11.536500930786133
11.046211242675781
10.138046264648438
11.536500930786133
11.046211242675781
26.503509521484375
20.952472686767578
20.952472686767578
20.952472686767578
8.459354400634766
8.70272445678711
10.138046264648438
11.536500930786133
11.046211242675781
11.503118515014648
10.373159408569336
12.578262329101562
10.138046264648438
11.536500930786133
11.046211242675781
10.138046264648438
8.661497116088867
6.509761810302734
13.185882568359375
10.98690414428711
9.241649627685547
7.302127838134766
-0.18246841430664062
10.98690414428711
9.241649627685547
15.441450119018555
10.27018928527832
15.441450119018555
15.441450119018555
10.27018928527832
35.292236328125
-0.6151542663574219
-0.6603050231933594
4.373680114746094
11.536500930786133
11.046211242675781
-0.9845008850097656
11.371370315551758
9.834503173828125
11.371370315551758
28.54513168334961
22.188737869262695
13.063091278076172
6.840705871582031
22.188737869262695
13.063091278076172
22.188737869262695
2.280864715576172
6.969308853149414
11.06385612487793
10.028045654296875
0.1757354736328125
13.369413375854492
11.636909484863281
14.292951583862305
7.579532623291016
8.138130187988281
7.579532623291016
9.258918762207031
6.711399078369141
9.258918762207031
8.061859130859375
11.1824951171875
8.061859130859375
6.720619201660156
5.762187957763672
6.720619201660156
10.98690414428711
9.241649627685547
-2.3977279663085938
19.03270721435547
44.65748977661133
9.510725021362305
14.76565170288086
9.510725021362305
-0.31866455078125
-0.08234405517578125
-0.342498779296875
6.487445831298828
6.671760559082031
9.75650405883789
22.188737869262695
13.063091278076172
11.86944580078125
15.649116516113281
15.009260177612305
9.833812713623047
-2.5952110290527344
8.76639175415039
0.6015815734863281
-0.5288200378417969
9.528156280517578
9.032806396484375
14.595657348632812
14.304201126098633
37.31342315673828
10.880718231201172
7.933528900146484
0.396087646484375
1.8797073364257812
-2.497852325439453
4.14556884765625
1.148162841796875
10.772552490234375
8.287248611450195
10.772552490234375
3.417144775390625
-1.2532196044921875
10.309547424316406
7.999338150024414
7.6036224365234375
-2.0561790466308594
7.333705902099609
20.57491111755371
16.009178161621094
15.066234588623047
-3.1470489501953125
9.261959075927734
7.548650741577148
9.261959075927734
2.8117294311523438
11.502487182617188
9.931236267089844
11.502487182617188
11.502487182617188
9.931236267089844
13.585454940795898
13.889503479003906
13.585454940795898
11.502487182617188
9.931236267089844
11.502487182617188
11.395200729370117
14.432048797607422
13.011190414428711
11.502487182617188
9.931236267089844
8.529491424560547
11.502487182617188
9.931236267089844
11.502487182617188
14.840499877929688
6.577709197998047
14.840499877929688
11.502487182617188
9.931236267089844
11.502487182617188
9.931236267089844
11.502487182617188
8.706031799316406
12.424957275390625
11.690155029296875
11.248880386352539
17.654781341552734
13.996551513671875
11.187667846679688
-2.938579559326172
8.741081237792969
0.7780342102050781
11.496646881103516
14.708450317382812
14.60916519165039
14.708450317382812
16.6571044921875
18.857879638671875
16.6571044921875
13.00107192993164
8.579912185668945
13.00107192993164
1.8667106628417969
20.91360092163086
-4.551280975341797
10.943359375
18.36741828918457
10.943359375
8.224170684814453
11.502487182617188
9.931236267089844
17.838451385498047
9.156684875488281
18.62564468383789
11.502487182617188
9.931236267089844
13.00107192993164
8.579912185668945
13.00107192993164
28.603713989257812
12.772773742675781
6.492275238037109
12.772773742675781
6.969308853149414
11.06385612487793
10.028045654296875
-1.1027183532714844
12.772773742675781
6.492275238037109
12.772773742675781
12.772773742675781
6.492275238037109
11.502487182617188
9.931236267089844
1.5680732727050781
4.309295654296875
16.17643165588379
19.77859115600586
16.176671981811523
-1.8268623352050781
0.4804649353027344
14.704692840576172
14.60788345336914
51.19689178466797
45.83158874511719
11.846635818481445
14.833438873291016
7.781505584716797
92.94717407226562
18.402019500732422
39.69820785522461
11.292755126953125
-2.103839874267578
10.219842910766602
2.9638328552246094
8.668134689331055
19.61176109313965
18.931446075439453
13.527608871459961
19.678485870361328
16.204952239990234
17.817665100097656
6.675090789794922
2.4934463500976562
8.668134689331055
6.933895111083984
8.618585586547852
20.098438262939453
14.076072692871094
4.764854431152344
11.292755126953125
-1.4981727600097656
11.292755126953125
2.271942138671875
0.23819732666015625
11.292755126953125
5.7665252685546875
14.162036895751953
1.0197219848632812
15.328107833862305
0.7405738830566406
20.284408569335938
11.520881652832031
56.70060348510742
53.73622512817383
14.076072692871094
-2.1218185424804688
-0.9373283386230469
0.6177215576171875
12.481914520263672
6.933895111083984
-0.7662887573242188
6.933895111083984
14.076072692871094
14.076072692871094
11.78036880493164
11.78036880493164
7.863441467285156
11.78036880493164
7.462184906005859
0.0584716796875
13.527608871459961
-1.7273712158203125
42.16064453125
39.88868713378906
8.668134689331055
5.210151672363281
8.668134689331055
-0.8044967651367188
20.753942489624023
55.12575149536133
15.328107833862305
-0.5727691650390625
-1.2177886962890625
8.668134689331055
1.9109611511230469
8.618585586547852
-3.866558074951172
-3.866558074951172
-4.441211700439453
-3.866558074951172
11.292755126953125
-2.47412109375
8.185127258300781
11.74307632446289
15.328107833862305
0.8428573608398438
11.520881652832031
0.8824119567871094
-1.3885726928710938
19.61176109313965
5.142021179199219
8.618585586547852
-3.8323326110839844
1.403350830078125
9.475593566894531
11.292755126953125
-0.058452606201171875
24.970012664794922
15.328107833862305
14.056535720825195
15.328107833862305
0.9626350402832031
-0.21596527099609375
-1.3863029479980469
-0.21596527099609375
-3.8323326110839844
-3.95892333984375
-1.7675514221191406
-3.95892333984375
-3.95892333984375
-3.95892333984375
-3.95892333984375
-3.95892333984375
11.8170166015625
-3.95892333984375
8.618585586547852
-4.086341857910156
-3.95892333984375
0.9282875061035156
14.076072692871094
1.1661911010742188
14.076072692871094
0.7189788818359375
-3.95892333984375
5.8862152099609375
-3.95892333984375
-3.95892333984375
-3.95892333984375
-1.7675514221191406
-3.95892333984375
-3.958415985107422
-3.958415985107422
-3.958415985107422
-3.958415985107422
-3.958415985107422
-3.958415985107422
-3.958415985107422
-3.958415985107422
-1.7674751281738281
3.0262451171875
-3.958415985107422
-0.4635162353515625
-3.958415985107422
-1.6482810974121094
-3.958415985107422
-3.958415985107422
-0.4209022521972656
-3.958415985107422
-1.6482810974121094
-1.7674751281738281
4.158943176269531
-2.185832977294922
6.241825103759766
-1.6482810974121094
-1.6482810974121094
