-12.085372924804688
141.29605102539062
75.99002075195312
-30.0677490234375
191.5511016845703
336.6573486328125
647.5702514648438
75.99002075195312
336.6573486328125
113.68500518798828
84.89720153808594
42.61265563964844
-27.729755401611328
75.99002075195312
149.92364501953125
2.731953792755958e+18
-18.99380874633789
-26.8223876953125
27.95806121826172
122.73106384277344
-11.697635650634766
354.2813415527344
50.631248474121094
310.2280578613281
31.31201171875
-13.486469268798828
26.660072326660156
26.82550048828125
499.8922119140625
-13.354583740234375
-18.856956481933594
215.13580322265625
336.6573486328125
241.45811462402344
-16.105560302734375
28.68231201171875
1872843776.0
-10.224555969238281
2.764848706757853e+18
215.13580322265625
545358438465536.0
-34.87032699584961
2617.1328125
-30.17032241821289
235.10125732421875
545358438465536.0
-7.914188385009766
214.81698608398438
1.4616894479808728e+25
307.50537109375
-19.897171020507812
76.39537048339844
523355.78125
0.5139923095703125
475.123291015625
54.73771667480469
261.5242919921875
336.6573486328125
146.67623901367188
368.3214111328125
-10.224555969238281
647.5702514648438
523355.78125
137.57383728027344
-30.0677490234375
69.17005920410156
87.94525909423828
226.35353088378906
215.13580322265625
-4.250068664550781
6.3194732666015625
215.13580322265625
215.13580322265625
545358438465536.0
15.741989135742188
263.39215087890625
545358438465536.0
217.91653442382812
190.03204345703125
3196.00244140625
679.95556640625
877.9017333984375
647.5702514648438
680.9554443359375
14.635116577148438
198.0118408203125
185.75390625
149.7503662109375
3596.834228515625
215.13580322265625
336.6573486328125
596.6503295898438
215.13580322265625
632.7931518554688
545358438465536.0
-15.861587524414062
379.1134338378906
107.25810241699219
-13.846237182617188
113.68500518798828
980.8042602539062
66.41200256347656
-22.18781280517578
31.31201171875
190.03204345703125
-31.396286010742188
2.764848706757853e+18
153.385986328125
6.1262359619140625
399.4918212890625
379.0591735839844
-15.861587524414062
-30.0677490234375
545358438465536.0
8.347221374511719
29.89159393310547
440.78424072265625
59.29255676269531
545358438465536.0
136448.390625
-4.250068664550781
32.587013244628906
10039.462890625
-20.753433227539062
-4.723388671875
217.91653442382812
-16.177570343017578
-2.8635101318359375
-26.8223876953125
2456.053466796875
78.50808715820312
383.8314514160156
6.1262359619140625
158.62452697753906
3594.18212890625
36.28163146972656
8.702705383300781
404.0249328613281
185.75390625
-37.52238082885742
32.587013244628906
121.48640441894531
169.6641387939453
15042.12890625
77.71047973632812
32.8045654296875
215.13580322265625
215.13580322265625
137466.65625
93646.8828125
37.760711669921875
2.764848706757853e+18
-23.563636779785156
145.58804321289062
591.7504272460938
545358438465536.0
379.1775817871094
-15.109016418457031
29.89159393310547
336.6573486328125
28.488967895507812
101.47618865966797
374.62701416015625
-46.1655158996582
54.73771667480469
9.905120849609375
215.13580322265625
3346.42529296875
-37.52238082885742
2.764848706757853e+18
-38.94483947753906
336.6573486328125
459.19110107421875
330.20220947265625
162.38075256347656
1091.9698486328125
4137.67529296875
6.519554138183594
103.06249237060547
577.48779296875
148.35296630859375
-40.64664840698242
261.63458251953125
29.89159393310547
1032.658203125
545358438465536.0
89.96945190429688
703.1505126953125
784.0834350585938
-20.07324981689453
215.13580322265625
268.2679443359375
562.5535888671875
11310.1982421875
2.764848706757853e+18
113.68500518798828
3708.947509765625
-4.700172424316406
980.8042602539062
302.46661376953125
-13.846237182617188
-30.0677490234375
3633.793212890625
42.61265563964844
-5.160270690917969
1.4674292410921727e+20
-40.64664840698242
6725865098444800.0
-11.102848052978516
3522.513427734375
89.5418472290039
137.57383728027344
32.587013244628906
647.5702514648438
215.13580322265625
2.764848706757853e+18
26.82550048828125
4137.67529296875
-12.987167358398438
22.554641723632812
389.08056640625
28.715133666992188
6.237388610839844
10.781837463378906
71.6812744140625
215.13580322265625
124.36204528808594
198.0118408203125
-28.225143432617188
545358438465536.0
3597.832275390625
-11.697635650634766
2205.76708984375
-14.947402954101562
540.9669799804688
-15.861587524414062
799.771240234375
215.13580322265625
411.6527099609375
-14.082054138183594
2588.011962890625
83.23462677001953
261.63458251953125
75.99002075195312
3594.18212890625
2.764848706757853e+18
198.0118408203125
962.7748413085938
243.80419921875
-16.389205932617188
-26.26720428466797
141.29605102539062
-1.6405105590820312
-14.005393981933594
115473539072.0
-26.75910186767578
-14.947402954101562
198.0118408203125
265.336181640625
36646.47265625
-11.037261962890625
75.99002075195312
-1.533905029296875
401.5536193847656
50.631248474121094
647.5702514648438
-22.18781280517578
418.28582763671875
954.3411865234375
84.89720153808594
75.99002075195312
215.13580322265625
37.91180419921875
215.13580322265625
261.63458251953125
185.73681640625
523355.78125
784.0834350585938
1605.8526611328125
2023875562962944.0
647.5702514648438
-22.48033905029297
26.660072326660156
56.21649932861328
-5.005367279052734
703.1505126953125
-4.723388671875
691.85595703125
-9.694877624511719
-13.846237182617188
632.7931518554688
-22.18781280517578
5.861480712890625
150.53408813476562
2455.635009765625
32.587013244628906
123.2762222290039
916.8655395507812
25.466598510742188
212.131591796875
30.6624755859375
-19.88774871826172
-1.533905029296875
6.92341613307398e+23
545358438465536.0
-26.13323211669922
-16.389205932617188
-4.076019287109375
215.13580322265625
4629.86767578125
545358438465536.0
436.00946044921875
691.85595703125
36.23297119140625
-16.87832260131836
545358438465536.0
104.78030395507812
74.63825988769531
2.764848706757853e+18
89.96945190429688
-9.694877624511719
6.1262359619140625
5.73101806640625
2.764848706757853e+18
186.99777221679688
73.0708999633789
336.6573486328125
195.51806640625
732.562255859375
36.28163146972656
-22.18781280517578
41.63810729980469
79.27739715576172
-22.18781280517578
215.13580322265625
158.87997436523438
-27.8250732421875
185.1473846435547
24.3848876953125
14.199783325195312
2.764848706757853e+18
93.91789245605469
75.99002075195312
261.5242919921875
230.5959930419922
215.13580322265625
647.5702514648438
-16.389205932617188
379.1134338378906
-26.26720428466797
39.251319885253906
-1.533905029296875
132.96182250976562
336.6573486328125
-26.99909210205078
-15.861587524414062
523355.78125
-30.51586151123047
75.99002075195312
137.57383728027344
209.19139099121094
181.20118713378906
-18.99380874633789
-26.13323211669922
3.0920257568359375
6.1262359619140625
-40.64664840698242
3802.58837890625
4766.50048828125
2.764848706757853e+18
75.99002075195312
2.764848706757853e+18
632.7931518554688
-11.7733154296875
632.7931518554688
261.63458251953125
90.13916015625
-1.533905029296875
96.12490844726562
-22.18781280517578
-29.71532440185547
42901.91015625
215.13580322265625
6234.6630859375
215.13580322265625
215.13580322265625
647.5702514648438
51.92396545410156
42.61265563964844
179.76502990722656
29524.29296875
134.18463134765625
3.687905933478895e+24
-23.637378692626953
545358438465536.0
134555.625
545358438465536.0
647.5702514648438
475.123291015625
-18.99380874633789
732.562255859375
261.5242919921875
121.55315399169922
-3.4322509765625
-15.861587524414062
-11.037261962890625
137894.890625
-25.422534942626953
-20.484664916992188
29524.29296875
-10.224555969238281
3181.3916015625
29.030258178710938
336.6573486328125
647.5702514648438
-46.1655158996582
18.679534912109375
-26.37282943725586
75.99002075195312
11.194046020507812
184.91958618164062
2470.975341796875
-35.00318908691406
-13.354583740234375
71.41862487792969
139.125
38.646453857421875
5463.01513671875
-22.18781280517578
10100978.0
475.123291015625
313.328857421875
261.63458251953125
215.13580322265625
1128.47216796875
261.63458251953125
31.31201171875
15.528430938720703
-22.48033905029297
215.13580322265625
-13.846237182617188
215.13580322265625
784.0834350585938
-16.843788146972656
-20.484664916992188
784.0834350585938
545358438465536.0
987.483642578125
215.13580322265625
3583.433349609375
44.553741455078125
261.5242919921875
150.6187744140625
89.51875305175781
-4.502170562744141
-11.697635650634766
65.91754150390625
28.9542236328125
-15.861587524414062
336.6573486328125
215.13580322265625
-21.83971405029297
545358438465536.0
192.44090270996094
545358438465536.0
-46.1655158996582
97870.8671875
2588.011962890625
-13.846237182617188
-16.493518829345703
6.328155554486062e+24
239.77976989746094
418.28582763671875
139.16598510742188
3409.064453125
-46.1655158996582
2509.704345703125
545358438465536.0
3514.87158203125
-13.304649353027344
-30.17032241821289
-11.438072204589844
102.24253845214844
-25.422534942626953
732.562255859375
336.6573486328125
3832.0302734375
31.778106689453125
980.8042602539062
401.5536193847656
-32.45943069458008
703.1505126953125
-18.304012298583984
-10.224555969238281
-11.438072204589844
-19.518177032470703
-11.697635650634766
14.89990234375
2588.011962890625
703.1505126953125
261.63458251953125
5461.90478515625
103.06249237060547
-35.84593963623047
-22.64464569091797
545358438465536.0
2588.011962890625
146019.4375
126.12249755859375
545358438465536.0
-4.250068664550781
-27.729755401611328
545358438465536.0
136543.859375
215.13580322265625
-20.024948120117188
-17.045578002929688
215.13580322265625
45.877296447753906
545358438465536.0
57.01720428466797
215.13580322265625
1.8968505859375
434.6377258300781
6.060943603515625
215.13580322265625
-7.668449401855469
703.1505126953125
-4.076019287109375
230.5959930419922
-22.18781280517578
1098.125
-26.8223876953125
261.5242919921875
-22.717674255371094
543.5162963867188
215.13580322265625
270.28839111328125
84.9164047241211
4.0769805908203125
215.13580322265625
215.13580322265625
93.55767059326172
-37.99513626098633
215.13580322265625
31.778106689453125
102.50727081298828
217.91653442382812
-31.25598907470703
6.6204833984375
-16.87832260131836
6.1262359619140625
145.1050262451172
55.14373779296875
56.19703674316406
4877.77490234375
208.12110900878906
209.19139099121094
-30.41240692138672
-23.637378692626953
310.2280578613281
75.99002075195312
117.5792465209961
545358438465536.0
-14.082054138183594
116.46430969238281
784.0834350585938
275.441650390625
310.2280578613281
7812.38916015625
209.93377685546875
-17.15875244140625
-15.404678344726562
-5.222984313964844
22616.431640625
-28.650588989257812
-22.18781280517578
55.14373779296875
2632.833740234375
-22.18781280517578
647.5702514648438
75.99002075195312
37.186431884765625
703.1505126953125
75.99002075195312
19.336585998535156
-22.18781280517578
-22.18781280517578
-8.582115173339844
-17.045578002929688
2453.180908203125
36358.0625
191.42050170898438
-17.045578002929688
-25.41545867919922
215.13580322265625
215.13580322265625
26.801361083984375
8.877365112304688
16.915603637695312
184.71897888183594
261.63458251953125
64.01536560058594
545358438465536.0
177.67724609375
-30.17032241821289
215.13580322265625
230.5959930419922
-31.396286010742188
8785.4462890625
185.75390625
-27.44211196899414
43.02204895019531
-14.082054138183594
156.2296142578125
113.68500518798828
-30.17032241821289
6.1262359619140625
-29.73963165283203
-16.389205932617188
32.587013244628906
99.16061401367188
61.14912414550781
261.5242919921875
4.903496404439138e+18
545358438465536.0
33.13701629638672
-14.947402954101562
545358438465536.0
79.07278442382812
29524.29296875
842.7573852539062
215.13580322265625
215.13580322265625
545358438465536.0
261.63458251953125
139.69973754882812
4003.101318359375
-4.250068664550781
2719155.0
-30.17032241821289
28.90015411376953
5833.001953125
215.13580322265625
75.99002075195312
-13.354583740234375
136111.78125
22.266510009765625
564.0445556640625
5461.90478515625
202.6487274169922
215.13580322265625
336.6573486328125
143.8546905517578
2080.9580078125
700.6781005859375
54.73225402832031
336.6573486328125
336.6573486328125
90.86968994140625
187.27938842773438
691.85595703125
75.99002075195312
-0.39305877685546875
-11.7733154296875
2.764848706757853e+18
215.13580322265625
-11.037261962890625
26.329078674316406
212.131591796875
-26.8223876953125
-27.729755401611328
-13.832046508789062
169.6641387939453
-36.5454216003418
121.66084289550781
1898.238525390625
-40.64664840698242
116.53535461425781
758.8609008789062
336.6573486328125
22.240135192871094
-25.422534942626953
-20.484664916992188
18.390167236328125
20.130996704101562
97870.8671875
116.53535461425781
27.761947631835938
-1.533905029296875
45.4696044921875
-26.13323211669922
101.11418151855469
192.44090270996094
5461.90478515625
545358438465536.0
89.96945190429688
5130.04248046875
215.13580322265625
-29.30968475341797
-15.011886596679688
6.1262359619140625
2187.935546875
261.63458251953125
170.9284210205078
215.13580322265625
215.13580322265625
-11.7733154296875
-11.037261962890625
55.99201202392578
113.68500518798828
136869.6875
-14.624237060546875
-2.65576171875
153.94229125976562
411.6527099609375
2588.011962890625
-40.64664840698242
296.3503112792969
209.19139099121094
523355.78125
545358438465536.0
116.53535461425781
12.247817993164062
134.55020141601562
17.695091247558594
149.92364501953125
72.83914947509766
78.09767150878906
331.1658935546875
336.6573486328125
-16.105560302734375
-4.723388671875
89.51875305175781
-9.674751281738281
397.54669189453125
8.37945556640625
161.87176513671875
31.31201171875
545358438465536.0
108.48163604736328
621.4508056640625
-14.082054138183594
-22.18781280517578
4137.67529296875
647.5702514648438
680.9554443359375
-15.011886596679688
703.1505126953125
2251556476944384.0
-11.072757720947266
-22.18781280517578
29.314849853515625
1645.85595703125
45.4696044921875
-17.045578002929688
1045.33203125
379.1134338378906
14.834854125976562
-30.17032241821289
422.85565185546875
259.3046569824219
545358438465536.0
215.13580322265625
-4.250068664550781
72881.734375
-30.0677490234375
-19.518177032470703
215.13580322265625
-13.354583740234375
14.199180603027344
43828.94140625
632.7931518554688
215.13580322265625
545358438465536.0
49.60279846191406
-13.115364074707031
215.13580322265625
1.3251800537109375
136741.90625
5461.90478515625
-16.389205932617188
2660.210693359375
-28.503875732421875
75.0877685546875
-22.18781280517578
261.63458251953125
2588.011962890625
12.247817993164062
-24.809864044189453
3.2210540771484375
222.2422637939453
275.441650390625
986670757314560.0
36.42008972167969
261.5242919921875
366.9874572753906
310.2280578613281
-19.518177032470703
593.3285522460938
89.96945190429688
-23.25616455078125
32.587013244628906
3832.0302734375
120278.9453125
134.9686279296875
81.99949645996094
545358438465536.0
6.1262359619140625
-37.99513626098633
96.12490844726562
154.24046325683594
91.7733154296875
-0.33849334716796875
68.89807891845703
2.764848706757853e+18
75.99002075195312
52.801780700683594
212.06234741210938
268.91534423828125
6.6204833984375
310.2280578613281
647.5702514648438
-1.533905029296875
-11.697635650634766
545358438465536.0
-15.011886596679688
190.32357788085938
336.6573486328125
1433.7310791015625
-13.304649353027344
545358438465536.0
29524.29296875
-13.304649353027344
9579040864206848.0
-46.1655158996582
-30.0677490234375
66.56390380859375
91.7733154296875
-30.437103271484375
22.038116455078125
1.7639862627814972e+20
50.631248474121094
545358438465536.0
261.5242919921875
215.13580322265625
215.13580322265625
80.34146118164062
-25.11541748046875
475.123291015625
215.13580322265625
-11.357307434082031
29524.29296875
217.77432250976562
-7.5936431884765625
142.3471221923828
784.0834350585938
409.91278076171875
4.5993499755859375
261.5242919921875
784.0834350585938
229.36822509765625
-22.989952087402344
-10.224555969238281
336.6573486328125
545358438465536.0
261.5242919921875
25.250816345214844
855.857421875
2.764848706757853e+18
89.51875305175781
423.4949035644531
1929.19384765625
-5.160270690917969
2.764848706757853e+18
574048283131904.0
-37.81925582885742
-7.697868347167969
188.41221618652344
203.7997589111328
647.5702514648438
336.6573486328125
-25.422534942626953
215.13580322265625
23.217124938964844
336.6573486328125
572.353271484375
-0.32953643798828125
215.13580322265625
-13.354583740234375
103.06249237060547
242.89730834960938
225.85069274902344
56.19703674316406
980.8042602539062
261.5242919921875
-46.1655158996582
646.9154663085938
4330.5234375
-21.83971405029297
105.48328399658203
55.14373779296875
150.53408813476562
6.1262359619140625
-31.396286010742188
323.9823303222656
-14.947402954101562
217.91653442382812
31.31201171875
-29.33597183227539
3490.541015625
1434.2403564453125
41.633827209472656
261.5242919921875
2161.427978515625
784.0834350585938
27.332908630371094
-27.44211196899414
-40.64664840698242
11310.1982421875
2.5317062271077188e+19
878.4952392578125
-10.224555969238281
893.7556762695312
-13.97603988647461
732.562255859375
475.123291015625
215.13580322265625
13.281578063964844
545358438465536.0
215.13580322265625
336.6573486328125
-46.1655158996582
70.19766998291016
-22.18781280517578
261.63458251953125
34.1304931640625
136.50027465820312
-13.354583740234375
410.857666015625
2470.975341796875
-17.601974487304688
73.49783325195312
184.71897888183594
215.13580322265625
2.764848706757853e+18
-22.18781280517578
229.9393310546875
35.1229248046875
-14.947402954101562
-46.1655158996582
215.13580322265625
6.1262359619140625
215.13580322265625
850.0025634765625
93.91789245605469
179.04600524902344
645.1572265625
52.801780700683594
11310.1982421875
2588.011962890625
14.998321533203125
-37.81925582885742
-16.389205932617188
2.8660812377929688
691.85595703125
163.7575225830078
134.55020141601562
31.31201171875
2588.011962890625
475.123291015625
301.5003662109375
103.06249237060547
-10.030204772949219
1.4446161396639247e+23
215.13580322265625
-22.18781280517578
31.31201171875
8052.712890625
647.5702514648438
-15.404678344726562
21.366500854492188
8.276081085205078
215.13580322265625
89.96945190429688
-4.723388671875
325.85821533203125
-32.190399169921875
545358438465536.0
182.48477172851562
331.781494140625
-14.082054138183594
4394616.5
5461.90478515625
89.47990417480469
97870.8671875
33.520408630371094
-13.354583740234375
784.0834350585938
60.72273254394531
310.2280578613281
115.35458374023438
545358438465536.0
336.6573486328125
-27.110843658447266
-46.1655158996582
-46.1655158996582
75.99002075195312
-37.52238082885742
647.5702514648438
134403.765625
916.8655395507812
2.764848706757853e+18
8.220766593344162e+25
545358438465536.0
261.63458251953125
84.9164047241211
703.1505126953125
-14.701492309570312
54.902618408203125
84.74352264404297
191.1407012939453
545358438465536.0
2.764848706757853e+18
215.13552856445312
22.324012756347656
380.9817199707031
-15.011878967285156
272.76806640625
703.1505126953125
45.46946716308594
215.13552856445312
215.13552856445312
198.01181030273438
56.19715881347656
54.737457275390625
632.7940063476562
647.571044921875
215.13552856445312
275.4417724609375
-22.6446533203125
261.5242919921875
4559.50537109375
215.13552856445312
-15.404800415039062
335.06024169921875
-11.675727844238281
-18.993785858154297
97870.8203125
49.60276794433594
9.018745422363281
91.77317810058594
-11.464004516601562
-18.636077880859375
149.7496795654297
398.4588317871094
545358472019968.0
185.7538604736328
702.0162963867188
545358472019968.0
-11.773231506347656
784.0845947265625
36.281646728515625
336.65728759765625
2.764840460420645e+18
732.5623779296875
545358472019968.0
-28.297672271728516
50.63102722167969
24.110618591308594
215.13552856445312
243.8185577392578
215.13552856445312
6.1043701171875
336.65728759765625
215.13552856445312
31.312057495117188
647.571044921875
130.68695068359375
4448.6181640625
2.7301393236922204e+18
136639.34375
101.47455596923828
2.764840460420645e+18
335.06024169921875
-26.267215728759766
215.13552856445312
-4.076072692871094
215.13552856445312
29.314620971679688
