-25.214447021484375
-5.137542724609375
-29.770435333251953
-19.39822769165039
15.7603759765625
-33.06771469116211
-37.1793212890625
-29.770435333251953
-33.06771469116211
-25.201309204101562
-39.794822692871094
-13.612625122070312
-24.364727020263672
-29.770435333251953
-39.76539611816406
-40.311946868896484
-20.37893295288086
-24.04363250732422
-22.741100311279297
-30.122394561767578
-21.960556030273438
2.985454559326172
-15.659698486328125
-24.421478271484375
-15.364959716796875
-33.471473693847656
-16.919464111328125
-23.601608276367188
-16.600170135498047
-33.0525016784668
-37.544410705566406
-73.59011840820312
-33.06771469116211
-36.069515228271484
-19.79616928100586
-33.960655212402344
28.236526489257812
-27.489070892333984
-40.563621520996094
-73.59011840820312
-85.45113372802734
-24.76413345336914
-10.53472900390625
-24.293262481689453
-37.63947677612305
-85.45113372802734
-34.41352844238281
-33.33458709716797
13.506328582763672
-40.41918182373047
-21.17919921875
-42.05807876586914
-38.23963165283203
-22.96255111694336
-23.679080963134766
-15.605388641357422
-44.62303924560547
-33.06771469116211
-39.82086944580078
-27.41543197631836
-27.489070892333984
-37.1793212890625
-38.23963165283203
-19.950393676757812
-19.39822769165039
-37.04860305786133
-16.726940155029297
-26.575939178466797
-73.59011840820312
-21.582321166992188
-37.05419921875
-73.59011840820312
-73.59011840820312
-85.45113372802734
-21.536334991455078
-35.250736236572266
-85.45113372802734
-22.422195434570312
-18.002609252929688
-25.130081176757812
-19.383258819580078
-20.124263763427734
-37.1793212890625
-18.490798950195312
-36.080936431884766
-35.95354461669922
-38.20945739746094
-24.48360824584961
-14.147171020507812
-73.59011840820312
-33.06771469116211
-17.156654357910156
-73.59011840820312
-18.302196502685547
-85.45113372802734
-25.507492065429688
-21.777992248535156
-37.01531982421875
-18.790328979492188
-25.201309204101562
-31.322650909423828
-31.978240966796875
-26.06447982788086
-15.364959716796875
-18.002609252929688
-22.207000732421875
-40.563621520996094
-28.184276580810547
-20.36724090576172
-22.66222381591797
20.027618408203125
-25.507492065429688
-19.39822769165039
-85.45113372802734
-33.57330322265625
-8.425041198730469
12.186988830566406
-24.389041900634766
-85.45113372802734
-23.863914489746094
-21.582321166992188
-31.725055694580078
-23.621826171875
-24.415267944335938
-34.0244026184082
-22.422195434570312
-36.34733963012695
-21.133705139160156
-24.04363250732422
-5.044979095458984
-29.038623809814453
-2.5574722290039062
-20.36724090576172
-19.824661254882812
-40.375
-20.887035369873047
-28.219402313232422
-10.01889419555664
-38.20945739746094
-29.516403198242188
-31.725055694580078
-38.47344970703125
-11.786579132080078
-13.259521484375
-27.52420425415039
-38.355350494384766
-73.59011840820312
-73.59011840820312
-23.569175720214844
34.857208251953125
-36.261962890625
-40.563621520996094
-36.418914794921875
-37.578948974609375
-25.01318359375
-85.45113372802734
-29.067535400390625
-24.457473754882812
-8.425041198730469
-33.06771469116211
-29.935455322265625
-31.68048858642578
-44.56953048706055
-22.364715576171875
-15.605388641357422
2.930988311767578
-73.59011840820312
-45.839786529541016
-29.516403198242188
-40.563621520996094
-22.929977416992188
-33.06771469116211
-43.29058837890625
-31.38922119140625
-6.5769500732421875
-2.941070556640625
-47.55232238769531
-20.774150848388672
-17.299705505371094
-19.233749389648438
-36.1304817199707
-28.30077362060547
-44.624515533447266
-8.425041198730469
-22.06121063232422
-85.45113372802734
-26.20922088623047
-25.563934326171875
-23.351177215576172
-20.56830596923828
-73.59011840820312
-11.722599029541016
4.118633270263672
-46.339481353759766
-40.563621520996094
-25.201309204101562
-47.025142669677734
-34.5731315612793
-31.322650909423828
-17.474445343017578
-18.790328979492188
-19.39822769165039
-46.778526306152344
-13.612625122070312
-23.47406768798828
16.37796401977539
-28.30077362060547
-50.410560607910156
-21.99283218383789
-47.64720153808594
-16.20800018310547
-19.950393676757812
-31.725055694580078
-37.1793212890625
-73.59011840820312
-40.563621520996094
-23.601608276367188
-47.55232238769531
-35.22699737548828
-21.416397094726562
-43.2371826171875
-28.69525909423828
-12.21255111694336
-39.31166076660156
-29.829017639160156
-73.59011840820312
-31.748394012451172
-35.95354461669922
-35.51883316040039
-85.45113372802734
-47.94380569458008
-21.960556030273438
8.496994018554688
-25.164871215820312
-31.193344116210938
-25.507492065429688
-21.935131072998047
-73.59011840820312
-9.898452758789062
-27.87297821044922
-21.175735473632812
-38.04327392578125
-44.624515533447266
-29.770435333251953
-40.375
-40.563621520996094
-35.95354461669922
-27.947063446044922
-13.018489837646484
-23.332923889160156
-20.857173919677734
-5.137542724609375
-12.666313171386719
-27.869422912597656
6.233345031738281
-35.656044006347656
-25.164871215820312
-35.95354461669922
2.3935699462890625
-0.596588134765625
-12.961296081542969
-29.770435333251953
-12.66409683227539
-16.16661834716797
-15.659698486328125
-37.1793212890625
-26.06447982788086
-22.218013763427734
-27.569591522216797
-39.794822692871094
-29.770435333251953
-73.59011840820312
-4.735260009765625
-73.59011840820312
-44.624515533447266
-31.704330444335938
-38.23963165283203
-23.351177215576172
-11.190078735351562
1.0702056884765625
-37.1793212890625
-25.694740295410156
-16.919464111328125
-17.205947875976562
-23.32894515991211
-25.563934326171875
-34.0244026184082
-26.116050720214844
-19.160598754882812
-18.790328979492188
-18.302196502685547
-26.06447982788086
-33.56216049194336
-18.477859497070312
-14.909355163574219
-31.725055694580078
-10.824840545654297
-9.674362182617188
-35.35963439941406
-38.86435317993164
-33.04935073852539
-18.40691375732422
-12.66409683227539
15.365020751953125
-85.45113372802734
-28.263328552246094
-23.332923889160156
-29.718948364257812
-73.59011840820312
-4.584632873535156
-85.45113372802734
-29.316856384277344
-26.116050720214844
-25.899372100830078
-18.824386596679688
-85.45113372802734
-16.16657257080078
-19.027721405029297
-40.563621520996094
-26.20922088623047
-19.160598754882812
-20.36724090576172
-20.814491271972656
-40.563621520996094
-24.62203598022461
-34.8088264465332
-33.06771469116211
-40.80858612060547
-21.465953826904297
-20.887035369873047
-26.06447982788086
-23.036235809326172
-30.163612365722656
-26.06447982788086
-73.59011840820312
-26.189735412597656
-18.242286682128906
-30.074005126953125
-34.9268913269043
-3.923370361328125
-40.563621520996094
-20.357257843017578
-29.770435333251953
-44.62303924560547
-43.99055862426758
-73.59011840820312
-37.1793212890625
-23.332923889160156
-21.777992248535156
-20.857173919677734
-30.961334228515625
-12.66409683227539
9.371604919433594
-33.06771469116211
-17.12299346923828
-25.507492065429688
-38.23963165283203
-22.604461669921875
-29.770435333251953
-19.950393676757812
-12.785820007324219
-26.266342163085938
-20.37893295288086
-28.263328552246094
-23.544925689697266
-20.36724090576172
-28.30077362060547
-11.0533447265625
192.34146118164062
-40.563621520996094
-29.770435333251953
-40.563621520996094
-18.302196502685547
-20.495040893554688
-18.302196502685547
-44.624515533447266
-34.591636657714844
-12.66409683227539
-25.69133758544922
-26.06447982788086
-25.28487777709961
-4.313804626464844
-73.59011840820312
-7.891471862792969
-73.59011840820312
-73.59011840820312
-37.1793212890625
-7.9290008544921875
-13.612625122070312
36.61716842651367
-47.652687072753906
-27.130714416503906
63.218990325927734
-16.087875366210938
-85.45113372802734
-23.330547332763672
-85.45113372802734
-37.1793212890625
-23.679080963134766
-20.37893295288086
-21.465953826904297
-44.62303924560547
-29.343101501464844
-19.699554443359375
-25.507492065429688
-12.961296081542969
-23.715797424316406
-6.875064849853516
-20.515182495117188
-47.652687072753906
-27.489070892333984
-34.684322357177734
-8.873146057128906
-33.06771469116211
-37.1793212890625
-22.364715576171875
-11.253807067871094
-40.12708282470703
-29.770435333251953
-32.33859634399414
-37.56951141357422
-39.063106536865234
-25.67552947998047
-33.0525016784668
-32.53028106689453
-32.63883972167969
-11.773696899414062
-44.848236083984375
-26.06447982788086
-1.547210693359375
-23.679080963134766
3.789520263671875
-44.624515533447266
-73.59011840820312
-31.8939208984375
-44.624515533447266
-15.364959716796875
-19.698993682861328
-25.694740295410156
-73.59011840820312
-18.790328979492188
-73.59011840820312
-23.351177215576172
-19.866016387939453
-20.515182495117188
-23.351177215576172
-85.45113372802734
-21.91681671142578
-73.59011840820312
-41.69841003417969
0.98016357421875
-44.62303924560547
-14.68886947631836
-16.20850372314453
28.208450317382812
-21.960556030273438
-28.917423248291016
-22.42444610595703
-25.507492065429688
-33.06771469116211
-73.59011840820312
-20.26819610595703
-85.45113372802734
-34.0692138671875
-85.45113372802734
-22.364715576171875
-47.15514373779297
-21.175735473632812
-18.790328979492188
-21.083023071289062
23.498870849609375
-35.248756408691406
-22.218013763427734
2.288604736328125
-46.49131774902344
-22.364715576171875
-9.647979736328125
-85.45113372802734
-47.335044860839844
-22.666824340820312
-24.293262481689453
-35.688148498535156
-21.176658630371094
-6.875064849853516
-21.465953826904297
-33.06771469116211
-31.17841339111328
-40.74726867675781
-31.322650909423828
-16.16661834716797
-22.644264221191406
-25.563934326171875
-36.74858474731445
-27.489070892333984
-35.688148498535156
-21.620830535888672
-21.960556030273438
-30.125144958496094
-21.175735473632812
-25.563934326171875
-44.624515533447266
-44.85749435424805
-17.299705505371094
-10.227508544921875
-20.43706512451172
-85.45113372802734
-21.175735473632812
-22.668643951416016
-7.621490478515625
-85.45113372802734
-21.582321166992188
-24.364727020263672
-85.45113372802734
-23.854232788085938
-73.59011840820312
-24.014270782470703
-15.999080657958984
-73.59011840820312
-6.830635070800781
-85.45113372802734
-28.46786880493164
-73.59011840820312
-27.900177001953125
-37.5150260925293
-31.73386001586914
-73.59011840820312
-22.91297149658203
-25.563934326171875
-29.718948364257812
-43.99055862426758
-26.06447982788086
-20.07876968383789
-24.04363250732422
-44.62303924560547
-21.843795776367188
10.516853332519531
-73.59011840820312
-25.777359008789062
-39.79592514038086
-35.776248931884766
-73.59011840820312
-73.59011840820312
-23.107830047607422
-23.166030883789062
-73.59011840820312
-40.74726867675781
-37.132320404052734
-22.422195434570312
-20.448318481445312
-18.744335174560547
-18.824386596679688
-20.36724090576172
-35.433685302734375
-18.71668243408203
-18.229183197021484
-4.962615966796875
-30.931678771972656
-12.785820007324219
-38.19995880126953
-16.087875366210938
-24.421478271484375
-29.770435333251953
-33.1591911315918
-85.45113372802734
-27.87297821044922
-21.708084106445312
-23.351177215576172
-9.888031005859375
-24.421478271484375
-5.6392669677734375
-36.46236801147461
-32.689910888671875
-35.74668502807617
-17.21483612060547
7.9895477294921875
-34.168819427490234
-26.06447982788086
-18.71668243408203
-24.140220642089844
-26.06447982788086
-37.1793212890625
-29.770435333251953
-14.827701568603516
-25.563934326171875
-29.770435333251953
-29.703231811523438
-26.06447982788086
-26.06447982788086
-25.61758041381836
-15.999080657958984
-12.776031494140625
37.500518798828125
-7.477577209472656
-15.999080657958984
-34.33382797241211
-73.59011840820312
-73.59011840820312
-32.650352478027344
-16.550159454345703
-36.489295959472656
-42.06858444213867
-44.624515533447266
3.430389404296875
-85.45113372802734
-1.0006637573242188
-24.293262481689453
-73.59011840820312
-43.99055862426758
-22.207000732421875
-25.666053771972656
-38.20945739746094
-21.015586853027344
-30.207653045654297
-27.87297821044922
-37.49363708496094
-25.201309204101562
-24.293262481689453
-20.36724090576172
-35.407493591308594
-23.332923889160156
-31.725055694580078
-36.35654830932617
-33.99803924560547
-44.62303924560547
-24.437572479248047
-85.45113372802734
-36.89278793334961
-25.164871215820312
-85.45113372802734
-38.77236557006836
-47.652687072753906
-10.653366088867188
-73.59011840820312
-73.59011840820312
-85.45113372802734
-44.624515533447266
-28.085525512695312
-48.00627899169922
-21.582321166992188
2.85650634765625
-24.293262481689453
-15.729728698730469
-8.242328643798828
-73.59011840820312
-29.770435333251953
-33.0525016784668
-23.716697692871094
-10.018608093261719
-9.24407958984375
-44.85749435424805
-8.796173095703125
-73.59011840820312
-33.06771469116211
-30.375503540039062
-3.0887107849121094
-22.21550750732422
-29.928237915039062
-33.06771469116211
-33.06771469116211
8.790237426757812
-30.259628295898438
-26.116050720214844
-29.770435333251953
6.757617950439453
-20.495040893554688
-40.563621520996094
-73.59011840820312
-12.961296081542969
-28.99786376953125
-38.86435317993164
-24.04363250732422
-24.364727020263672
-18.31814956665039
-11.786579132080078
-20.321060180664062
-12.830345153808594
-13.545429229736328
-28.30077362060547
-27.057575225830078
-22.447357177734375
-33.06771469116211
-28.95136260986328
-6.875064849853516
-20.515182495117188
-35.92679214477539
-9.864391326904297
-47.15514373779297
-27.057575225830078
-13.515922546386719
-12.66409683227539
-31.473365783691406
-28.263328552246094
-33.98783874511719
-34.0692138671875
-44.85749435424805
-85.45113372802734
-26.20922088623047
-13.099708557128906
-73.59011840820312
-32.85051727294922
-25.771968841552734
-20.36724090576172
-34.218910217285156
-44.624515533447266
-32.392669677734375
-73.59011840820312
-73.59011840820312
-20.495040893554688
-12.961296081542969
-18.231834411621094
-25.201309204101562
-23.81497573852539
-34.692413330078125
-5.926937103271484
-39.182979583740234
-9.898452758789062
-21.175735473632812
-28.30077362060547
1.181549072265625
-12.785820007324219
-38.23963165283203
-85.45113372802734
-27.057575225830078
-23.074893951416016
-15.393745422363281
0.30651092529296875
-39.76539611816406
-37.33481979370117
-3.8885955810546875
9.750457763671875
-33.06771469116211
-19.79616928100586
-34.0244026184082
-16.20850372314453
-14.25539779663086
-23.99472427368164
-26.237873077392578
-30.77301788330078
-15.364959716796875
-85.45113372802734
-21.1051025390625
-1.88720703125
-27.87297821044922
-26.06447982788086
-47.55232238769531
-37.1793212890625
-18.490798950195312
-25.771968841552734
-25.563934326171875
127.83573913574219
-14.55063247680664
-26.06447982788086
-18.320880889892578
-6.954730987548828
-31.473365783691406
-15.999080657958984
13.421966552734375
-21.777992248535156
-22.707901000976562
-24.293262481689453
-22.69196319580078
-29.243946075439453
-85.45113372802734
-73.59011840820312
-21.582321166992188
24.922657012939453
-19.39822769165039
-21.620830535888672
-73.59011840820312
-33.0525016784668
-23.582786560058594
14.787982940673828
-18.302196502685547
-73.59011840820312
-85.45113372802734
-22.49146270751953
-21.70708465576172
-73.59011840820312
-26.161113739013672
-23.399093627929688
-44.85749435424805
-23.332923889160156
-0.45648956298828125
-33.35588455200195
-30.908733367919922
-26.06447982788086
-44.624515533447266
-21.175735473632812
-23.074893951416016
-24.610904693603516
-20.367942810058594
-40.97956848144531
-9.888031005859375
-11.256980895996094
-31.34801483154297
-44.62303924560547
-33.207557678222656
-24.421478271484375
-21.620830535888672
-3.49981689453125
-26.20922088623047
-32.64430618286133
-31.725055694580078
-31.17841339111328
-22.107173919677734
-35.39479064941406
-34.39292907714844
-85.45113372802734
-20.36724090576172
-23.166030883789062
-25.69133758544922
-8.940265655517578
-16.39281463623047
-30.93860626220703
-33.028263092041016
-40.563621520996094
-29.770435333251953
-5.4593505859375
-39.859161376953125
-43.52798080444336
-18.744335174560547
-24.421478271484375
-37.1793212890625
-12.66409683227539
-21.960556030273438
-85.45113372802734
-25.771968841552734
-35.832008361816406
-33.06771469116211
24.006507873535156
-22.666824340820312
-85.45113372802734
-47.652687072753906
-22.666824340820312
9.465930938720703
-22.364715576171875
-19.39822769165039
-20.391151428222656
-16.39281463623047
-20.075973510742188
-34.34808349609375
248.58865356445312
-15.659698486328125
-85.45113372802734
-44.62303924560547
-73.59011840820312
-73.59011840820312
-33.84035873413086
-4.4691009521484375
-23.679080963134766
-73.59011840820312
-28.28774642944336
-47.652687072753906
-37.9430046081543
-33.33966064453125
-26.252552032470703
-23.351177215576172
-21.07660675048828
-29.11876678466797
-44.62303924560547
-23.351177215576172
-39.15026092529297
-35.42935562133789
-27.489070892333984
-33.06771469116211
-85.45113372802734
-44.62303924560547
-26.972942352294922
5.43182373046875
-40.563621520996094
-16.20850372314453
-30.71483612060547
12.707916259765625
-23.47406768798828
-40.563621520996094
6.591888427734375
-18.72597885131836
-37.01097106933594
-32.84600830078125
-35.62803649902344
-37.1793212890625
-33.06771469116211
-6.875064849853516
-73.59011840820312
-26.703540802001953
-33.06771469116211
-25.061214447021484
-27.064891815185547
-73.59011840820312
-33.0525016784668
-17.299705505371094
-39.79282760620117
-18.272430419921875
-18.229183197021484
-31.322650909423828
-44.62303924560547
-22.364715576171875
-19.338993072509766
-11.718204498291016
-20.26819610595703
-25.922073364257812
-18.71668243408203
-18.477859497070312
-20.36724090576172
-22.207000732421875
-27.09603500366211
-25.164871215820312
-22.422195434570312
-15.364959716796875
-36.17988586425781
-47.07429122924805
-16.50884246826172
-29.827014923095703
-44.62303924560547
-32.36222839355469
-23.351177215576172
-29.944156646728516
-21.015586853027344
-28.30077362060547
-46.339481353759766
11.405498504638672
-4.833858489990234
-27.489070892333984
-13.162284851074219
-11.089885711669922
-21.465953826904297
-23.679080963134766
-73.59011840820312
-19.04583740234375
-85.45113372802734
-73.59011840820312
-33.06771469116211
-22.364715576171875
-36.97730255126953
-26.06447982788086
-44.624515533447266
-35.68452072143555
-37.43762969970703
-33.0525016784668
-20.871902465820312
-39.063106536865234
-34.3503303527832
-37.26211166381836
-42.06858444213867
-73.59011840820312
-40.563621520996094
-26.06447982788086
-18.267684936523438
-22.417896270751953
-25.164871215820312
-22.364715576171875
-73.59011840820312
-20.36724090576172
-73.59011840820312
-28.06848907470703
-20.357257843017578
-35.16498565673828
-21.705543518066406
-5.4593505859375
-46.339481353759766
-21.175735473632812
-31.075069427490234
-18.72597885131836
-23.332923889160156
-30.451332092285156
-26.116050720214844
-31.037445068359375
-15.393745422363281
-15.364959716796875
-21.175735473632812
-23.679080963134766
-30.874469757080078
-17.299705505371094
-33.43954849243164
25.03183364868164
-73.59011840820312
-26.06447982788086
-15.364959716796875
-38.85883331298828
-37.1793212890625
-35.74668502807617
-31.762035369873047
-35.51344299316406
-73.59011840820312
-26.20922088623047
-34.0244026184082
-32.110687255859375
-22.441909790039062
-85.45113372802734
-40.90796661376953
-25.339279174804688
-27.87297821044922
24.74258041381836
-44.85749435424805
-30.332927703857422
-47.15514373779297
-12.674800872802734
-33.0525016784668
-23.351177215576172
-14.146308898925781
-24.421478271484375
-38.029476165771484
-85.45113372802734
-33.06771469116211
-31.331310272216797
-22.364715576171875
-22.364715576171875
-29.770435333251953
-29.516403198242188
-37.1793212890625
-23.997417449951172
-9.674362182617188
-40.563621520996094
46.98048782348633
-85.45113372802734
-44.624515533447266
-39.79592514038086
-25.563934326171875
-31.077064514160156
-29.856414794921875
-34.518165588378906
-33.60495376586914
-85.45113372802734
-40.563621520996094
-73.59008026123047
-35.2053337097168
-30.077266693115234
-25.771968841552734
6.580902099609375
-25.56393051147461
-31.473377227783203
-73.59008026123047
-73.59008026123047
-35.953548431396484
-18.229190826416016
-15.605388641357422
-18.302196502685547
-37.17929458618164
-73.59008026123047
-9.888031005859375
-20.437068939208984
-44.62303924560547
-6.830982208251953
-73.59008026123047
-35.74668884277344
-44.214515686035156
-30.7349853515625
-20.378936767578125
-47.155155181884766
-22.49146270751953
-21.650901794433594
-16.392803192138672
-21.86823272705078
-32.521400451660156
-24.483596801757812
-24.377086639404297
-85.45124816894531
-38.20944595336914
-12.305961608886719
-85.45124816894531
-20.495025634765625
-23.351158142089844
-20.887039184570312
-33.067710876464844
-40.56357955932617
-21.465953826904297
-85.45124816894531
-24.722251892089844
-15.659687042236328
-29.31708526611328
-73.59008026123047
-23.716705322265625
-73.59008026123047
-26.076587677001953
-33.067710876464844
-73.59008026123047
-15.364959716796875
-37.17929458618164
-32.598731994628906
-33.79033660888672
-37.410797119140625
-23.856719970703125
-13.746490478515625
-40.56357955932617
-44.214515686035156
-20.857181549072266
-73.59008026123047
-29.718952178955078
-73.59008026123047
-18.320880889892578
