27.66674041748047
30.453710556030273
32.70478057861328
28.254207611083984
28.981714248657227
31.73984146118164
21.184335708618164
38.50614929199219
35.43255615234375
31.343997955322266
22.010356903076172
26.322528839111328
34.35365295410156
21.880329132080078
28.884838104248047
29.211811065673828
33.00824737548828
27.074241638183594
22.328641891479492
28.945823669433594
35.04841995239258
34.92332458496094
34.921085357666016
35.43255615234375
27.537670135498047
22.103965759277344
23.908924102783203
35.0323600769043
31.631736755371094
27.58551788330078
21.65665054321289
28.950428009033203
34.33521270751953
27.13134002685547
29.42243766784668
27.758560180664062
35.43255615234375
30.486644744873047
31.65312385559082
41.5394287109375
27.344388961791992
31.939138412475586
24.01479721069336
23.62061309814453
21.843814849853516
27.009674072265625
22.58328628540039
25.081029891967773
27.835247039794922
26.2928466796875
26.642684936523438
35.19329071044922
33.113548278808594
33.73779296875
30.880603790283203
26.637630462646484
29.42243766784668
28.950428009033203
29.71489143371582
38.6637077331543
21.706600189208984
35.80523681640625
28.486312866210938
30.453710556030273
36.65998077392578
28.11505126953125
31.156620025634766
25.401756286621094
35.24061584472656
29.42243766784668
32.16756057739258
44.437843322753906
36.13275909423828
28.44277572631836
27.362321853637695
31.293582916259766
30.17824935913086
28.227102279663086
32.21822738647461
29.455190658569336
29.352933883666992
34.641536712646484
41.89013671875
29.551124572753906
36.65998077392578
30.657546997070312
21.652359008789062
27.251251220703125
35.1606330871582
34.54252624511719
26.49918556213379
38.50614929199219
34.46387481689453
35.80523681640625
31.933292388916016
32.48248291015625
35.526222229003906
28.486312866210938
34.92332458496094
35.04841995239258
29.554136276245117
23.425060272216797
36.76588821411133
29.695280075073242
36.35709762573242
30.307518005371094
26.514354705810547
28.277767181396484
31.672237396240234
22.263525009155273
31.06394386291504
30.657546997070312
29.95560073852539
26.213027954101562
33.26314926147461
34.204124450683594
29.95560073852539
28.966367721557617
25.594200134277344
21.37767791748047
34.41286849975586
34.54252624511719
23.667678833007812
30.721004486083984
34.921085357666016
32.253570556640625
23.01858139038086
35.04841995239258
29.84885025024414
27.18856430053711
27.02588653564453
21.6534423828125
34.33521270751953
24.083820343017578
33.04692077636719
28.829364776611328
27.336963653564453
33.72467041015625
25.062053680419922
28.37991714477539
30.101333618164062
21.869138717651367
34.28742980957031
32.48248291015625
30.621463775634766
22.426403045654297
29.551124572753906
29.367666244506836
26.116792678833008
27.009674072265625
30.337512969970703
34.921085357666016
28.357807159423828
34.204124450683594
33.49258804321289
33.160213470458984
29.38323211669922
26.637630462646484
21.537647247314453
27.88608741760254
28.966367721557617
30.33506965637207
29.367694854736328
36.76588821411133
27.309497833251953
22.39780044555664
26.917736053466797
28.957021713256836
28.950428009033203
35.80523681640625
27.39908790588379
34.33521270751953
22.805675506591797
31.975540161132812
34.54252624511719
32.954803466796875
31.377355575561523
33.72865295410156
34.77093505859375
24.216209411621094
33.89826202392578
27.059226989746094
33.6388053894043
35.19329071044922
38.50614929199219
28.72176742553711
38.8799934387207
35.80523681640625
36.813873291015625
38.50614929199219
22.426403045654297
29.554136276245117
22.574405670166016
23.322235107421875
29.137794494628906
22.55583953857422
34.77093505859375
33.14570999145508
29.42243766784668
30.196514129638672
29.42243766784668
28.817363739013672
28.337337493896484
36.76588821411133
29.698801040649414
32.48248291015625
38.50614929199219
31.005674362182617
26.637630462646484
31.316843032836914
27.547550201416016
34.54252624511719
26.008460998535156
29.868247985839844
29.97103500366211
27.131061553955078
36.314735412597656
36.813873291015625
33.44658279418945
28.7304630279541
26.805709838867188
35.80523681640625
33.13065719604492
26.28420066833496
26.76018714904785
38.82020950317383
36.65998077392578
50.96165466308594
33.330162048339844
28.37991714477539
26.841888427734375
28.966367721557617
34.33521270751953
33.373390197753906
21.405254364013672
33.77420425415039
41.72362518310547
33.38884735107422
25.818191528320312
36.314735412597656
29.65949058532715
26.637630462646484
37.41941452026367
21.69522476196289
23.27239990234375
36.65998077392578
22.08231544494629
32.16756057739258
29.37352752685547
22.016294479370117
21.37767791748047
39.44925308227539
24.367773056030273
26.35597038269043
27.12250518798828
27.66674041748047
32.48248291015625
29.695280075073242
30.746353149414062
32.50798797607422
38.486976623535156
32.71046829223633
28.927064895629883
29.868247985839844
36.65998077392578
25.540971755981445
28.314918518066406
35.82600784301758
30.33828353881836
26.450651168823242
35.43255615234375
34.93272018432617
21.55504608154297
26.553733825683594
29.695280075073242
29.096595764160156
27.336963653564453
27.42823028564453
38.6637077331543
27.07544708251953
29.42243766784668
35.64778518676758
33.160213470458984
21.721210479736328
22.6308536529541
26.794103622436523
27.66674041748047
27.009674072265625
27.07544708251953
29.38115692138672
28.337337493896484
34.921085357666016
30.721004486083984
30.621463775634766
29.95560073852539
28.406044006347656
29.33678436279297
28.277767181396484
27.767234802246094
22.686460494995117
31.878917694091797
29.149566650390625
27.19249725341797
28.22403907775879
28.29024887084961
29.65949058532715
31.975540161132812
34.30230712890625
33.00824737548828
27.58551788330078
27.537670135498047
29.137794494628906
22.426403045654297
29.554136276245117
31.516815185546875
30.453710556030273
29.95560073852539
29.695280075073242
20.80204200744629
26.553733825683594
35.19329071044922
34.921085357666016
26.778417587280273
21.628997802734375
33.160213470458984
35.43255615234375
33.73779296875
29.151905059814453
38.50614929199219
26.553733825683594
37.958946228027344
28.227102279663086
32.25629425048828
33.00824737548828
24.779338836669922
29.554136276245117
32.78575134277344
27.13134002685547
28.884838104248047
24.080535888671875
33.44658279418945
36.65998077392578
35.526222229003906
29.33678436279297
34.921085357666016
31.54410743713379
36.65998077392578
35.82600784301758
29.179874420166016
29.38323211669922
28.950428009033203
26.008460998535156
30.022050857543945
28.91112518310547
32.12572479248047
25.98177719116211
26.35597038269043
29.695280075073242
37.81706619262695
28.950428009033203
29.554136276245117
37.81706619262695
28.573070526123047
22.380826950073242
33.54784393310547
33.77420425415039
33.160213470458984
38.612281799316406
22.012348175048828
35.251983642578125
30.352399826049805
35.835243225097656
27.209930419921875
28.950428009033203
37.53807067871094
35.5944938659668
25.94149398803711
25.56517791748047
27.58551788330078
27.5260009765625
21.677284240722656
29.1097412109375
29.42243766784668
34.28742980957031
30.466257095336914
31.39496612548828
36.02193069458008
28.94992446899414
31.93280601501465
36.660377502441406
37.816829681396484
29.114944458007812
22.23665428161621
34.54301452636719
33.16086959838867
33.42393493652344
34.04267883300781
33.57726287841797
27.53780746459961
32.48249435424805
