18.015026092529297
20.909828186035156
26.916494369506836
18.2899112701416
20.679777145385742
23.328182220458984
8.602108001708984
28.639537811279297
29.060815811157227
24.334108352661133
10.635871887207031
17.563024520874023
34.95155715942383
8.386442184448242
18.85547637939453
22.284664154052734
25.956520080566406
17.743114471435547
12.799016952514648
18.885196685791016
27.776390075683594
28.104875564575195
22.739282608032227
29.060815811157227
18.512744903564453
9.234827041625977
15.550773620605469
27.562721252441406
24.499252319335938
18.903644561767578
9.603849411010742
17.779966354370117
26.11798858642578
16.147624969482422
18.843303680419922
19.878068923950195
29.060815811157227
20.944480895996094
27.625038146972656
43.34110641479492
22.644554138183594
31.58253288269043
11.756999969482422
13.650611877441406
8.6259765625
18.04459571838379
9.481176376342773
15.406383514404297
17.792530059814453
15.662389755249023
18.177522659301758
28.19014549255371
28.318496704101562
23.45955467224121
24.07382583618164
17.82040023803711
18.843303680419922
17.779966354370117
21.468624114990234
30.60655403137207
8.722551345825195
28.016761779785156
17.573707580566406
20.909828186035156
28.180185317993164
19.253311157226562
22.034107208251953
9.528703689575195
31.37179183959961
18.843303680419922
21.973834991455078
37.27093505859375
24.313257217407227
18.156383514404297
17.405540466308594
21.548229217529297
15.98666763305664
20.983875274658203
22.26944351196289
17.806777954101562
23.18221664428711
30.193492889404297
33.07891082763672
21.016708374023438
28.180185317993164
24.260711669921875
9.803573608398438
17.058738708496094
27.164039611816406
27.047266006469727
18.27411460876465
28.639537811279297
29.028955459594727
28.016761779785156
23.164630889892578
28.616260528564453
23.91330337524414
17.573707580566406
28.104875564575195
27.776390075683594
19.47686004638672
12.176259994506836
30.83993148803711
19.298128128051758
29.2371883392334
21.883642196655273
17.501371383666992
19.783159255981445
25.20458221435547
9.329349517822266
15.206798553466797
24.260711669921875
21.43056869506836
17.394977569580078
24.55380630493164
24.658714294433594
21.43056869506836
22.235092163085938
19.901384353637695
8.508968353271484
25.874292373657227
27.047266006469727
12.06680679321289
28.409652709960938
22.739282608032227
23.074838638305664
13.138500213623047
27.776390075683594
18.449390411376953
17.711711883544922
17.222116470336914
8.938728332519531
26.11798858642578
16.296449661254883
29.58181381225586
21.101228713989258
18.00338363647461
29.127063751220703
13.156234741210938
19.736446380615234
21.91292953491211
10.790191650390625
24.34347915649414
28.616260528564453
22.601694107055664
10.410018920898438
21.016708374023438
23.167648315429688
16.052854537963867
18.04459571838379
21.70511245727539
22.739282608032227
20.433698654174805
24.658714294433594
24.104957580566406
21.421457290649414
21.391727447509766
17.82040023803711
9.751852035522461
19.512351989746094
22.235092163085938
23.598941802978516
19.1242618560791
30.83993148803711
16.40407371520996
9.218521118164062
18.70671844482422
19.415645599365234
17.779966354370117
28.016761779785156
19.17987060546875
26.11798858642578
11.799537658691406
25.372642517089844
27.047266006469727
23.256343841552734
21.333894729614258
28.638946533203125
26.022565841674805
12.802141189575195
26.405990600585938
16.016048431396484
24.972057342529297
28.19014549255371
28.639537811279297
16.339702606201172
31.62757110595703
28.016761779785156
27.50434112548828
28.639537811279297
10.410018920898438
19.47686004638672
12.248355865478516
11.379199981689453
20.291337966918945
12.92327880859375
26.022565841674805
25.28118133544922
18.843303680419922
20.055042266845703
18.843303680419922
22.68866539001465
18.390119552612305
30.83993148803711
21.082889556884766
28.616260528564453
28.639537811279297
20.834827423095703
17.82040023803711
22.711200714111328
17.716686248779297
27.047266006469727
15.641176223754883
25.725826263427734
24.069580078125
19.420368194580078
27.643260955810547
27.50434112548828
26.891399383544922
20.00772476196289
18.159515380859375
28.016761779785156
22.385269165039062
19.227983474731445
18.209556579589844
28.169885635375977
28.180185317993164
51.87342834472656
26.648624420166016
19.736446380615234
17.134872436523438
22.235092163085938
26.11798858642578
23.815574645996094
8.383230209350586
29.472034454345703
42.190303802490234
21.7650203704834
18.575300216674805
27.643260955810547
19.151954650878906
17.82040023803711
25.547718048095703
9.767040252685547
12.255748748779297
28.180185317993164
10.550605773925781
21.973834991455078
14.365303039550781
9.774730682373047
8.508968353271484
37.76884460449219
14.364404678344727
16.34707260131836
17.986894607543945
18.015026092529297
28.616260528564453
19.298128128051758
20.28289222717285
22.1088809967041
33.441680908203125
22.13071060180664
23.289039611816406
25.725826263427734
28.180185317993164
15.732940673828125
17.444353103637695
27.74299430847168
23.252056121826172
17.641937255859375
29.060815811157227
27.593244552612305
8.052257537841797
16.961097717285156
19.298128128051758
21.440502166748047
18.00338363647461
19.896484375
30.60655403137207
16.927143096923828
18.843303680419922
27.53449249267578
21.421457290649414
10.567237854003906
9.828563690185547
20.894479751586914
18.015026092529297
18.04459571838379
16.927143096923828
18.58599090576172
18.390119552612305
22.739282608032227
28.409652709960938
22.601694107055664
21.43056869506836
20.042055130004883
20.875499725341797
19.783159255981445
19.01869010925293
11.776329040527344
29.342180252075195
18.398269653320312
17.456331253051758
22.03278923034668
19.65996551513672
19.151954650878906
25.372642517089844
26.567659378051758
25.956520080566406
18.903644561767578
18.512744903564453
20.291337966918945
10.410018920898438
19.47686004638672
23.09962272644043
20.909828186035156
21.43056869506836
19.298128128051758
8.195703506469727
16.961097717285156
28.19014549255371
22.739282608032227
23.29041862487793
10.166120529174805
21.421457290649414
29.060815811157227
23.45955467224121
21.84833526611328
28.639537811279297
16.961097717285156
30.706729888916016
20.983875274658203
23.480762481689453
25.956520080566406
15.49256706237793
19.47686004638672
21.951229095458984
16.147624969482422
18.85547637939453
13.653032302856445
26.891399383544922
28.180185317993164
23.91330337524414
20.875499725341797
22.739282608032227
25.174816131591797
28.180185317993164
27.74299430847168
18.965641021728516
21.391727447509766
17.779966354370117
15.641176223754883
21.416780471801758
19.3823184967041
20.558441162109375
19.25267219543457
16.34707260131836
19.298128128051758
32.48820877075195
17.779966354370117
19.47686004638672
32.48820877075195
19.823110580444336
11.570762634277344
24.722213745117188
29.472034454345703
21.421457290649414
31.30536651611328
10.157464981079102
25.686420440673828
20.76833724975586
26.65225601196289
17.461559295654297
17.779966354370117
40.634056091308594
27.40094566345215
19.506399154663086
19.34763526916504
18.903644561767578
17.35565185546875
11.195423126220703
17.88853645324707
18.843303680419922
24.34347915649414
24.232776641845703
19.862585067749023
39.8577880859375
17.77932357788086
23.163867950439453
28.180744171142578
32.487709045410156
19.285966873168945
11.11968994140625
27.04792022705078
21.422094345092773
31.01194190979004
31.287099838256836
27.032602310180664
18.512571334838867
28.61667251586914
