30.353742599487305
33.23143768310547
34.73747634887695
31.086688995361328
31.1893310546875
33.564476013183594
24.521068572998047
41.02422332763672
36.81380844116211
33.02714538574219
25.486209869384766
29.01593589782715
34.608219146728516
25.55280303955078
31.453609466552734
30.56161117553711
35.41413879394531
29.304235458374023
25.23794174194336
31.963417053222656
37.27899169921875
37.222110748291016
38.08114242553711
36.81380844116211
29.97931480407715
25.420124053955078
26.37080955505371
37.170738220214844
33.720191955566406
30.04952621459961
25.149023056030273
32.22549057006836
35.96878433227539
30.434173583984375
32.3465461730957
29.94892692565918
36.81380844116211
35.137821197509766
34.751487731933594
40.32445526123047
28.789466857910156
32.71097946166992
27.593334197998047
26.118141174316406
25.263656616210938
29.712112426757812
25.982812881469727
28.362545013427734
30.701045989990234
29.112464904785156
29.22385025024414
37.404212951660156
34.175270080566406
36.49129867553711
33.29949188232422
29.320783615112305
32.3465461730957
32.22549057006836
31.187776565551758
39.53921127319336
25.195178985595703
38.491615295410156
31.664775848388672
33.23143768310547
39.059967041015625
30.777650833129883
33.44129943847656
29.142024993896484
36.5175895690918
32.3465461730957
34.26276397705078
43.31831359863281
39.051124572753906
31.411808013916016
30.152667999267578
33.74057388305664
36.961849212646484
30.71147918701172
34.83598327636719
34.25131607055664
30.56550407409668
35.72418975830078
42.70677185058594
31.730953216552734
39.059967041015625
32.5154914855957
25.07229232788086
29.49231719970703
37.00556945800781
36.96712875366211
28.89803695678711
41.02422332763672
35.62294006347656
38.491615295410156
34.066246032714844
33.5277099609375
38.04462432861328
31.664775848388672
37.222110748291016
37.27899169921875
32.534950256347656
26.483291625976562
38.04286193847656
32.35277557373047
38.33934783935547
32.72715759277344
29.151676177978516
30.247556686401367
33.43760299682617
25.659265518188477
37.015464782714844
32.5154914855957
32.16815185546875
28.922588348388672
36.500892639160156
36.09933853149414
32.16815185546875
31.289337158203125
27.05046272277832
24.974138259887695
35.55909729003906
36.96712875366211
26.42966651916504
32.858482360839844
38.08114242553711
34.545326232910156
25.530921936035156
37.27899169921875
33.421119689941406
30.133710861206055
29.928691864013672
25.281593322753906
35.96878433227539
26.147396087646484
34.016841888427734
31.294790267944336
30.349300384521484
34.879058837890625
28.099349975585938
30.748577117919922
32.86739730834961
24.77919578552246
36.287841796875
33.5277099609375
33.29523849487305
25.26657485961914
31.730953216552734
33.3804817199707
28.7352294921875
29.712112426757812
32.740299224853516
38.08114242553711
30.80388641357422
36.09933853149414
36.231319427490234
36.39991760253906
31.6113224029541
29.320783615112305
24.825313568115234
30.265151977539062
31.289337158203125
33.15692901611328
32.34596252441406
38.04286193847656
30.414405822753906
25.810182571411133
29.16095542907715
31.789777755737305
32.22549057006836
38.491615295410156
29.67268180847168
35.96878433227539
26.00076675415039
33.596920013427734
36.96712875366211
35.437965393066406
33.723052978515625
37.35968017578125
37.304561614990234
27.022035598754883
36.289676666259766
30.389450073242188
36.22882843017578
37.404212951660156
41.02422332763672
33.69744873046875
39.72346496582031
38.491615295410156
38.5124626159668
41.02422332763672
25.26657485961914
32.534950256347656
25.6341552734375
26.535022735595703
31.653371810913086
25.519500732421875
37.304561614990234
35.05534362792969
32.3465461730957
32.91292953491211
32.3465461730957
30.76314926147461
31.386638641357422
38.04286193847656
32.02452850341797
33.5277099609375
41.02422332763672
34.97013854980469
29.320783615112305
35.5789794921875
30.50482940673828
36.96712875366211
28.945219039916992
31.259944915771484
31.034427642822266
29.217971801757812
38.77391815185547
38.5124626159668
34.93844985961914
31.145116806030273
29.417831420898438
38.491615295410156
36.40095901489258
28.383909225463867
29.394744873046875
40.426334381103516
39.059967041015625
49.39509582519531
35.50794219970703
30.748577117919922
29.753116607666016
31.289337158203125
35.96878433227539
36.20197296142578
24.980304718017578
35.247528076171875
41.404754638671875
36.40153503417969
27.83392906188965
38.77391815185547
32.32721710205078
29.320783615112305
40.407142639160156
25.051551818847656
26.501998901367188
39.059967041015625
25.47934341430664
34.26276397705078
35.81592559814453
25.34575080871582
24.974138259887695
40.4401741027832
27.089502334594727
29.12057876586914
29.8458251953125
30.353742599487305
33.5277099609375
32.35277557373047
33.5670280456543
35.552024841308594
39.28129196166992
35.786155700683594
30.395803451538086
31.259944915771484
39.059967041015625
28.478017807006836
31.46463394165039
37.602718353271484
32.39826583862305
28.92395782470703
36.81380844116211
37.23473358154297
25.039321899414062
28.881807327270508
32.35277557373047
30.9390869140625
30.349300384521484
29.610708236694336
39.53921127319336
29.915462493896484
32.3465461730957
37.007198333740234
36.39991760253906
25.10393714904785
25.84576988220215
29.1838436126709
30.353742599487305
29.712112426757812
29.915462493896484
32.41619110107422
31.386638641357422
38.08114242553711
32.858482360839844
33.29523849487305
32.16815185546875
30.969661712646484
31.787582397460938
30.247556686401367
30.194568634033203
25.497028350830078
32.76250457763672
32.92355728149414
30.217750549316406
30.072410583496094
30.87305450439453
32.32721710205078
33.596920013427734
36.92739486694336
35.41413879394531
30.04952621459961
29.97931480407715
31.653371810913086
25.26657485961914
32.534950256347656
33.36317825317383
33.23143768310547
32.16815185546875
32.35277557373047
24.36345672607422
28.881807327270508
37.404212951660156
38.08114242553711
28.942968368530273
24.903512954711914
36.39991760253906
36.81380844116211
36.49129867553711
30.919330596923828
41.02422332763672
28.881807327270508
39.53938293457031
30.71147918701172
34.61838150024414
35.41413879394531
27.928768157958984
32.534950256347656
35.64626693725586
30.434173583984375
31.453609466552734
27.167613983154297
34.93844985961914
39.059967041015625
38.04462432861328
31.787582397460938
38.08114242553711
33.1398811340332
39.059967041015625
37.602718353271484
32.252010345458984
31.6113224029541
32.22549057006836
28.945219039916992
32.95577621459961
31.76342010498047
35.74716567993164
28.932708740234375
29.12057876586914
32.35277557373047
39.19068908691406
32.22549057006836
32.534950256347656
39.19068908691406
30.89771842956543
25.46497917175293
36.182403564453125
35.247528076171875
36.39991760253906
39.753013610839844
25.556434631347656
37.307899475097656
33.094970703125
38.199546813964844
30.201488494873047
32.22549057006836
37.04254150390625
37.73422622680664
28.813350677490234
28.109153747558594
30.04952621459961
30.60080909729004
24.63238525390625
32.29632568359375
32.3465461730957
36.287841796875
33.26486587524414
34.8291015625
35.391380310058594
32.225040435791016
34.0659294128418
39.06031799316406
39.1905517578125
32.12367248535156
25.507898330688477
36.96753692626953
36.400489807128906
34.74629211425781
34.72736358642578
36.33610916137695
29.979461669921875
33.52763366699219
