20.269533157348633
23.269474029541016
28.353078842163086
20.626588821411133
22.915002822875977
25.597354888916016
11.538566589355469
31.048114776611328
31.103858947753906
26.148639678955078
13.12813949584961
19.583255767822266
35.31129455566406
11.436607360839844
21.366092681884766
24.404373168945312
27.437114715576172
20.29692840576172
15.111902236938477
21.24085235595703
29.78599739074707
29.953384399414062
25.66679573059082
31.103858947753906
20.703035354614258
12.250101089477539
17.619043350219727
29.562959671020508
26.092529296875
20.967140197753906
12.254810333251953
20.51491928100586
28.634292602539062
18.716848373413086
21.429920196533203
21.933467864990234
31.103858947753906
22.405635833740234
29.201862335205078
43.77100372314453
23.912738800048828
31.80984115600586
14.308746337890625
16.25029945373535
11.601388931274414
19.996803283691406
12.503814697265625
17.709928512573242
20.145050048828125
18.209659576416016
20.222904205322266
30.110443115234375
29.885244369506836
25.986074447631836
25.93158721923828
19.9002685546875
21.429920196533203
20.51491928100586
24.088455200195312
33.148277282714844
11.679428100585938
30.20106315612793
20.17951202392578
23.269474029541016
30.480073928833008
21.39391326904297
24.48680305480957
13.482410430908203
32.4878044128418
21.429920196533203
24.511215209960938
40.188724517822266
27.350446701049805
20.600791931152344
19.91695785522461
23.975528717041016
18.470905303955078
22.746740341186523
25.091228485107422
20.351306915283203
25.167978286743164
31.474594116210938
35.69456481933594
23.138460159301758
30.480073928833008
25.85190200805664
12.455364227294922
19.83941650390625
29.41722869873047
29.035140991210938
20.309144973754883
31.048114776611328
30.916927337646484
30.20106315612793
25.523712158203125
29.486263275146484
26.799943923950195
20.17951202392578
29.953384399414062
29.78599739074707
21.99343490600586
14.707719802856445
32.44160461425781
21.710451126098633
31.330236434936523
24.087366104125977
19.67366600036621
22.235774993896484
26.63868522644043
12.284515380859375
18.0902042388916
25.85190200805664
23.59064483642578
19.624462127685547
26.8243350982666
27.209917068481445
23.59064483642578
23.933807373046875
21.2254638671875
11.294878005981445
28.465862274169922
29.035140991210938
15.003786087036133
28.614660263061523
25.66679573059082
25.330936431884766
15.423709869384766
29.78599739074707
21.127235412597656
19.961915969848633
19.583694458007812
11.756673812866211
28.634292602539062
18.006052017211914
30.544925689697266
22.980520248413086
20.19647979736328
30.415752410888672
16.090425491333008
21.82337188720703
23.853485107421875
13.488300323486328
26.946996688842773
29.486263275146484
24.81863021850586
13.561939239501953
23.138460159301758
23.879310607910156
18.600252151489258
19.996803283691406
23.725196838378906
25.66679573059082
22.33916473388672
27.209917068481445
26.4840087890625
24.340364456176758
23.413307189941406
19.9002685546875
12.25687026977539
21.660964965820312
23.933807373046875
24.925086975097656
21.710670471191406
32.44160461425781
19.093372344970703
12.332967758178711
20.78335189819336
21.549835205078125
20.51491928100586
30.20106315612793
21.321340560913086
28.634292602539062
14.171880722045898
27.137474060058594
29.035140991210938
26.052051544189453
23.75225830078125
31.560375213623047
28.41893768310547
15.679798126220703
28.38396644592285
18.638887405395508
27.307842254638672
30.110443115234375
31.048114776611328
18.63623809814453
33.83287811279297
30.20106315612793
30.332895278930664
31.048114776611328
13.561939239501953
21.99343490600586
14.439189910888672
14.258602142333984
22.54525375366211
15.13675308227539
28.41893768310547
27.453935623168945
21.429920196533203
22.604389190673828
21.429920196533203
24.110122680664062
20.72401237487793
32.44160461425781
23.500896453857422
29.486263275146484
31.048114776611328
23.120332717895508
19.9002685546875
24.13960838317871
20.006366729736328
29.035140991210938
18.07021141052246
26.92658805847168
26.210725784301758
21.369394302368164
29.95940399169922
30.332895278930664
28.97748374938965
22.326339721679688
20.220123291015625
30.20106315612793
24.69948959350586
20.91913414001465
20.18952178955078
31.149770736694336
30.480073928833008
51.73328399658203
27.909570693969727
21.82337188720703
19.494142532348633
23.933807373046875
28.634292602539062
26.03436279296875
11.319297790527344
30.547317504882812
42.45166015625
24.651187896728516
20.393394470214844
29.95940399169922
21.61150360107422
19.9002685546875
28.333675384521484
12.437768936157227
14.726600646972656
30.480073928833008
12.953422546386719
24.511215209960938
17.823698043823242
12.601303100585938
11.294878005981445
37.9843635559082
16.892959594726562
18.823583602905273
20.312850952148438
20.269533157348633
29.486263275146484
21.710451126098633
22.872798919677734
24.51030158996582
35.505428314208984
24.633991241455078
24.72079086303711
26.92658805847168
30.480073928833008
17.932931900024414
20.04132652282715
29.80224609375
24.87851905822754
19.774368286132812
31.103858947753906
29.57527732849121
11.188240051269531
19.28789710998535
21.710451126098633
23.398225784301758
20.19647979736328
21.739974975585938
33.148277282714844
19.349390029907227
21.429920196533203
29.902576446533203
24.340364456176758
13.008913040161133
12.870250701904297
22.025896072387695
20.269533157348633
19.996803283691406
19.349390029907227
21.208934783935547
20.72401237487793
25.66679573059082
28.614660263061523
24.81863021850586
23.59064483642578
22.060054779052734
22.938514709472656
22.235774993896484
21.17385482788086
14.390554428100586
30.413223266601562
20.72107696533203
19.638994216918945
23.468891143798828
21.678712844848633
21.61150360107422
27.137474060058594
28.339130401611328
27.437114715576172
20.967140197753906
20.703035354614258
22.54525375366211
13.561939239501953
21.99343490600586
25.43419075012207
23.269474029541016
23.59064483642578
21.710451126098633
11.029388427734375
19.28789710998535
30.110443115234375
25.66679573059082
23.295894622802734
12.818675994873047
24.340364456176758
31.103858947753906
25.986074447631836
23.887704849243164
31.048114776611328
19.28789710998535
32.54527282714844
22.746740341186523
25.50409507751465
27.437114715576172
17.622554779052734
21.99343490600586
24.784265518188477
18.716848373413086
21.366092681884766
16.03145408630371
28.97748374938965
30.480073928833008
26.799943923950195
22.938514709472656
25.66679573059082
26.686731338500977
30.480073928833008
29.80224609375
21.303497314453125
23.413307189941406
20.51491928100586
18.07021141052246
23.715614318847656
21.474979400634766
23.30228614807129
20.45543098449707
18.823583602905273
21.710451126098633
34.44410705566406
20.51491928100586
21.99343490600586
34.44410705566406
22.025650024414062
14.166471481323242
27.0937557220459
30.547317504882812
24.340364456176758
33.42399597167969
12.806894302368164
28.557889938354492
23.145610809326172
28.954444885253906
19.613039016723633
20.51491928100586
40.24256896972656
29.7911319732666
21.00153160095215
20.626752853393555
20.967140197753906
19.773479461669922
13.657964706420898
20.665771484375
21.429920196533203
26.946996688842773
25.8221378326416
22.8410587310791
39.97560119628906
20.514272689819336
25.522991180419922
30.480575561523438
34.44361114501953
21.74685287475586
13.617595672607422
29.035791397094727
24.341005325317383
31.75863265991211
32.43739318847656
29.601472854614258
20.702985763549805
29.486587524414062
