22.71394157409668
25.60420036315918
29.552988052368164
23.073991775512695
24.818744659423828
27.782363891601562
14.631782531738281
33.54004669189453
32.81553649902344
28.03568458557129
15.897693634033203
21.718366622924805
34.784637451171875
14.87527847290039
23.946382522583008
26.16867446899414
29.08441162109375
22.653003692626953
17.412212371826172
23.77582550048828
31.567947387695312
31.695114135742188
28.78293228149414
32.81553649902344
22.902950286865234
15.458263397216797
19.62628936767578
31.389610290527344
27.803659439086914
23.194303512573242
15.165225982666016
23.243043899536133
30.838138580322266
21.450597763061523
24.208105087280273
23.79360008239746
32.81553649902344
23.610071182250977
28.25710105895996
43.25988006591797
24.99901580810547
31.365400314331055
17.445688247680664
18.779111862182617
14.965644836425781
22.170764923095703
15.873809814453125
20.03548812866211
22.63089370727539
21.04697608947754
22.302915573120117
31.894756317138672
31.045238494873047
28.559593200683594
27.44986343383789
22.012229919433594
24.208105087280273
23.243043899536133
26.181089401245117
34.96995544433594
14.961271286010742
31.971038818359375
22.932146072387695
25.60420036315918
32.6710090637207
23.52534294128418
26.95327377319336
17.653152465820312
33.37339401245117
24.208105087280273
27.099010467529297
41.48292541503906
30.306766510009766
23.171396255493164
22.375946044921875
26.619537353515625
20.156890869140625
24.41950035095215
27.416034698486328
22.62265968322754
26.597610473632812
32.260616302490234
37.90753173828125
25.30655860900879
32.6710090637207
27.373868942260742
15.318033218383789
22.537960052490234
31.50307846069336
30.883804321289062
22.399215698242188
33.54004669189453
32.30664825439453
31.971038818359375
27.661386489868164
30.344547271728516
29.696399688720703
22.932146072387695
31.695114135742188
31.567947387695312
24.45340347290039
17.479827880859375
33.734214782714844
24.36244010925293
32.98949432373047
26.18307876586914
21.89081382751465
24.364538192749023
28.23636817932129
15.476652145385742
22.180774688720703
27.373868942260742
25.74997329711914
21.82128143310547
28.985036849975586
29.601896286010742
25.74997329711914
25.507169723510742
22.689523696899414
14.465742111206055
30.736068725585938
30.883804321289062
18.0169677734375
29.03436279296875
28.78293228149414
27.628637313842773
17.975688934326172
31.567947387695312
23.941619873046875
22.26104736328125
21.958389282226562
14.89404296875
30.838138580322266
20.039884567260742
31.39385986328125
24.79168128967285
22.37771987915039
31.286846160888672
19.131826400756836
23.8074893951416
25.815563201904297
16.273883819580078
29.303564071655273
30.344547271728516
26.56684112548828
16.602582931518555
25.30655860900879
25.67464828491211
21.159887313842773
22.170764923095703
25.84634780883789
28.78293228149414
24.245145797729492
29.601896286010742
28.83032989501953
27.150833129882812
25.251272201538086
22.012229919433594
15.20363998413086
23.656030654907227
25.507169723510742
26.446199417114258
24.243183135986328
33.734214782714844
21.902976989746094
15.627079010009766
22.84004020690918
23.78822898864746
23.243043899536133
31.971038818359375
23.258054733276367
30.838138580322266
16.814950942993164
28.86298179626465
30.883804321289062
28.45552635192871
26.382490158081055
29.652206420898438
30.619159698486328
18.645671844482422
30.287874221801758
21.437376022338867
29.4039306640625
31.894756317138672
33.54004669189453
21.218446731567383
35.79477310180664
31.971038818359375
32.721317291259766
33.54004669189453
16.602582931518555
24.45340347290039
16.89717674255371
17.374189376831055
24.70065689086914
17.293094635009766
30.619159698486328
29.48931312561035
24.208105087280273
25.137781143188477
24.208105087280273
25.57526397705078
23.20053482055664
33.734214782714844
25.79766082763672
30.344547271728516
33.54004669189453
24.63817596435547
22.012229919433594
25.821287155151367
22.411319732666016
30.883804321289062
20.64699935913086
27.55279541015625
27.98030662536621
23.240692138671875
32.183563232421875
32.721317291259766
30.64910888671875
24.41193962097168
22.33277130126953
31.971038818359375
27.319852828979492
22.70462417602539
22.263599395751953
33.70193862915039
32.6710090637207
51.51901626586914
29.35676383972168
23.8074893951416
21.89179229736328
25.507169723510742
30.838138580322266
28.276432037353516
14.540206909179688
31.569171905517578
42.09294128417969
27.638093948364258
22.08797836303711
32.183563232421875
24.289535522460938
22.012229919433594
31.357316970825195
15.37702751159668
17.352214813232422
32.6710090637207
15.693851470947266
27.099010467529297
19.77543830871582
15.664588928222656
14.465742111206055
38.15302276611328
19.369054794311523
21.36737823486328
22.63168716430664
22.71394157409668
30.344547271728516
24.36244010925293
25.427812576293945
26.9721622467041
36.69520950317383
27.260608673095703
26.105480194091797
27.55279541015625
32.6710090637207
20.332082748413086
22.76841163635254
31.861663818359375
26.422155380249023
21.967777252197266
32.81553649902344
31.441036224365234
14.633712768554688
21.694210052490234
24.36244010925293
25.25130844116211
22.37771987915039
23.537616729736328
34.96995544433594
21.76216697692871
24.208105087280273
31.847564697265625
27.150833129882812
15.740816116333008
16.18939971923828
23.362321853637695
22.71394157409668
22.170764923095703
21.76216697692871
23.954557418823242
23.20053482055664
28.78293228149414
29.03436279296875
26.56684112548828
25.74997329711914
24.18954849243164
25.02353858947754
24.364538192749023
23.337112426757812
17.274181365966797
30.8350887298584
23.280590057373047
21.976211547851562
24.954185485839844
23.75095558166504
24.289535522460938
28.86298179626465
30.23836326599121
29.08441162109375
23.194303512573242
22.902950286865234
24.70065689086914
16.602582931518555
24.45340347290039
27.574010848999023
25.60420036315918
25.74997329711914
24.36244010925293
14.146080017089844
21.694210052490234
31.894756317138672
28.78293228149414
24.09577751159668
15.565383911132812
27.150833129882812
32.81553649902344
28.559593200683594
25.878324508666992
33.54004669189453
21.694210052490234
34.40653991699219
24.41950035095215
27.770538330078125
29.08441162109375
19.786548614501953
24.45340347290039
27.59450340270996
21.450597763061523
23.946382522583008
18.558992385864258
30.64910888671875
32.6710090637207
29.696399688720703
25.02353858947754
28.78293228149414
28.428913116455078
32.6710090637207
31.861663818359375
23.92452621459961
25.251272201538086
23.243043899536133
20.64699935913086
25.681976318359375
23.72198486328125
26.170602798461914
21.892139434814453
21.36737823486328
24.36244010925293
35.71058654785156
23.243043899536133
24.45340347290039
35.71058654785156
24.127777099609375
16.728445053100586
29.22752571105957
31.569171905517578
27.150833129882812
35.081329345703125
15.69676399230957
30.937179565429688
25.514760971069336
31.09685516357422
21.97776985168457
23.243043899536133
39.241310119628906
31.641902923583984
22.442123413085938
22.0247745513916
23.194303512573242
22.33444595336914
16.26992416381836
23.416643142700195
24.208105087280273
29.303564071655273
27.47189712524414
25.764507293701172
38.367103576660156
23.2424373626709
27.660717010498047
32.67145919799805
35.71015930175781
24.151077270507812
16.34227752685547
30.884424209594727
27.151517868041992
32.150779724121094
33.06840515136719
29.133718490600586
22.902965545654297
30.344785690307617
