9.72184944152832
10.325000762939453
21.264869689941406
8.787992477416992
12.228418350219727
14.83796501159668
-2.220172882080078
20.49396514892578
21.988746643066406
16.560104370117188
0.9938850402832031
9.15887451171875
30.23657989501953
-3.1742897033691406
9.800424575805664
14.04323959350586
26.317440032958984
7.669712066650391
2.9901771545410156
10.409778594970703
18.5513916015625
19.72955894470215
14.233016967773438
21.988746643066406
9.901132583618164
-2.194408416748047
7.547935485839844
18.324748992919922
21.577363967895508
10.223373413085938
-0.6500320434570312
6.264608383178711
16.369247436523438
6.606868743896484
11.069271087646484
11.789115905761719
21.988746643066406
16.23668670654297
25.694942474365234
38.13136672973633
17.110416412353516
36.32444763183594
3.4259567260742188
3.1809158325195312
-2.209125518798828
10.725503921508789
-2.1677093505859375
6.951488494873047
9.607528686523438
8.99639892578125
9.84078598022461
18.81320571899414
20.19495964050293
13.591411590576172
15.930376052856445
9.319965362548828
11.069271087646484
6.264608383178711
10.533340454101562
18.85787582397461
-2.1718521118164062
20.54483413696289
7.8589324951171875
10.325000762939453
17.458486557006836
10.92666244506836
12.308736801147461
-5.7856597900390625
27.50448226928711
11.069271087646484
17.983356475830078
23.75851821899414
14.023040771484375
9.352659225463867
7.357759475708008
16.127727508544922
11.954643249511719
13.534038543701172
13.690452575683594
10.200958251953125
16.40106964111328
25.116241455078125
22.636762619018555
12.697917938232422
17.458486557006836
17.860431671142578
-0.3219261169433594
6.4420166015625
16.810636520385742
19.428110122680664
15.069580078125
20.49396514892578
21.9124813079834
20.54483413696289
12.772771835327148
23.343713760375977
18.4068660736084
7.8589324951171875
19.72955894470215
18.5513916015625
8.434181213378906
1.6343917846679688
25.799209594726562
11.104557037353516
20.23749542236328
12.492435455322266
8.638626098632812
13.328433990478516
18.36601448059082
-1.7325019836425781
9.31076431274414
17.860431671142578
12.876731872558594
7.998964309692383
19.696788787841797
16.494905471801758
12.876731872558594
15.123676300048828
14.2886962890625
-2.525726318359375
15.199239730834961
19.428110122680664
0.5588417053222656
28.359817504882812
14.233016967773438
14.112586975097656
4.906833648681641
18.5513916015625
7.882408142089844
10.64107894897461
8.101980209350586
-1.2708778381347656
16.369247436523438
9.734970092773438
25.26134490966797
13.562971115112305
9.552473068237305
27.95360565185547
2.6069297790527344
12.44156265258789
18.24956703186035
0.8225860595703125
14.697675704956055
23.343713760375977
12.861040115356445
-1.5078048706054688
12.697917938232422
20.85308837890625
5.285915374755859
10.725503921508789
13.592004776000977
14.233016967773438
12.712770462036133
16.494905471801758
14.325916290283203
11.932144165039062
12.626535415649414
9.319965362548828
-0.16144943237304688
10.986900329589844
15.123676300048828
19.987695693969727
7.83476448059082
25.799209594726562
7.166496276855469
-2.598560333251953
10.209232330322266
12.637147903442383
6.264608383178711
20.54483413696289
10.875024795532227
16.369247436523438
2.047130584716797
17.569503784179688
19.428110122680664
14.322673797607422
13.106700897216797
26.639808654785156
14.889179229736328
0.9953651428222656
18.915557861328125
7.000513076782227
16.728759765625
18.81320571899414
20.49396514892578
10.337581634521484
21.733076095581055
20.54483413696289
17.810304641723633
20.49396514892578
-1.5078048706054688
8.434181213378906
3.8406295776367188
0.045276641845703125
11.49958610534668
4.4222412109375
14.889179229736328
17.064720153808594
11.069271087646484
9.102088928222656
11.069271087646484
16.08153533935547
9.810575485229492
25.799209594726562
10.424522399902344
23.343713760375977
20.49396514892578
14.518081665039062
9.319965362548828
20.208667755126953
8.872753143310547
19.428110122680664
7.010549545288086
23.66165542602539
14.23403549194336
11.814764022827148
17.230016708374023
17.810304641723633
18.65863800048828
11.508041381835938
9.574605941772461
20.54483413696289
19.02127456665039
13.124774932861328
10.264862060546875
16.833663940429688
17.458486557006836
121.7470932006836
22.726058959960938
12.44156265258789
7.979833602905273
15.123676300048828
16.369247436523438
16.36507225036621
-2.6103134155273438
25.623682022094727
42.82768249511719
11.279922485351562
12.22323226928711
17.230016708374023
10.803155899047852
9.319965362548828
16.926013946533203
-0.6716156005859375
3.062061309814453
17.458486557006836
1.1377830505371094
17.983356475830078
6.5460662841796875
-0.9510917663574219
-2.525726318359375
37.63151550292969
4.515811920166016
7.194623947143555
7.854316711425781
9.72184944152832
23.343713760375977
11.104557037353516
9.241714477539062
13.603031158447266
35.515594482421875
16.279329299926758
16.69617462158203
23.66165542602539
17.458486557006836
8.031421661376953
7.569477081298828
21.766376495361328
19.199039459228516
9.157157897949219
21.988746643066406
18.50934600830078
-3.6801719665527344
8.864631652832031
11.104557037353516
14.735294342041016
9.552473068237305
13.027467727661133
18.85787582397461
7.972309112548828
11.069271087646484
18.441282272338867
11.932144165039062
2.2799148559570312
-2.049335479736328
16.559904098510742
9.72184944152832
10.725503921508789
7.972309112548828
8.843292236328125
9.810575485229492
14.233016967773438
28.359817504882812
12.861040115356445
12.876731872558594
12.085176467895508
12.562715530395508
13.328433990478516
10.280773162841797
1.1237525939941406
25.667177200317383
12.637939453125
9.047042846679688
17.651437759399414
11.55221176147461
10.803155899047852
17.569503784179688
26.54237174987793
26.317440032958984
10.223373413085938
9.901132583618164
11.49958610534668
-1.5078048706054688
8.434181213378906
14.1552734375
10.325000762939453
12.876731872558594
11.104557037353516
-1.9587364196777344
8.864631652832031
18.81320571899414
14.233016967773438
43.212310791015625
0.0117340087890625
11.932144165039062
21.988746643066406
13.591411590576172
11.574298858642578
20.49396514892578
8.864631652832031
24.636760711669922
13.534038543701172
15.254898071289062
26.317440032958984
7.053646087646484
8.434181213378906
11.789485931396484
6.606868743896484
9.800424575805664
5.059482574462891
18.65863800048828
17.458486557006836
18.4068660736084
12.562715530395508
14.233016967773438
19.175479888916016
17.458486557006836
21.766376495361328
13.060976028442383
12.626535415649414
6.264608383178711
7.010549545288086
12.49650764465332
13.210451126098633
13.859224319458008
14.653884887695312
7.194623947143555
11.104557037353516
35.66012191772461
6.264608383178711
8.434181213378906
35.66012191772461
10.468730926513672
1.6851310729980469
16.43638801574707
25.623682022094727
11.932144165039062
24.433061599731445
0.18563079833984375
16.010068893432617
10.220123291015625
18.42257308959961
9.09658432006836
6.264608383178711
41.32511901855469
16.504505157470703
12.654855728149414
13.996448516845703
10.223373413085938
8.459354400634766
1.8640403747558594
6.443141937255859
11.069271087646484
14.697675704956055
20.278736114501953
8.742372512817383
39.24430847167969
6.264102935791016
12.772171020507812
17.45917320251465
35.65933609008789
9.05849838256836
2.6165390014648438
19.42849349975586
11.932458877563477
26.989233016967773
24.336944580078125
21.616130828857422
9.900238037109375
23.344249725341797
