33.071693420410156
36.27363586425781
37.03913879394531
33.8525505065918
33.28496170043945
35.27208709716797
27.89907455444336
43.50230026245117
38.39613342285156
35.12800598144531
28.96141815185547
31.786006927490234
35.54010772705078
29.100818634033203
34.45759963989258
32.32961654663086
38.57123947143555
31.658653259277344
28.26622200012207
35.54541778564453
40.07857894897461
40.13373565673828
40.96510696411133
38.39613342285156
32.364402770996094
28.691272735595703
28.9409122467041
39.81336212158203
35.87468719482422
32.870201110839844
28.623577117919922
35.8266487121582
37.68663787841797
34.24051284790039
35.79883575439453
32.09672546386719
38.39613342285156
41.03355026245117
39.3369140625
39.144744873046875
30.604820251464844
33.70814514160156
31.03972625732422
28.658021926879883
28.611555099487305
32.3321418762207
29.277036666870117
32.2547492980957
33.920047760009766
31.900157928466797
31.815120697021484
40.187644958496094
35.199005126953125
39.12646484375
35.854339599609375
32.05266189575195
35.79883575439453
35.8266487121582
32.72276306152344
40.72282028198242
28.57369613647461
42.00066375732422
35.428775787353516
36.27363586425781
41.59599304199219
33.52690124511719
36.13086700439453
32.640892028808594
38.03838348388672
35.79883575439453
36.111576080322266
42.02606964111328
41.948974609375
34.89228820800781
33.01409149169922
36.603736877441406
44.790687561035156
33.251033782958984
38.06604766845703
40.28697204589844
32.37167739868164
36.8334846496582
43.20861053466797
33.95736312866211
41.59599304199219
34.74169921875
28.506376266479492
31.707468032836914
39.12467956542969
39.928977966308594
31.68175506591797
43.50230026245117
36.95246124267578
42.00066375732422
36.32704162597656
34.820186614990234
40.34111404418945
35.428775787353516
40.13373565673828
40.07857894897461
35.85968017578125
29.510101318359375
39.33577346801758
34.96304702758789
40.61997985839844
35.49601745605469
31.926738739013672
32.64575958251953
35.520477294921875
28.998252868652344
44.4180908203125
34.74169921875
34.518043518066406
31.969532012939453
40.27153778076172
38.143348693847656
34.518043518066406
33.63522720336914
28.965415954589844
28.514616012573242
36.540409088134766
39.928977966308594
29.249969482421875
35.74463653564453
40.96510696411133
36.70406723022461
28.01432228088379
40.07857894897461
37.1379508972168
33.600040435791016
32.76470184326172
28.850460052490234
37.68663787841797
28.342884063720703
35.14739227294922
33.807701110839844
33.288055419921875
35.799522399902344
31.025863647460938
33.1107063293457
36.22542190551758
27.63874626159668
38.312904357910156
34.820186614990234
37.30671310424805
28.111425399780273
33.95736312866211
38.572288513183594
31.545894622802734
32.3321418762207
35.20895004272461
40.96510696411133
33.160728454589844
38.143348693847656
38.996253967285156
39.77919006347656
33.8349723815918
32.05266189575195
28.01960563659668
32.56416702270508
33.63522720336914
36.29705047607422
35.697906494140625
39.33577346801758
34.08564376831055
29.19093132019043
31.407161712646484
34.48491668701172
35.8266487121582
42.00066375732422
31.859848022460938
37.68663787841797
29.186052322387695
35.536415100097656
39.928977966308594
38.393272399902344
36.012123107910156
42.747032165527344
40.54160690307617
29.88609504699707
39.28245162963867
34.291385650634766
39.175079345703125
40.187644958496094
43.50230026245117
39.47605895996094
40.64302444458008
42.00066375732422
40.41259765625
43.50230026245117
28.111425399780273
35.85968017578125
28.663421630859375
29.809833526611328
34.16669464111328
28.583213806152344
40.54160690307617
37.07352828979492
35.79883575439453
35.75162124633789
35.79883575439453
32.81692886352539
34.989341735839844
39.33577346801758
34.96174621582031
34.820186614990234
43.50230026245117
39.735748291015625
32.05266189575195
40.51708221435547
33.47093963623047
39.928977966308594
31.813581466674805
32.67285919189453
32.534732818603516
31.277502059936523
41.33903121948242
40.41259765625
36.53302764892578
33.549293518066406
32.05467987060547
42.00066375732422
39.57759475708008
30.67392349243164
32.044795989990234
41.730281829833984
41.59599304199219
47.73818588256836
37.534461975097656
33.1107063293457
32.660606384277344
33.63522720336914
37.68663787841797
39.109474182128906
28.494277954101562
36.91998291015625
41.09038543701172
39.35723114013672
30.118026733398438
41.33903121948242
34.945213317871094
32.05266189575195
43.06867218017578
28.31255531311035
29.73175811767578
41.59599304199219
28.808368682861328
36.111576080322266
43.367530822753906
28.628406524658203
28.514616012573242
41.57295227050781
29.903230667114258
32.27692413330078
32.92357635498047
33.071693420410156
34.820186614990234
34.96304702758789
36.51668930053711
38.63319778442383
41.31802749633789
38.837364196777344
31.81543731689453
32.67285919189453
41.59599304199219
31.390350341796875
35.161895751953125
39.35147476196289
34.49481201171875
31.485557556152344
38.39613342285156
40.109554290771484
28.47595977783203
31.047510147094727
34.96304702758789
32.74261474609375
33.288055419921875
31.75855255126953
40.72282028198242
32.71391677856445
35.79883575439453
38.64799499511719
39.77919006347656
28.45405387878418
29.026845932006836
31.76632308959961
33.071693420410156
32.3321418762207
32.71391677856445
36.03736114501953
34.989341735839844
40.96510696411133
35.74463653564453
37.30671310424805
34.518043518066406
34.02881622314453
34.26988220214844
32.64575958251953
32.571632385253906
28.353012084960938
34.04273986816406
36.95954132080078
33.262813568115234
31.998226165771484
33.495506286621094
34.945213317871094
35.536415100097656
39.767154693603516
38.57123947143555
32.870201110839844
32.364402770996094
34.16669464111328
28.111425399780273
35.85968017578125
35.08818054199219
36.27363586425781
34.518043518066406
34.96304702758789
27.93008804321289
31.047510147094727
40.187644958496094
40.96510696411133
31.505817413330078
28.26760482788086
39.77919006347656
38.39613342285156
39.12646484375
33.09397888183594
43.50230026245117
31.047510147094727
41.03016662597656
33.251033782958984
37.27934265136719
38.57123947143555
31.341331481933594
35.85968017578125
39.05202865600586
34.24051284790039
34.45759963989258
30.252010345458984
36.53302764892578
41.59599304199219
40.34111404418945
34.26988220214844
40.96510696411133
34.88054656982422
41.59599304199219
39.35147476196289
35.828041076660156
33.8349723815918
35.8266487121582
31.813581466674805
37.081356048583984
34.47260665893555
39.59381103515625
32.26871109008789
32.27692413330078
34.96304702758789
41.84305191040039
35.8266487121582
35.85968017578125
41.84305191040039
33.204063415527344
28.596872329711914
39.15275192260742
36.91998291015625
39.77919006347656
40.84828186035156
28.994190216064453
39.68650436401367
36.05662155151367
40.69083786010742
33.276607513427734
35.8266487121582
37.15990447998047
40.7526969909668
32.02583312988281
30.861148834228516
32.870201110839844
34.20407485961914
27.693492889404297
35.758094787597656
35.79883575439453
38.312904357910156
37.04248046875
38.786293029785156
35.43340301513672
35.826236724853516
36.32677459716797
41.5963020324707
41.84299087524414
35.53874588012695
28.79706573486328
39.92931365966797
39.77959442138672
36.28828811645508
35.76121520996094
40.503509521484375
32.364540100097656
34.82003402709961
