15.760562896728516
18.11107063293457
25.617591857910156
15.77041244506836
18.93770408630371
21.046283721923828
5.570928573608398
26.203927993774414
27.22653579711914
22.096073150634766
8.052511215209961
15.41793441772461
34.48882293701172
5.119071960449219
16.399967193603516
20.30788230895996
24.67976951599121
15.25164794921875
10.310302734375
16.43385887145996
25.476709365844727
25.902080535888672
19.983078002929688
27.22653579711914
16.255104064941406
5.920391082763672
13.418783187866211
25.218191146850586
23.20046615600586
16.550941467285156
6.699794769287109
14.747184753417969
23.752269744873047
13.512264251708984
16.337718963623047
18.103229522705078
27.22653579711914
17.880958557128906
28.065086364746094
42.687965393066406
21.542530059814453
32.97748947143555
9.211723327636719
10.995441436767578
5.303886413574219
16.132497787475586
6.167654037475586
13.04271125793457
15.533504486083984
13.519292831420898
16.134258270263672
25.908912658691406
26.694921493530273
20.901350021362305
22.204730987548828
15.673919677734375
16.337718963623047
14.747184753417969
18.957473754882812
27.7442626953125
5.631938934326172
26.1774845123291
14.906499862670898
18.11107063293457
25.48318862915039
17.091590881347656
19.181150436401367
5.480648040771484
30.349285125732422
16.337718963623047
19.58591651916504
34.47992706298828
21.230224609375
15.709579467773438
14.820245742797852
19.255619049072266
13.160491943359375
19.218215942382812
19.523637771606445
16.264297485351562
21.67273712158203
28.953838348388672
30.33289337158203
18.788349151611328
25.48318862915039
22.624568939208984
6.974100112915039
14.31865119934082
24.440673828125
24.858203887939453
16.50537872314453
26.203927993774414
27.40591049194336
26.1774845123291
20.66232681274414
27.125539779663086
21.372045516967773
14.906499862670898
25.902080535888672
25.476709365844727
16.614309310913086
9.179157257080078
29.900169372558594
16.940628051757812
27.046218872070312
19.54637336730957
15.207283020019531
17.850961685180664
23.21512222290039
6.020870208740234
13.765151977539062
22.624568939208984
19.203275680541992
15.001659393310547
22.35400390625
22.030960083007812
19.203275680541992
20.544172286987305
17.978328704833984
5.328929901123047
23.194442749023438
24.858203887939453
8.98088264465332
28.149736404418945
19.983078002929688
20.605165481567383
10.838939666748047
25.476709365844727
15.579885482788086
15.589977264404297
14.979862213134766
6.003932952880859
23.752269744873047
14.255855560302734
28.442407608032227
19.208293914794922
15.901241302490234
28.51706314086914
10.391153335571289
17.852201461791992
20.04147720336914
8.105094909667969
21.752883911132812
27.125539779663086
20.373672485351562
7.261514663696289
18.788349151611328
21.98542022705078
12.88492202758789
16.132497787475586
19.55224609375
19.983078002929688
18.55417251586914
22.030960083007812
21.603256225585938
18.377826690673828
19.406763076782227
15.673919677734375
6.9876251220703125
17.608192443847656
20.544172286987305
22.384563446044922
16.168567657470703
29.900169372558594
13.699731826782227
5.829822540283203
16.55547332763672
17.526195526123047
14.747184753417969
26.1774845123291
17.373939514160156
23.752269744873047
9.108062744140625
23.31635093688965
24.858203887939453
20.538280487060547
18.953262329101562
29.13592529296875
23.248001098632812
9.503190994262695
24.146223068237305
13.397846221923828
22.676179885864258
25.908912658691406
26.203927993774414
14.309150695800781
28.82571792602539
26.1774845123291
24.719877243041992
26.203927993774414
7.261514663696289
16.614309310913086
9.917762756347656
8.143199920654297
18.091205596923828
10.932943344116211
23.248001098632812
23.18657684326172
16.337718963623047
17.122947692871094
16.337718963623047
21.102325439453125
16.013168334960938
29.900169372558594
18.22527313232422
27.125539779663086
26.203927993774414
19.457965850830078
15.673919677734375
22.342918395996094
15.397464752197266
24.858203887939453
13.339920043945312
25.588848114013672
21.388439178466797
17.590457916259766
24.99687957763672
24.719877243041992
24.999568939208984
18.101469039916992
15.969474792480469
26.1774845123291
20.412683486938477
17.360292434692383
16.187217712402344
25.113178253173828
25.48318862915039
54.390907287597656
25.445322036743164
17.852201461791992
14.762584686279297
20.544172286987305
23.752269744873047
21.730560302734375
5.2523345947265625
28.377351760864258
42.3800048828125
18.974472045898438
16.87691879272461
24.99687957763672
16.76358413696289
15.673919677734375
22.99464225769043
6.786739349365234
9.828020095825195
25.48318862915039
7.874792098999023
19.58591651916504
13.891075134277344
6.794900894165039
5.328929901123047
37.48804473876953
11.790904998779297
13.91763687133789
15.375513076782227
15.760562896728516
27.125539779663086
16.940628051757812
17.32260513305664
19.900115966796875
31.498340606689453
19.837406158447266
21.75884246826172
25.588848114013672
25.48318862915039
13.650449752807617
14.738788604736328
25.729835510253906
22.015830993652344
15.481185913085938
27.22653579711914
25.199827194213867
4.638862609863281
14.751331329345703
16.940628051757812
19.785205841064453
15.901241302490234
18.16814422607422
27.7442626953125
14.562721252441406
16.337718963623047
25.067352294921875
18.377826690673828
8.251338958740234
6.393529891967773
19.82257652282715
15.760562896728516
16.132497787475586
14.562721252441406
15.917396545410156
16.013168334960938
19.983078002929688
28.149736404418945
20.373672485351562
19.203275680541992
17.702259063720703
18.758060455322266
17.850961685180664
16.88766860961914
8.703277587890625
28.75174903869629
16.264068603515625
15.234216690063477
20.944887161254883
17.555543899536133
16.76358413696289
23.31635093688965
24.894256591796875
24.67976951599121
16.550941467285156
16.255104064941406
18.091205596923828
7.261514663696289
16.614309310913086
20.82164764404297
18.11107063293457
19.203275680541992
16.940628051757812
5.366268157958984
14.751331329345703
25.908912658691406
19.983078002929688
24.572153091430664
7.407251358032227
18.377826690673828
27.22653579711914
20.901350021362305
18.862010955810547
26.203927993774414
14.751331329345703
28.95339584350586
19.218215942382812
21.3079833984375
24.67976951599121
13.42573356628418
16.614309310913086
19.223102569580078
13.512264251708984
16.399967193603516
11.25667953491211
24.999568939208984
25.48318862915039
21.372045516967773
18.758060455322266
19.983078002929688
23.39639663696289
25.48318862915039
25.729835510253906
16.80221939086914
19.406763076782227
14.747184753417969
13.339920043945312
19.156448364257812
17.590267181396484
17.88644790649414
18.159975051879883
13.91763687133789
16.940628051757812
30.645999908447266
14.747184753417969
16.614309310913086
30.645999908447266
17.573606491088867
9.09501838684082
22.361351013183594
28.377351760864258
18.377826690673828
29.509944915771484
7.431098937988281
22.87271499633789
17.951915740966797
24.296630859375
15.219480514526367
14.747184753417969
41.00185775756836
24.78529167175293
17.9841365814209
18.031517028808594
16.550941467285156
14.937225341796875
8.635444641113281
14.835470199584961
16.337718963623047
21.752883911132812
23.957338333129883
16.865320205688477
41.11534118652344
14.746562957763672
20.66156768798828
25.483802795410156
30.645496368408203
16.52556800842285
8.725992202758789
24.85883331298828
18.378353118896484
30.20733070373535
29.727516174316406
27.039142608642578
16.254850387573242
27.12599754333496
