35.52180099487305
39.19113540649414
39.05908966064453
36.22446060180664
35.09469985961914
36.88399124145508
30.94709014892578
45.5731086730957
40.18871307373047
37.51982879638672
31.977109909057617
34.38508224487305
36.900882720947266
32.22992706298828
37.76634979248047
34.66053771972656
42.01723098754883
33.969139099121094
30.942642211914062
39.272499084472656
42.99992370605469
43.13615417480469
43.096656799316406
40.18871307373047
34.492454528808594
31.614574432373047
31.214046478271484
42.68110656738281
37.82952880859375
35.705657958984375
31.679285049438477
39.31877899169922
39.505001068115234
37.89934158325195
39.53852081298828
33.95077133178711
40.18871307373047
47.6386604309082
44.547359466552734
38.367671966552734
32.4099235534668
34.75178527832031
34.24773025512695
30.85396957397461
31.66107940673828
34.73287582397461
32.23514938354492
35.970367431640625
37.29648208618164
34.508453369140625
34.14988708496094
43.0982551574707
36.05425262451172
41.368316650390625
38.238224029541016
34.634765625
39.53852081298828
39.31877899169922
34.16107940673828
42.80198669433594
31.526338577270508
45.83819580078125
39.13589859008789
39.19113540649414
43.641048431396484
36.01620101928711
38.60289764404297
35.81300735473633
39.50066375732422
39.53852081298828
38.430511474609375
42.4757080078125
44.229400634765625
38.57695388793945
35.56523895263672
40.038944244384766
53.11621856689453
35.5360107421875
41.35887908935547
47.106632232666016
34.68944549560547
38.22276306152344
44.290679931640625
36.00607681274414
43.641048431396484
37.05525207519531
31.497343063354492
33.68976593017578
41.56012725830078
42.90716552734375
34.406131744384766
45.5731086730957
38.69353485107422
45.83819580078125
38.505374908447266
36.22844314575195
42.42469024658203
39.13589859008789
43.13615417480469
42.99992370605469
39.09068298339844
32.277034759521484
40.82720947265625
37.315277099609375
42.86838150024414
38.33351135253906
34.645660400390625
35.33003234863281
37.66411209106445
32.012760162353516
52.679664611816406
37.05525207519531
36.990142822265625
34.721981048583984
43.81826400756836
40.62433624267578
36.990142822265625
35.82750701904297
31.344369888305664
31.67436981201172
37.72813415527344
42.90716552734375
31.784334182739258
38.6923942565918
43.096656799316406
38.887046813964844
30.37251853942871
42.99992370605469
40.453392028808594
37.19353485107422
35.1854248046875
31.921260833740234
39.505001068115234
30.681285858154297
36.181636810302734
36.142555236816406
35.89957046508789
36.68195724487305
33.647308349609375
35.3479118347168
39.71371078491211
30.124269485473633
40.55110549926758
36.22844314575195
41.94550704956055
30.651878356933594
36.00607681274414
44.06090545654297
34.19334411621094
34.73287582397461
37.67573165893555
43.096656799316406
35.29898452758789
40.62433624267578
41.23081588745117
42.957191467285156
35.90245056152344
34.634765625
30.871061325073242
34.554561614990234
35.82750701904297
39.24089050292969
38.99476623535156
40.82720947265625
37.751487731933594
32.19532775878906
33.61768341064453
36.82825469970703
39.31877899169922
45.83819580078125
33.7094612121582
39.505001068115234
32.04703903198242
37.53513717651367
42.90716552734375
41.42365264892578
38.16862487792969
49.46958923339844
43.79946517944336
32.53837203979492
42.376556396484375
38.15606689453125
42.078369140625
43.0982551574707
45.5731086730957
45.61872863769531
42.295982360839844
45.83819580078125
42.791236877441406
45.5731086730957
30.651878356933594
39.09068298339844
31.341917037963867
32.75360107421875
36.63249588012695
31.297340393066406
43.79946517944336
39.01567459106445
39.53852081298828
38.31886291503906
39.53852081298828
34.724998474121094
38.71945571899414
40.82720947265625
37.886085510253906
36.22844314575195
45.5731086730957
44.96193313598633
34.634765625
45.94495391845703
36.298187255859375
42.90716552734375
34.25708770751953
33.93031311035156
34.14825439453125
33.208106994628906
43.405784606933594
42.791236877441406
38.38642501831055
35.62661361694336
34.55478286743164
45.83819580078125
42.09532928466797
32.819183349609375
34.480220794677734
43.20659255981445
43.641048431396484
47.26482391357422
39.72856903076172
35.3479118347168
35.19874954223633
35.82750701904297
39.505001068115234
41.58089828491211
31.562211990356445
38.68850326538086
41.2241096496582
41.81674575805664
32.30157470703125
43.405784606933594
37.30936050415039
34.634765625
44.98548126220703
31.127241134643555
32.55426025390625
43.641048431396484
31.744388580322266
38.430511474609375
51.48945617675781
31.5450439453125
31.67436981201172
42.99359130859375
32.31379318237305
35.64749526977539
35.88542938232422
35.52180099487305
36.22844314575195
37.315277099609375
39.27070999145508
41.287254333496094
44.2608757019043
41.30607223510742
33.01032638549805
33.93031311035156
43.641048431396484
33.86727523803711
38.80429458618164
41.074771881103516
36.468841552734375
33.90082550048828
40.18871307373047
43.07838821411133
31.554529190063477
33.09189224243164
37.315277099609375
34.450401306152344
35.89957046508789
33.70280838012695
42.80198669433594
35.23488998413086
39.53852081298828
40.913330078125
42.957191467285156
31.403213500976562
31.919692993164062
34.19825744628906
35.52180099487305
34.73287582397461
35.23488998413086
39.65032196044922
38.71945571899414
43.096656799316406
38.6923942565918
41.94550704956055
36.990142822265625
37.06064987182617
36.421470642089844
35.33003234863281
34.719478607177734
31.108516693115234
35.393524169921875
40.648963928222656
36.06279373168945
34.00938415527344
36.070743560791016
37.30936050415039
37.53513717651367
42.33778762817383
42.01723098754883
35.705657958984375
34.492454528808594
36.63249588012695
30.651878356933594
39.09068298339844
36.702545166015625
39.19113540649414
36.990142822265625
37.315277099609375
31.077342987060547
33.09189224243164
43.0982551574707
43.096656799316406
33.9307746887207
31.242237091064453
42.957191467285156
40.18871307373047
41.368316650390625
35.51250457763672
45.5731086730957
33.09189224243164
42.51371765136719
35.5360107421875
39.83708190917969
42.01723098754883
34.4739990234375
39.09068298339844
42.79905319213867
37.89934158325195
37.76634979248047
32.84971237182617
38.38642501831055
43.641048431396484
42.42469024658203
36.421470642089844
43.096656799316406
36.580387115478516
43.641048431396484
41.074771881103516
39.53865432739258
35.90245056152344
39.31877899169922
34.25708770751953
41.65311813354492
36.822750091552734
43.071224212646484
35.678985595703125
35.64749526977539
37.315277099609375
45.021419525146484
39.31877899169922
39.09068298339844
45.021419525146484
35.269248962402344
31.2502384185791
42.02616500854492
38.68850326538086
42.957191467285156
42.33207702636719
31.83379364013672
42.34815216064453
38.87515640258789
43.001338958740234
36.172019958496094
39.31877899169922
37.693641662597656
44.10298538208008
35.092559814453125
33.49945831298828
35.705657958984375
37.88199234008789
30.428903579711914
39.095157623291016
39.53852081298828
40.55110549926758
41.01814651489258
42.59915542602539
35.9919319152832
39.3183708190918
38.50511169433594
43.64133834838867
45.02138137817383
38.88017272949219
31.723400115966797
42.90745162963867
42.9573860168457
37.759281158447266
37.278167724609375
45.72691345214844
34.49260711669922
36.228267669677734
