25.110790252685547
27.94750213623047
31.000167846679688
25.585716247558594
26.84722900390625
29.799694061279297
17.906856536865234
36.01131820678711
34.16450500488281
29.718034744262695
18.778995513916016
23.874101638793945
34.63371276855469
18.317235946655273
26.412303924560547
27.824512481689453
30.911277770996094
24.966520309448242
19.752634048461914
26.29171371459961
33.24308776855469
33.207489013671875
31.836217880249023
34.16450500488281
25.198762893676758
18.78490447998047
21.67230224609375
33.169898986816406
29.690731048583984
25.339494705200195
18.308765411376953
25.99448585510254
32.65925216674805
24.21687889099121
26.789443969726562
25.716796875
34.16450500488281
26.445701599121094
29.708560943603516
42.60759735107422
26.103565216064453
31.470626831054688
20.5869083404541
21.228363037109375
18.379531860351562
24.450931549072266
19.208053588867188
22.420108795166016
25.146024703979492
23.694120407104492
24.346172332763672
33.46670913696289
32.07067108154297
31.106924057006836
28.943767547607422
24.19580078125
26.789443969726562
25.99448585510254
28.154970169067383
37.15904235839844
18.284318923950195
33.818172454833984
25.658100128173828
27.94750213623047
34.64561462402344
25.674701690673828
29.14299774169922
21.53936767578125
34.25661087036133
26.789443969726562
29.70459747314453
43.73204803466797
33.279144287109375
25.750835418701172
24.85942268371582
28.979576110839844
24.406612396240234
26.142738342285156
29.844091415405273
25.556594848632812
28.197111129760742
33.509117126464844
40.12737274169922
27.393844604492188
34.64561462402344
29.00743865966797
18.398006439208984
24.98325538635254
33.33439254760742
32.623348236083984
24.45232391357422
36.01131820678711
33.37226104736328
33.818172454833984
29.872722625732422
31.449708938598633
32.686195373535156
25.658100128173828
33.207489013671875
33.24308776855469
26.906558990478516
20.43102264404297
35.29553985595703
27.007349014282227
34.60259246826172
28.155519485473633
24.088401794433594
26.445833206176758
29.983619689941406
18.857818603515625
25.608623504638672
29.00743865966797
27.787616729736328
23.941272735595703
30.989280700683594
32.028621673583984
27.787616729736328
27.051498413085938
24.138280868530273
17.85608673095703
32.83464813232422
32.623348236083984
20.91286849975586
29.59682846069336
31.836217880249023
29.888782501220703
20.477184295654297
33.24308776855469
26.7523136138916
24.666706085205078
24.366596221923828
18.16901206970215
32.65925216674805
22.00445556640625
32.22329330444336
26.651609420776367
24.64984893798828
32.45387649536133
22.117528915405273
26.033084869384766
27.8394775390625
19.029605865478516
31.891067504882812
31.449708938598633
28.539047241210938
19.57278060913086
27.393844604492188
26.826229095458984
23.68805694580078
24.450931549072266
28.003372192382812
31.836217880249023
26.152559280395508
32.028621673583984
31.10211753845215
30.098501205444336
27.306015014648438
24.19580078125
18.308963775634766
25.67922019958496
27.051498413085938
28.144363403320312
26.727474212646484
35.29553985595703
24.56669044494629
19.028553009033203
24.807510375976562
26.243736267089844
25.99448585510254
33.818172454833984
25.272001266479492
32.65925216674805
19.75736427307129
30.4302978515625
32.623348236083984
30.70191192626953
28.902341842651367
31.22458267211914
32.66912078857422
21.478878021240234
32.0115852355957
24.15374755859375
31.406089782714844
33.46670913696289
36.01131820678711
24.544981002807617
37.528831481933594
33.818172454833984
34.87558364868164
36.01131820678711
19.57278060913086
26.906558990478516
19.64606475830078
20.348175048828125
26.788869857788086
19.828887939453125
32.66912078857422
31.31501579284668
26.789443969726562
27.640270233154297
26.789443969726562
27.108291625976562
25.681743621826172
35.29553985595703
27.80573272705078
31.449708938598633
36.01131820678711
27.977643966674805
24.19580078125
27.96259117126465
24.83773422241211
32.623348236083984
23.231081008911133
28.625150680541992
29.147327423095703
25.165424346923828
34.199424743652344
34.87558364868164
32.01742935180664
26.502031326293945
24.42937469482422
33.818172454833984
30.085430145263672
24.4334774017334
24.388113021850586
36.51887130737305
34.64561462402344
51.583984375
31.1610107421875
26.033084869384766
24.231727600097656
27.051498413085938
32.65925216674805
30.70376968383789
17.912517547607422
32.64179992675781
41.94504928588867
30.54447364807129
23.934049606323242
34.199424743652344
26.956890106201172
24.19580078125
34.3975944519043
18.44974136352539
20.219974517822266
34.64561462402344
18.78762435913086
29.70459747314453
24.43377113342285
18.809616088867188
17.85608673095703
38.62378692626953
21.8560791015625
23.807388305664062
24.782894134521484
25.110790252685547
31.449708938598633
27.007349014282227
28.05476951599121
29.61003875732422
37.86418151855469
29.8867130279541
27.495737075805664
28.625150680541992
34.64561462402344
22.822673797607422
25.495121002197266
33.92278289794922
28.330326080322266
24.127614974975586
34.16450500488281
33.111534118652344
18.094999313354492
24.126522064208984
27.007349014282227
27.19659423828125
24.64984893798828
25.428512573242188
37.15904235839844
24.326608657836914
26.789443969726562
33.953857421875
30.098501205444336
18.565959930419922
19.429391860961914
24.87775230407715
25.110790252685547
24.450931549072266
24.326608657836914
26.640321731567383
25.681743621826172
31.836217880249023
29.59682846069336
28.539047241210938
27.787616729736328
26.23423957824707
27.155372619628906
26.445833206176758
25.508878707885742
19.978586196899414
31.32065200805664
26.02198600769043
24.409284591674805
26.55666160583496
25.883697509765625
26.956890106201172
30.4302978515625
32.14919662475586
30.911277770996094
25.339494705200195
25.198762893676758
26.788869857788086
19.57278060913086
26.906558990478516
29.598949432373047
27.94750213623047
27.787616729736328
27.007349014282227
17.381505966186523
24.126522064208984
33.46670913696289
31.836217880249023
25.268720626831055
18.533489227294922
30.098501205444336
34.16450500488281
31.106924057006836
27.59286880493164
36.01131820678711
24.126522064208984
36.212039947509766
26.142738342285156
30.024066925048828
30.911277770996094
22.10036849975586
26.906558990478516
30.2056827545166
24.21687889099121
26.412303924560547
21.21663475036621
32.01742935180664
34.64561462402344
32.686195373535156
27.155372619628906
31.836217880249023
30.017810821533203
34.64561462402344
33.92278289794922
26.464391708374023
27.306015014648438
25.99448585510254
23.231081008911133
27.74155616760254
26.182327270507812
29.070043563842773
23.59908676147461
23.807388305664062
27.007349014282227
36.9276237487793
25.99448585510254
26.906558990478516
36.9276237487793
26.34396743774414
19.484384536743164
31.267789840698242
32.64179992675781
30.098501205444336
37.07660675048828
18.714916229248047
33.17047119140625
27.861473083496094
33.462921142578125
24.434785842895508
25.99448585510254
38.44609832763672
33.68106460571289
23.852840423583984
23.538482666015625
25.339494705200195
24.8582763671875
18.895261764526367
26.187585830688477
26.789443969726562
31.891067504882812
28.638790130615234
28.582012176513672
37.10759735107422
25.99392318725586
29.87213706970215
34.646018981933594
36.92727279663086
26.52910041809082
19.179485321044922
32.6239128112793
30.099220275878906
32.64068603515625
33.630897521972656
31.609453201293945
25.198850631713867
31.449827194213867
