13.617534637451172
15.479900360107422
24.140703201293945
13.341716766357422
16.553573608398438
18.741214752197266
2.849323272705078
24.085060119628906
25.286060333251953
20.248947143554688
5.6824188232421875
13.239316940307617
33.381675720214844
2.2439422607421875
13.994110107421875
18.09637451171875
24.270870208740234
12.558006286621094
7.78196907043457
14.035335540771484
23.026878356933594
23.70050811767578
17.666133880615234
25.286060333251953
14.166984558105469
3.125408172607422
11.341672897338867
22.789794921875
22.209705352783203
14.41714096069336
4.278404235839844
11.790969848632812
21.22420883178711
11.13516616821289
14.207855224609375
15.892250061035156
25.286060333251953
17.932430267333984
26.592670440673828
41.67133712768555
20.165298461914062
33.626895904541016
7.105146408081055
8.285850524902344
2.7245101928710938
14.216279983520508
3.320789337158203
10.596235275268555
13.342689514160156
11.388057708740234
13.97854232788086
23.415054321289062
24.660837173461914
18.287124633789062
20.089754104614258
13.494672775268555
14.207855224609375
11.790969848632812
16.032886505126953
24.742761611938477
2.850290298461914
23.89701271057129
12.429899215698242
15.479900360107422
22.873104095458984
14.952964782714844
16.84698486328125
1.3981056213378906
29.281658172607422
14.207855224609375
17.878995895385742
31.056758880615234
18.702713012695312
13.301877975463867
12.171762466430664
17.615581512451172
14.679244995117188
17.3232421875
16.877843856811523
14.616539001464844
19.795536041259766
27.62895393371582
27.830989837646484
16.669265747070312
22.873104095458984
20.9635009765625
4.546619415283203
11.514656066894531
21.73255157470703
22.696744918823242
15.109535217285156
24.085060119628906
25.46609115600586
23.89701271057129
18.051633834838867
26.349958419799805
19.661785125732422
12.429899215698242
23.70050811767578
23.026878356933594
13.809682846069336
6.748296737670898
28.449848175048828
14.964801788330078
24.692293167114258
17.16407012939453
12.903339385986328
15.948564529418945
21.988874435424805
3.379192352294922
12.857307434082031
20.9635009765625
17.00711441040039
12.563522338867188
20.594480514526367
19.912221908569336
17.00711441040039
18.704952239990234
16.95372772216797
2.819927215576172
20.57480239868164
22.696744918823242
6.0463104248046875
28.267789840698242
17.666133880615234
18.290197372436523
8.799705505371094
23.026878356933594
12.826858520507812
13.517929077148438
12.56901741027832
3.4696083068847656
21.22420883178711
12.795578002929688
27.632667541503906
17.256153106689453
13.65216064453125
28.017797470092773
7.527132034301758
15.991731643676758
18.225341796875
5.4563446044921875
19.320396423339844
26.349958419799805
18.00945281982422
4.1225738525390625
16.669265747070312
21.510337829589844
10.51429557800293
14.216279983520508
17.50458526611328
17.666133880615234
16.559568405151367
19.912221908569336
19.075122833251953
15.669992446899414
17.26390838623047
13.494672775268555
4.779624938964844
15.281959533691406
18.704952239990234
21.3669490814209
13.348695755004883
28.449848175048828
11.167417526245117
2.9102859497070312
14.372543334960938
15.67540168762207
11.790969848632812
23.89701271057129
15.083290100097656
21.22420883178711
7.007602691650391
21.531145095825195
22.696744918823242
17.888019561767578
16.96864128112793
28.567764282226562
20.392419815063477
6.588346481323242
22.10854148864746
10.971349716186523
20.30634880065918
23.415054321289062
24.085060119628906
13.617115020751953
26.328472137451172
23.89701271057129
22.008670806884766
24.085060119628906
4.1225738525390625
13.809682846069336
8.020639419555664
5.346807479858398
15.806838989257812
8.776979446411133
20.392419815063477
21.087268829345703
14.207855224609375
14.441604614257812
14.207855224609375
19.49100112915039
13.654674530029297
28.449848175048828
15.599037170410156
26.349958419799805
24.085060119628906
18.55864143371582
13.494672775268555
21.789018630981445
13.063558578491211
22.696744918823242
11.100093841552734
24.69287872314453
18.948862075805664
15.602569580078125
22.394630432128906
22.008670806884766
22.811763763427734
15.729240417480469
13.744140625
23.89701271057129
19.18218994140625
15.936603546142578
14.14543342590332
22.495939254760742
22.873104095458984
63.73242950439453
24.52688980102539
15.991731643676758
12.386085510253906
18.704952239990234
21.22420883178711
19.51434326171875
2.581113815307617
27.412939071655273
42.72130584716797
16.23834991455078
15.339347839355469
22.394630432128906
14.715206146240234
13.494672775268555
20.54227638244629
4.377696990966797
7.431819915771484
22.873104095458984
5.819301605224609
17.878995895385742
12.126808166503906
4.060752868652344
2.819927215576172
37.85675048828125
9.249874114990234
11.499046325683594
12.788530349731445
13.617534637451172
26.349958419799805
14.964801788330078
14.597702026367188
17.489139556884766
30.842313766479492
17.984161376953125
20.258892059326172
24.69287872314453
22.873104095458984
11.705814361572266
12.272394180297852
24.00775718688965
20.977153778076172
13.240961074829102
25.286060333251953
22.871501922607422
1.7255821228027344
12.600517272949219
14.964801788330078
17.91136932373047
13.65216064453125
16.326095581054688
24.742761611938477
12.241371154785156
14.207855224609375
22.93126678466797
15.669992446899414
5.9019775390625
3.529407501220703
18.804996490478516
13.617534637451172
14.216279983520508
12.241371154785156
13.445045471191406
13.654674530029297
17.666133880615234
28.267789840698242
18.00945281982422
17.00711441040039
15.869972229003906
16.48979949951172
15.948564529418945
14.643569946289062
6.070652008056641
27.68372344970703
14.408246994018555
13.087081909179688
19.559738159179688
15.451787948608398
14.715206146240234
21.531145095825195
24.174182891845703
24.270870208740234
14.41714096069336
14.166984558105469
15.806838989257812
4.1225738525390625
13.809682846069336
18.438024520874023
15.479900360107422
17.00711441040039
14.964801788330078
2.735258102416992
12.600517272949219
23.415054321289062
17.666133880615234
28.21187400817871
4.900932312011719
15.669992446899414
25.286060333251953
18.287124633789062
16.637466430664062
24.085060119628906
12.600517272949219
27.265125274658203
17.3232421875
19.494144439697266
24.270870208740234
11.135368347167969
13.809682846069336
16.31791877746582
11.13516616821289
13.994110107421875
9.101497650146484
22.811763763427734
22.873104095458984
19.661785125732422
16.48979949951172
17.666133880615234
22.07452964782715
22.873104095458984
24.00775718688965
15.148542404174805
17.26390838623047
11.790969848632812
11.100093841552734
16.824440002441406
15.845542907714844
15.649030685424805
16.96128273010254
11.499046325683594
14.964801788330078
30.146623611450195
11.790969848632812
13.809682846069336
30.146623611450195
15.168403625488281
6.504505157470703
19.97213363647461
27.412939071655273
15.669992446899414
27.479726791381836
4.8790283203125
20.115768432617188
15.314006805419922
22.07431411743164
13.075056076049805
11.790969848632812
41.42348098754883
21.903797149658203
16.1389102935791
16.75931167602539
14.41714096069336
12.57132339477539
6.292512893676758
11.903711318969727
14.207855224609375
19.320396423339844
21.957435607910156
13.775503158569336
40.54623031616211
11.790376663208008
18.050853729248047
22.873735427856445
30.14604949951172
13.96856689453125
6.294727325439453
22.69730567932129
15.67049789428711
29.333171844482422
28.310531616210938
25.24676513671875
14.166545867919922
26.35049057006836
