37.46316146850586
41.91551208496094
40.8017578125
38.29138946533203
36.54472732543945
38.15685272216797
33.225711822509766
47.26638412475586
41.90486145019531
39.56926727294922
34.17970275878906
36.45412826538086
38.30112838745117
34.59833526611328
40.816314697265625
36.993919372558594
45.48826217651367
35.93719482421875
32.88902282714844
42.69443893432617
45.836456298828125
46.02276611328125
44.76335906982422
41.90486145019531
36.125213623046875
33.819557189941406
32.84747314453125
45.477806091308594
39.52946853637695
38.08110046386719
33.930320739746094
42.45539855957031
41.12808609008789
41.09990692138672
42.985267639160156
35.39711380004883
41.90486145019531
54.63600158691406
50.02716064453125
38.184818267822266
33.729515075683594
35.754520416259766
36.8829345703125
32.442054748535156
33.96559524536133
36.57790756225586
34.50890350341797
39.2069091796875
40.35057067871094
36.81639862060547
36.09833526611328
45.895477294921875
36.86329650878906
43.3472900390625
40.416595458984375
36.715431213378906
42.985267639160156
42.45539855957031
35.23236846923828
45.1678581237793
33.75099563598633
49.75640106201172
42.40825271606445
41.91551208496094
45.233516693115234
38.024654388427734
40.886531829833984
38.2469596862793
40.87000274658203
42.985267639160156
40.83597946166992
43.98114013671875
46.08126449584961
42.014007568359375
37.80522155761719
43.37510681152344
62.039398193359375
37.50166320800781
44.489166259765625
54.276756286621094
37.028221130371094
39.78905487060547
45.71414566040039
37.6008186340332
45.233516693115234
39.25205612182617
33.68800354003906
35.13871765136719
43.869667053222656
45.759891510009766
36.774532318115234
47.26638412475586
40.50104904174805
49.75640106201172
40.55614471435547
37.59987258911133
44.2219352722168
42.40825271606445
46.02276611328125
45.836456298828125
42.08934783935547
34.42341613769531
42.26271438598633
39.266563415527344
45.108154296875
40.94734573364258
36.914031982421875
37.8797721862793
39.58298110961914
34.28959655761719
61.56606674194336
39.25205612182617
39.10215759277344
37.08695983886719
47.34083938598633
42.92942810058594
39.10215759277344
37.74870681762695
33.35594177246094
34.04983139038086
38.837547302246094
45.759891510009766
33.67539978027344
41.49378204345703
44.76335906982422
40.7549934387207
32.23139572143555
45.836456298828125
43.31413650512695
40.57745361328125
37.04951858520508
34.14931106567383
41.12808609008789
32.62392807006836
37.07389450073242
38.20628356933594
38.132389068603516
37.56674575805664
35.73033142089844
37.3189811706543
42.976837158203125
31.93729591369629
42.62397384643555
37.59987258911133
46.5980110168457
32.5015983581543
37.6008186340332
49.973731994628906
36.28864669799805
36.57790756225586
39.68376922607422
44.76335906982422
37.1539306640625
42.92942810058594
43.09904861450195
45.778564453125
37.502159118652344
36.715431213378906
33.024932861328125
36.108489990234375
37.74870681762695
41.89580154418945
42.06612014770508
42.26271438598633
40.97868728637695
34.44792556762695
35.525753021240234
38.59400177001953
42.45539855957031
49.75640106201172
35.163543701171875
41.12808609008789
34.224151611328125
39.22187805175781
45.759891510009766
44.337276458740234
39.95309829711914
56.86246109008789
47.047401428222656
34.616268157958984
45.36402893066406
41.59123229980469
44.86994171142578
45.895477294921875
47.26638412475586
52.02278137207031
44.06825637817383
49.75640106201172
45.3015251159668
47.26638412475586
32.5015983581543
42.08934783935547
33.33302688598633
35.04026412963867
38.82100296020508
33.25404739379883
47.047401428222656
40.69375228881836
42.985267639160156
40.672637939453125
42.985267639160156
36.341339111328125
42.152862548828125
42.26271438598633
40.612892150878906
37.59987258911133
47.26638412475586
50.6451301574707
36.715431213378906
51.85255432128906
38.783287048339844
45.759891510009766
36.158851623535156
34.99958038330078
35.479774475097656
34.90461349487305
45.00398254394531
45.3015251159668
40.2253532409668
37.235382080078125
36.54817581176758
49.75640106201172
44.104637145996094
34.4315071105957
36.37678909301758
44.508724212646484
45.233516693115234
48.04405975341797
42.005958557128906
37.3189811706543
37.200767517089844
37.74870681762695
41.12808609008789
43.64859390258789
33.81966018676758
40.326377868652344
41.944091796875
43.76167678833008
33.946327209472656
45.00398254394531
39.269203186035156
36.715431213378906
46.37369918823242
33.15777587890625
34.68494415283203
45.233516693115234
33.93300247192383
40.83597946166992
60.066158294677734
33.7770881652832
34.04983139038086
44.35354232788086
34.060001373291016
38.71044921875
38.5575065612793
37.46316146850586
37.59987258911133
39.266563415527344
41.82329559326172
43.52762985229492
47.48198699951172
43.312931060791016
34.10575866699219
34.99958038330078
45.233516693115234
35.86367416381836
42.01765060424805
42.590450286865234
38.26429748535156
35.8082389831543
41.90486145019531
45.95927810668945
33.848175048828125
34.82024002075195
39.266563415527344
35.83503341674805
38.132389068603516
35.38890838623047
45.1678581237793
37.39393615722656
42.985267639160156
43.10162353515625
45.778564453125
33.62886047363281
34.12538146972656
36.23512268066406
37.46316146850586
36.57790756225586
37.39393615722656
42.86805725097656
42.152862548828125
44.76335906982422
41.49378204345703
46.5980110168457
39.10215759277344
39.76210403442383
38.25938034057617
37.8797721862793
36.35979461669922
33.30849838256836
36.60493850708008
44.06897735595703
38.43888854980469
35.96792984008789
38.183929443359375
39.269203186035156
39.22187805175781
44.84282684326172
45.48826217651367
38.08110046386719
36.125213623046875
38.82100296020508
32.5015983581543
42.08934783935547
37.982601165771484
41.91551208496094
39.10215759277344
39.266563415527344
33.39008712768555
34.82024002075195
45.895477294921875
44.76335906982422
35.895015716552734
33.41497039794922
45.778564453125
41.90486145019531
43.3472900390625
37.603675842285156
47.26638412475586
34.82024002075195
43.74234390258789
37.50166320800781
42.10512161254883
45.48826217651367
37.13076400756836
42.08934783935547
46.64531707763672
41.09990692138672
40.816314697265625
34.73707962036133
40.2253532409668
45.233516693115234
44.2219352722168
38.25938034057617
44.76335906982422
37.969032287597656
45.233516693115234
42.590450286865234
42.9482421875
37.502159118652344
42.45539855957031
36.158851623535156
46.230743408203125
38.58353805541992
46.5821647644043
38.75321960449219
38.71044921875
39.266563415527344
48.35179138183594
42.45539855957031
42.08934783935547
48.35179138183594
37.0411491394043
33.1184196472168
44.77822494506836
40.326377868652344
45.778564453125
44.08424758911133
33.85707473754883
45.028594970703125
41.49281692504883
45.05236053466797
38.60891342163086
42.45539855957031
38.62809753417969
47.48778533935547
37.74826431274414
35.77302932739258
38.08110046386719
41.332427978515625
32.410213470458984
42.13735580444336
42.985267639160156
42.62397384643555
45.061073303222656
46.08816146850586
36.76701736450195
42.45499038696289
40.55585861206055
45.23379135131836
48.35176086425781
41.97344207763672
33.9361572265625
45.76015090942383
45.77854919433594
39.17226028442383
38.9720458984375
51.57891845703125
36.125362396240234
37.59968948364258
