11.653236389160156
12.741418838500977
22.73958396911621
10.933639526367188
14.548563003540039
16.670713424682617
0.07524490356445312
22.314388275146484
23.361797332763672
18.251710891723633
3.2865753173828125
11.217613220214844
32.06431579589844
-0.49831390380859375
11.950355529785156
16.269495010375977
24.703027725219727
9.855361938476562
5.238803863525391
11.853693008422852
20.643245697021484
21.700294494628906
15.936216354370117
23.361797332763672
11.976016998291016
0.1968231201171875
9.134635925292969
20.38438606262207
21.64267349243164
12.186817169189453
1.6352500915527344
8.915449142456055
18.51898956298828
8.826814651489258
12.332901000976562
13.960124969482422
23.361797332763672
17.315914154052734
26.47928237915039
39.536460876464844
18.36443328857422
35.03740692138672
5.339511871337891
5.616146087646484
0.0328826904296875
12.603153228759766
0.4595527648925781
8.312013626098633
11.424341201782227
10.024635314941406
11.846616744995117
21.02958106994629
22.343505859375
15.767383575439453
18.0963134765625
11.450237274169922
12.332901000976562
8.915449142456055
13.313491821289062
21.867721557617188
0.24470138549804688
22.349267959594727
9.990901947021484
12.741418838500977
19.887033462524414
12.870292663574219
14.376180648803711
-2.2014122009277344
28.38035011291504
12.332901000976562
17.253589630126953
28.018957138061523
16.273143768310547
11.155805587768555
9.667274475097656
16.58754539489746
8.629035949707031
15.467531204223633
14.781879425048828
11.349071502685547
18.446836471557617
26.61797332763672
25.237285614013672
14.616535186767578
19.887033462524414
19.431623458862305
1.917510986328125
8.908201217651367
18.980627059936523
20.890079498291016
14.54849624633789
22.314388275146484
23.332738876342773
22.349267959594727
15.330856323242188
24.952112197875977
18.74188232421875
9.990901947021484
21.700294494628906
20.643245697021484
11.042686462402344
4.171466827392578
27.341379165649414
12.867422103881836
22.443830490112305
14.65500259399414
10.783645629882812
14.965618133544922
20.137840270996094
0.5276565551757812
9.900577545166016
19.431623458862305
14.76613998413086
10.104042053222656
20.091325759887695
18.318843841552734
14.76613998413086
16.94959831237793
15.097038269042969
0.204345703125
17.920326232910156
20.890079498291016
3.139881134033203
28.210420608520508
15.936216354370117
16.13182830810547
7.044410705566406
20.643245697021484
10.256546020507812
11.759525299072266
10.391658782958984
0.955810546875
18.51898956298828
11.30257797241211
26.372726440429688
15.375947952270508
11.622636795043945
27.974681854248047
4.960014343261719
14.212358474731445
17.31203842163086
2.979969024658203
16.86983871459961
24.952112197875977
15.783273696899414
1.1547164916992188
14.616535186767578
21.47513198852539
7.579017639160156
12.603153228759766
15.49087142944336
15.936216354370117
14.659439086914062
18.318843841552734
16.507305145263672
13.410978317260742
15.097332000732422
11.450237274169922
2.4457168579101562
13.248065948486328
16.94959831237793
20.544475555419922
10.495227813720703
27.341379165649414
8.766483306884766
-0.12457275390625
12.229398727416992
14.259796142578125
8.915449142456055
22.349267959594727
13.08552360534668
18.51898956298828
4.821067810058594
19.479034423828125
20.890079498291016
15.860971450805664
14.836509704589844
24.101459503173828
17.581878662109375
3.5699234008789062
20.40256118774414
8.702320098876953
18.363920211791992
21.02958106994629
22.314388275146484
10.29220962524414
23.593307495117188
22.349267959594727
19.893619537353516
22.314388275146484
1.1547164916992188
11.042686462402344
5.909023284912109
2.6271896362304688
13.504661560058594
6.5142669677734375
17.581878662109375
18.876720428466797
12.332901000976562
11.61844253540039
12.332901000976562
17.665048599243164
11.544855117797852
27.341379165649414
12.809093475341797
24.952112197875977
22.314388275146484
15.43459701538086
11.450237274169922
20.81787109375
10.982685089111328
20.890079498291016
9.049201965332031
24.26535415649414
16.457805633544922
13.619094848632812
19.472442626953125
19.893619537353516
20.430755615234375
13.627002716064453
11.675134658813477
22.349267959594727
18.627756118774414
14.670051574707031
12.282794952392578
19.904178619384766
19.887033462524414
85.149658203125
23.5199031829834
14.212358474731445
10.171001434326172
16.94959831237793
18.51898956298828
17.526813507080078
-0.21252059936523438
26.478103637695312
42.65260314941406
13.800481796264648
13.624610900878906
19.472442626953125
12.585973739624023
11.450237274169922
18.48004913330078
1.616851806640625
5.078365325927734
19.887033462524414
3.6210403442382812
17.253589630126953
7.5879364013671875
1.345245361328125
0.204345703125
37.87237548828125
6.642681121826172
9.39712905883789
10.14979362487793
11.653236389160156
24.952112197875977
12.867422103881836
11.695083618164062
15.309358596801758
31.90017318725586
16.732725143432617
18.45833969116211
24.26535415649414
19.887033462524414
9.843120574951172
9.838123321533203
22.71049690246582
19.94891929626465
11.217109680175781
23.361797332763672
20.615280151367188
-1.1757164001464844
10.715145111083984
12.867422103881836
16.4771728515625
11.622636795043945
14.609518051147461
21.867721557617188
10.046552658081055
12.332901000976562
20.988374710083008
13.410978317260742
4.171010971069336
0.5124549865722656
17.778125762939453
11.653236389160156
12.603153228759766
10.046552658081055
10.97334098815918
11.544855117797852
15.936216354370117
28.210420608520508
15.783273696899414
14.76613998413086
13.838691711425781
14.450151443481445
14.965618133544922
12.41667366027832
3.5066146850585938
26.67587661743164
13.437873840332031
10.982158660888672
18.538270950317383
13.541423797607422
12.585973739624023
19.479034423828125
24.27519989013672
24.703027725219727
12.186817169189453
11.976016998291016
13.504661560058594
1.1547164916992188
11.042686462402344
16.224580764770508
12.741418838500977
14.76613998413086
12.867422103881836
0.239501953125
10.715145111083984
21.02958106994629
15.936216354370117
34.78919982910156
2.227142333984375
13.410978317260742
23.361797332763672
15.767383575439453
13.65389633178711
22.314388275146484
10.715145111083984
25.640247344970703
15.467531204223633
17.410850524902344
24.703027725219727
9.019115447998047
11.042686462402344
13.936752319335938
8.826814651489258
11.950355529785156
6.812961578369141
20.430755615234375
19.887033462524414
18.74188232421875
14.450151443481445
15.936216354370117
20.355562210083008
19.887033462524414
22.71049690246582
13.831735610961914
15.097332000732422
8.915449142456055
9.049201965332031
14.821971893310547
14.616573333740234
14.586875915527344
15.771650314331055
9.39712905883789
12.867422103881836
31.565513610839844
8.915449142456055
11.042686462402344
31.565513610839844
12.733880996704102
3.924358367919922
18.015066146850586
26.478103637695312
13.410978317260742
25.934925079345703
2.3841629028320312
17.953725814819336
12.564029693603516
19.926654815673828
10.955276489257812
8.915449142456055
41.16021728515625
19.315095901489258
14.388923645019531
15.40823745727539
12.186817169189453
10.490371704101562
3.8622493743896484
9.032791137695312
12.332901000976562
16.86983871459961
21.531564712524414
11.032567977905273
40.21849822998047
8.914886474609375
15.330141067504883
19.88754653930664
31.56486701965332
11.434600830078125
4.431072235107422
20.89057159423828
13.411354064941406
28.20765495300293
26.08840560913086
22.546215057373047
11.97542953491211
24.952625274658203
