-22.276630401611328
-41.368675231933594
-30.37134552001953
-38.32414245605469
-16.39313507080078
-29.38055419921875
-39.6644401550293
-38.865928649902344
-33.974327087402344
-24.270484924316406
-13.534221649169922
-33.974327087402344
-36.036170959472656
-34.241241455078125
-26.942829132080078
-20.784015655517578
-31.568099975585938
-26.371322631835938
-41.368675231933594
-34.28120803833008
-34.13160705566406
-22.136863708496094
-42.16487503051758
-24.0802001953125
-25.033592224121094
-43.1976318359375
-9.692523956298828
-46.69676971435547
-4.502185821533203
-36.81288528442383
-33.974327087402344
-35.078800201416016
-34.43248748779297
-16.057701110839844
-28.188472747802734
-22.555049896240234
-28.188472747802734
-13.114326477050781
-30.082542419433594
-43.69169616699219
-40.746150970458984
-0.2649726867675781
-24.56517791748047
-42.675331115722656
-44.144012451171875
-30.649890899658203
-31.396259307861328
-32.68622970581055
-34.450321197509766
-2.01995849609375
-27.085872650146484
-12.876205444335938
-25.42645263671875
-26.343975067138672
-28.525863647460938
-42.83972930908203
16.479568481445312
-36.32040023803711
-22.25079345703125
-33.255592346191406
-38.815616607666016
-32.1024055480957
-21.479358673095703
-45.430328369140625
-26.84341049194336
-39.26822280883789
-28.096603393554688
-24.872772216796875
7.821712493896484
6.198844909667969
-22.790359497070312
-43.84099578857422
-38.80179214477539
-47.494667053222656
-6.461402893066406
-41.132408142089844
-21.642913818359375
-19.209754943847656
-15.720199584960938
-10.300838470458984
-26.478397369384766
-27.030193328857422
-37.130130767822266
-41.09526824951172
-32.39064025878906
-13.431121826171875
-42.16487503051758
-34.34912872314453
-35.204551696777344
-19.33525848388672
-9.377326965332031
-15.019706726074219
-32.68047332763672
-20.24884033203125
-11.345008850097656
-46.69676971435547
-41.132408142089844
-22.131271362304688
-22.027694702148438
-34.756717681884766
-28.525863647460938
-47.494667053222656
-29.419517517089844
-37.90879821777344
-22.446895599365234
-43.69169616699219
-21.52727508544922
-46.885841369628906
-25.422569274902344
-28.722900390625
-16.002655029296875
-22.131271362304688
-46.165504455566406
-36.50265884399414
-5.303077697753906
-17.07360076904297
-22.565711975097656
-25.611927032470703
-22.002315521240234
-25.422569274902344
-21.479358673095703
-37.10436248779297
-41.132408142089844
-20.774059295654297
-41.09526824951172
-32.256370544433594
-27.030193328857422
-11.23532485961914
-46.885841369628906
-16.120162963867188
-25.463916778564453
-46.69676971435547
-26.478397369384766
-33.27800369262695
-38.865928649902344
-31.828468322753906
-27.293861389160156
-28.731964111328125
19.232574462890625
-19.068580627441406
-42.85411834716797
-43.84099578857422
-37.087398529052734
-27.845523834228516
-31.568099975585938
-34.83153533935547
-29.36626434326172
-30.181949615478516
-27.628780364990234
-6.618679046630859
-32.94334411621094
-42.9361457824707
-6.196098327636719
-34.332847595214844
-28.29330062866211
-22.734386444091797
-8.785308837890625
-37.600059509277344
-27.191329956054688
-2.7212181091308594
12.200859069824219
-40.746150970458984
-26.84341049194336
-44.16846466064453
-35.081825256347656
-41.368675231933594
-20.33316421508789
-35.70350646972656
-12.083297729492188
-30.91588592529297
-12.37601089477539
-28.90829086303711
-17.50933074951172
-31.828468322753906
-19.002723693847656
-26.70989990234375
-34.34912872314453
-39.69606018066406
-29.521926879882812
-46.69676971435547
-42.16487503051758
-18.031417846679688
-22.276630401611328
-36.1107063293457
-27.628276824951172
-43.1976318359375
-23.85430908203125
-25.048858642578125
-27.2335205078125
-16.55893325805664
-30.902084350585938
-42.9361457824707
-29.521926879882812
-33.974327087402344
-22.729568481445312
-29.419517517089844
-21.481407165527344
-18.023231506347656
-46.69676971435547
-25.878543853759766
-36.036170959472656
-34.756717681884766
-21.76337432861328
-30.38385772705078
-37.087398529052734
-28.303863525390625
-33.13737487792969
-30.05323028564453
-13.105751037597656
-3.9689712524414062
-43.69169616699219
-38.81880569458008
-19.33525848388672
-20.784015655517578
-36.08406066894531
-23.307613372802734
-28.737998962402344
-13.3878173828125
1.2135238647460938
-37.81924057006836
-41.129150390625
-41.368675231933594
-41.368675231933594
8.418670654296875
-27.030193328857422
-17.022354125976562
-36.32040023803711
-15.327640533447266
-26.198036193847656
-41.09526824951172
-34.64503479003906
-31.840221405029297
-43.84099578857422
-27.042526245117188
-41.368675231933594
20.351608276367188
-34.34912872314453
-34.83153533935547
-31.354225158691406
-29.36626434326172
-11.353839874267578
-42.9361457824707
-3.945178985595703
-23.96173095703125
-43.84099578857422
-24.65966033935547
-21.52727508544922
-40.88731384277344
-11.87908935546875
-38.275447845458984
-40.746150970458984
6.53826904296875
-31.47869110107422
-24.56888198852539
-21.502655029296875
-20.014331817626953
-43.69169616699219
-29.36626434326172
-30.476715087890625
-44.16846466064453
-28.18844985961914
-25.878543853759766
-29.961273193359375
-39.6644401550293
-33.63861083984375
-34.13160705566406
-39.6644401550293
-24.65966033935547
-27.494197845458984
-40.746150970458984
-39.400611877441406
-28.90829086303711
-0.556182861328125
-26.719589233398438
-31.307720184326172
-22.136863708496094
-37.61761474609375
-32.765533447265625
-38.077415466308594
-34.996620178222656
-25.624847412109375
-11.101673126220703
-24.25251007080078
-27.494197845458984
-23.307613372802734
-13.755138397216797
-18.814865112304688
-20.975624084472656
-25.913307189941406
-21.659000396728516
-7.5245819091796875
-20.734943389892578
-24.90447998046875
-37.10436248779297
-47.494667053222656
-23.652122497558594
-7.327827453613281
-33.845577239990234
-23.925392150878906
-15.904556274414062
-40.746150970458984
-34.92082977294922
-28.188472747802734
-34.756717681884766
-23.598514556884766
-28.380741119384766
-38.3155403137207
-35.70350646972656
-46.69866180419922
-19.89716339111328
-32.43415832519531
-27.628276824951172
-28.188472747802734
-33.974327087402344
-40.746150970458984
-33.974327087402344
-33.978267669677734
-31.71479034423828
-10.515853881835938
-34.34912872314453
-30.758010864257812
-46.69676971435547
-4.346591949462891
-21.188186645507812
-24.65966033935547
-38.048736572265625
-33.974327087402344
-36.592315673828125
-16.057701110839844
-1.3335952758789062
-46.885841369628906
-27.293861389160156
-27.628276824951172
-30.902084350585938
-12.37601089477539
-26.23526382446289
-41.09526824951172
-10.87197494506836
-39.26822280883789
-32.756370544433594
-47.494667053222656
-23.312026977539062
-22.002315521240234
-21.280593872070312
-29.419517517089844
-26.343975067138672
-42.16487503051758
-22.614315032958984
-22.297687530517578
-41.132408142089844
-42.16487503051758
-0.4338836669921875
-22.276630401611328
-41.368675231933594
-47.494667053222656
-28.29330062866211
-36.594966888427734
-37.10436248779297
-43.1976318359375
-43.28654098510742
-23.296775817871094
-19.773937225341797
-43.69169616699219
-34.34912872314453
-28.843246459960938
-46.264774322509766
-46.264774322509766
-42.83972930908203
-31.404624938964844
-31.798362731933594
-27.373245239257812
-43.69169616699219
-35.204551696777344
-39.070655822753906
-36.50265884399414
-18.257396697998047
-39.6644401550293
-30.437179565429688
-18.697505950927734
-3.355743408203125
-35.079002380371094
-27.628276824951172
-42.9361457824707
-31.291889190673828
-29.632217407226562
-34.83153533935547
-39.41603088378906
-30.15674591064453
-35.079002380371094
-43.84099578857422
-44.16846466064453
-40.511512756347656
-23.201889038085938
-42.95921325683594
-40.12646484375
-45.64377212524414
-42.15415954589844
-33.845577239990234
-26.010223388671875
-46.16707229614258
