9.900711059570312
-14.647663116455078
-30.867427825927734
-17.288471221923828
-20.251232147216797
-33.880592346191406
-22.05377197265625
-20.29743194580078
-15.497016906738281
-11.270362854003906
15.812606811523438
-15.497016906738281
-14.477005004882812
-25.53253936767578
-26.731582641601562
-2.8939971923828125
-15.30203628540039
-32.190460205078125
-14.647663116455078
-20.690093994140625
-18.534934997558594
-8.981918334960938
-19.740528106689453
-29.517005920410156
-8.504264831542969
-3.222076416015625
-21.977367401123047
-27.14386749267578
28.20843505859375
-4.8694000244140625
-15.497016906738281
-23.124176025390625
-26.57166290283203
15.942745208740234
-6.418498992919922
-34.339996337890625
-6.418498992919922
-28.29181671142578
-18.39626693725586
318.379150390625
-12.099933624267578
-9.986934661865234
-8.456245422363281
-37.389320373535156
-38.929168701171875
-34.65711975097656
-22.20700454711914
-23.959060668945312
-10.354866027832031
6.268924713134766
-5.7817230224609375
-10.443828582763672
-9.313167572021484
-12.800243377685547
-0.3997306823730469
-19.125167846679688
28.14014434814453
-18.777523040771484
-32.575164794921875
-38.03208923339844
-20.25176239013672
4.537200927734375
41.47285842895508
-23.190765380859375
-4.733985900878906
-18.149703979492188
24.592327117919922
-21.027202606201172
7.715114593505859
329.7467346191406
-24.46979522705078
16.757904052734375
-24.180519104003906
-25.821701049804688
-3.474956512451172
160.6834716796875
-19.188152313232422
-7.332794189453125
-25.00511932373047
25.537734985351562
0.4863853454589844
32.38865661621094
-15.713367462158203
-13.222282409667969
-33.3702392578125
131.80247497558594
-19.740528106689453
9.560173034667969
-24.854877471923828
-16.556804656982422
5.272918701171875
13.309799194335938
-37.05022048950195
-5.7644805908203125
115.08000946044922
-27.14386749267578
160.6834716796875
-5.278682708740234
-25.901611328125
-16.01266860961914
-0.3997306823730469
-25.821701049804688
5.039493560791016
-32.896690368652344
-15.972732543945312
318.379150390625
7.231010437011719
-23.435379028320312
-6.87506103515625
-35.60633850097656
16.407264709472656
-5.278682708740234
-22.364688873291016
-6.799980163574219
43.788230895996094
15.287860870361328
-20.951725006103516
-29.371540069580078
12.301727294921875
-6.87506103515625
41.47285842895508
-18.17913055419922
160.6834716796875
-27.123870849609375
-13.222282409667969
46.41168975830078
32.38865661621094
-14.265701293945312
-23.435379028320312
-17.364208221435547
-33.28160858154297
-27.14386749267578
0.4863853454589844
-18.828285217285156
-20.29743194580078
3.548145294189453
-24.276962280273438
180.34786987304688
76.86668395996094
-25.9178466796875
-37.80305480957031
16.757904052734375
-22.977394104003906
-20.440692901611328
-15.30203628540039
-39.0926513671875
-6.444362640380859
-16.182266235351562
23.312149047851562
5.479972839355469
-31.838424682617188
-22.01342010498047
-11.73748779296875
-5.297492980957031
13.998855590820312
-28.936920166015625
31.449905395507812
-24.89316177368164
-18.91878890991211
-20.71124267578125
-13.851425170898438
-12.099933624267578
-4.733985900878906
-21.466632843017578
-24.469226837158203
-14.647663116455078
-13.829212188720703
-17.31668472290039
-13.097347259521484
-17.02914810180664
23.19123077392578
-20.813457489013672
3.1509666442871094
3.548145294189453
-8.496955871582031
-16.662940979003906
9.560173034667969
-34.24348068237305
-11.461624145507812
-27.14386749267578
-19.740528106689453
-17.933490753173828
9.900711059570312
20.490005493164062
23.313148498535156
-3.222076416015625
-26.215923309326172
-7.92169189453125
-25.985321044921875
-7.520252227783203
-20.267372131347656
-22.01342010498047
-11.461624145507812
-15.497016906738281
-17.35138702392578
5.039493560791016
41.466190338134766
-15.508811950683594
-27.14386749267578
-15.858566284179688
-14.477005004882812
-16.01266860961914
-25.841720581054688
-18.740489959716797
-22.977394104003906
-18.666072845458984
-20.860912322998047
-23.724971771240234
-19.412033081054688
27.489295959472656
318.379150390625
0.51483154296875
-16.556804656982422
-2.8939971923828125
-1.9203300476074219
-7.218963623046875
-6.263813018798828
-13.894889831542969
68.48711395263672
-18.72600555419922
160.6771240234375
-14.647663116455078
-14.647663116455078
25.558189392089844
32.38865661621094
1.5354537963867188
-18.777523040771484
23.411842346191406
-11.677169799804688
-13.222282409667969
-22.918033599853516
-13.02337646484375
16.757904052734375
-7.481739044189453
-14.647663116455078
7.573696136474609
9.560173034667969
-39.0926513671875
-33.3698616027832
-6.444362640380859
-0.5198440551757812
-22.01342010498047
14.527488708496094
182.34913635253906
16.757904052734375
275.7942810058594
7.231010437011719
-20.893386840820312
6.883918762207031
-23.929744720458984
-12.099933624267578
50.516082763671875
-7.172801971435547
1.767059326171875
-3.2519569396972656
31.025074005126953
318.379150390625
-6.444362640380859
-32.770606994628906
-21.466632843017578
-6.4178466796875
-15.858566284179688
-13.689315795898438
-22.05377197265625
19.183013916015625
-18.534934997558594
-22.05377197265625
275.7942810058594
57.210025787353516
-12.099933624267578
-34.00963592529297
-20.813457489013672
-7.044158935546875
0.3628959655761719
-19.94980239868164
-8.981918334960938
-32.46019744873047
-22.128215789794922
-25.10760498046875
-20.441577911376953
-9.406982421875
0.14611434936523438
-21.23680877685547
57.210025787353516
-7.218963623046875
-8.847942352294922
-29.19845199584961
-11.557849884033203
-29.55077362060547
-0.4290199279785156
13.155563354492188
-24.57123565673828
-15.671157836914062
-18.17913055419922
-25.821701049804688
-22.93655014038086
43.01100158691406
-10.324516296386719
-24.83758544921875
0.24563217163085938
-12.099933624267578
-13.67169189453125
-6.418498992919922
-16.01266860961914
-7.098628997802734
-21.56131362915039
-25.749408721923828
-17.31668472290039
-27.144454956054688
-21.17919921875
-15.122955322265625
23.313148498535156
-6.418498992919922
-15.497016906738281
-12.099933624267578
-15.497016906738281
-15.498149871826172
-19.619091033935547
-13.02237319946289
9.560173034667969
-15.670001983642578
-27.14386749267578
22.646865844726562
-10.570281982421875
275.7942810058594
-14.112655639648438
-15.497016906738281
-12.558834075927734
15.942745208740234
6.684978485107422
-23.435379028320312
-24.276962280273438
23.313148498535156
-20.267372131347656
23.19123077392578
-6.34051513671875
-13.222282409667969
66.2635498046875
-18.149703979492188
-15.200733184814453
-25.821701049804688
-11.058990478515625
12.301727294921875
-5.464637756347656
5.039493560791016
-12.800243377685547
-19.740528106689453
-21.907615661621094
59.803245544433594
160.6834716796875
-19.740528106689453
108.76366424560547
9.900711059570312
-14.647663116455078
-25.821701049804688
13.998855590820312
5.074188232421875
-18.17913055419922
-3.222076416015625
-39.49015808105469
-16.82892608642578
40.98686981201172
318.379150390625
9.560173034667969
-15.883846282958984
-33.90864562988281
-33.90864562988281
-19.125167846679688
-15.183891296386719
-33.95174026489258
-23.06719207763672
318.379150390625
-24.854877471923828
-20.39189910888672
-6.799980163574219
-13.427181243896484
-22.05377197265625
-20.076011657714844
3.7336349487304688
2.5517234802246094
-24.468368530273438
23.313148498535156
-22.01342010498047
-22.734302520751953
-6.748741149902344
-39.0926513671875
-17.279438018798828
-22.967872619628906
-24.468368530273438
16.757904052734375
-21.466632843017578
-30.526596069335938
39.72601318359375
-19.229782104492188
-26.273204803466797
-36.12976837158203
12.323745727539062
-10.324516296386719
-24.48296356201172
-22.364810943603516
