26.097131729125977
28.461597442626953
30.31227684020996
29.58519744873047
26.672714233398438
29.051605224609375
19.924047470092773
34.156166076660156
29.107589721679688
28.065324783325195
21.513607025146484
23.649959564208984
35.334564208984375
20.13375473022461
27.550212860107422
28.32554054260254
30.602121353149414
27.049291610717773
21.898406982421875
28.621070861816406
32.4265022277832
31.08209228515625
31.15780258178711
29.107589721679688
24.88397979736328
20.663270950317383
23.652835845947266
32.42535400390625
32.0152702331543
24.915056228637695
20.67531394958496
26.44949722290039
28.425203323364258
27.801761627197266
27.106563568115234
25.09671974182129
29.107589721679688
27.951940536499023
29.572980880737305
44.57244873046875
27.900943756103516
30.530014038085938
27.388147354125977
22.805526733398438
20.888805389404297
23.63665771484375
21.461637496948242
25.748699188232422
26.74713134765625
28.59187889099121
26.720497131347656
31.982025146484375
30.949825286865234
29.243988037109375
30.529701232910156
23.905920028686523
27.106563568115234
26.44949722290039
30.01995849609375
35.33740997314453
20.80736541748047
35.953216552734375
28.481523513793945
28.461597442626953
31.240917205810547
27.59595489501953
30.693092346191406
20.650197982788086
33.051856994628906
27.106563568115234
28.976411819458008
41.65793228149414
31.79743003845215
27.055835723876953
29.679771423339844
28.34615707397461
25.623952865600586
27.08175277709961
30.998226165771484
24.256267547607422
30.004737854003906
33.176353454589844
35.420352935791016
28.98427963256836
31.240917205810547
29.846221923828125
20.015430450439453
26.816171646118164
32.977020263671875
31.59375
28.583879470825195
34.156166076660156
30.073162078857422
35.953216552734375
30.936538696289062
30.346519470214844
30.356674194335938
28.481523513793945
31.08209228515625
32.4265022277832
27.259868621826172
22.307167053222656
32.52360534667969
25.892623901367188
33.73358154296875
28.356393814086914
24.138694763183594
27.156627655029297
30.12102699279785
21.41023063659668
26.823444366455078
29.846221923828125
25.898462295532227
26.553346633911133
35.359134674072266
30.907060623168945
25.898462295532227
27.366134643554688
24.63263511657715
19.978429794311523
31.947162628173828
31.59375
21.875259399414062
28.24612045288086
31.15780258178711
32.15678024291992
21.671165466308594
32.4265022277832
28.279571533203125
26.349159240722656
24.119892120361328
19.71898651123047
28.425203323364258
21.97222900390625
30.79506492614746
27.06863784790039
27.05994415283203
32.53905487060547
24.965999603271484
27.732088088989258
31.88845443725586
21.45037269592285
30.419593811035156
30.346519470214844
30.20920181274414
19.98739242553711
28.98427963256836
46.051883697509766
24.921344757080078
23.63665771484375
26.86410140991211
31.15780258178711
27.234752655029297
30.907060623168945
30.178180694580078
29.633670806884766
25.92554473876953
23.905920028686523
20.837085723876953
25.14303207397461
27.366134643554688
29.595413208007812
27.131973266601562
32.52360534667969
26.597122192382812
20.35090446472168
24.860462188720703
28.00502586364746
26.44949722290039
35.953216552734375
24.39262580871582
28.425203323364258
22.036815643310547
31.315868377685547
31.59375
30.300498962402344
27.468219757080078
28.13971710205078
35.028499603271484
22.608572006225586
30.533985137939453
26.16794204711914
30.5633602142334
31.982025146484375
34.156166076660156
22.72002410888672
36.459529876708984
35.953216552734375
32.35028076171875
34.156166076660156
19.98739242553711
27.259868621826172
21.842426300048828
21.937915802001953
26.329998016357422
21.53708267211914
35.028499603271484
28.41103744506836
27.106563568115234
28.713953018188477
27.106563568115234
26.517101287841797
27.837745666503906
32.52360534667969
28.976600646972656
30.346519470214844
34.156166076660156
27.233896255493164
23.905920028686523
48.091896057128906
25.807024002075195
31.59375
23.874929428100586
27.573322296142578
30.854726791381836
26.628149032592773
30.923507690429688
32.35028076171875
29.380538940429688
27.37272834777832
24.37082290649414
35.953216552734375
28.641719818115234
28.510028839111328
24.244138717651367
32.99555969238281
31.240917205810547
47.38153839111328
29.431461334228516
27.732088088989258
24.867013931274414
27.366134643554688
28.425203323364258
30.322772979736328
19.396488189697266
29.989620208740234
39.66149139404297
29.928213119506836
24.592836380004883
30.923507690429688
25.870389938354492
23.905920028686523
32.82589340209961
20.68830108642578
22.688880920410156
31.240917205810547
20.98204231262207
28.976411819458008
24.105365753173828
20.992122650146484
19.978429794311523
35.29668426513672
23.797683715820312
25.238964080810547
26.04963493347168
26.097131729125977
30.346519470214844
25.892623901367188
28.637535095214844
29.238033294677734
34.3741455078125
28.391857147216797
25.975784301757812
27.573322296142578
31.240917205810547
23.143829345703125
28.79207992553711
32.0655517578125
28.939746856689453
24.740848541259766
29.107589721679688
31.010833740234375
19.62627601623535
25.32132339477539
25.892623901367188
26.720081329345703
27.05994415283203
26.58013153076172
35.33740997314453
27.193225860595703
27.106563568115234
31.851524353027344
29.633670806884766
24.001239776611328
21.27062225341797
25.26982879638672
26.097131729125977
23.63665771484375
27.193225860595703
29.327442169189453
27.837745666503906
31.15780258178711
28.24612045288086
30.20920181274414
25.898462295532227
27.87364959716797
31.249034881591797
27.156627655029297
23.684280395507812
21.2994327545166
32.020843505859375
29.02517318725586
26.137351989746094
30.09514808654785
25.017162322998047
25.870389938354492
31.315868377685547
32.80406188964844
30.602121353149414
24.915056228637695
24.88397979736328
26.329998016357422
19.98739242553711
27.259868621826172
28.955095291137695
28.461597442626953
25.898462295532227
25.892623901367188
19.34516143798828
25.32132339477539
31.982025146484375
31.15780258178711
28.64194107055664
20.186485290527344
29.633670806884766
29.107589721679688
29.243988037109375
28.765625
34.156166076660156
25.32132339477539
33.57891845703125
27.08175277709961
31.1606502532959
30.602121353149414
24.264976501464844
27.259868621826172
29.78973388671875
27.801761627197266
27.550212860107422
23.00767707824707
29.380538940429688
31.240917205810547
30.356674194335938
31.249034881591797
31.15780258178711
29.59550666809082
31.240917205810547
32.0655517578125
27.512475967407227
25.92554473876953
26.44949722290039
23.874929428100586
29.662282943725586
27.94235610961914
34.115257263183594
25.146987915039062
25.238964080810547
25.892623901367188
34.82777404785156
26.44949722290039
27.259868621826172
34.82777404785156
28.436906814575195
21.223289489746094
30.496047973632812
29.989620208740234
29.633670806884766
35.67350387573242
21.50564193725586
31.858173370361328
28.50197982788086
32.914093017578125
25.913284301757812
26.44949722290039
39.56884765625
35.58600616455078
25.229188919067383
24.55091094970703
24.915056228637695
27.061511993408203
21.5499267578125
26.667797088623047
27.106563568115234
30.419593811035156
37.16264343261719
31.32913589477539
36.519954681396484
26.4492130279541
30.93619728088379
31.24095916748047
34.82762908935547
26.998779296875
21.19338607788086
31.59389877319336
29.634029388427734
34.24559783935547
35.71387481689453
27.9835205078125
24.883743286132812
30.346649169921875
36.68357849121094
30.082372665405273
30.082372665405273
33.23012161254883
33.23012161254883
33.23012161254883
32.67245864868164
37.97983932495117
68.90219116210938
30.084447860717773
32.26533889770508
42.287681579589844
43.97589874267578
62.57866668701172
36.94782257080078
32.685054779052734
32.40703582763672
33.29615783691406
31.824615478515625
33.40407180786133
33.232940673828125
35.38740539550781
35.38740539550781
31.43904685974121
35.38740539550781
31.031858444213867
32.54421615600586
39.26820373535156
30.909780502319336
45.60772705078125
37.73942184448242
30.58333969116211
39.55689239501953
30.513391494750977
37.20100021362305
36.79625701904297
36.75892639160156
19.395034790039062
29.879783630371094
30.54029083251953
40.686344146728516
36.79625701904297
39.56529235839844
36.79625701904297
37.6920166015625
36.79625701904297
36.79625701904297
36.79625701904297
36.79625701904297
36.79625701904297
36.79625701904297
36.79625701904297
36.79625701904297
36.79625701904297
36.79625701904297
36.79625701904297
36.79625701904297
36.79625701904297
36.79625701904297
36.79625701904297
36.79625701904297
36.79625701904297
36.79625701904297
30.43773078918457
30.4815731048584
30.6036434173584
30.510562896728516
36.512901306152344
30.882522583007812
30.311962127685547
30.560718536376953
37.07994079589844
28.229778289794922
28.229778289794922
28.652799606323242
43.42579650878906
29.110069274902344
29.44046401977539
36.75518798828125
35.3201789855957
19.327701568603516
19.327701568603516
55.070926666259766
19.327701568603516
35.3201789855957
19.327701568603516
27.39427947998047
25.959083557128906
29.225358963012695
26.50914764404297
35.144203186035156
19.327701568603516
19.327701568603516
19.327701568603516
19.327701568603516
19.327701568603516
19.327701568603516
19.327701568603516
19.327701568603516
41.94253921508789
19.327701568603516
19.327701568603516
19.327701568603516
19.327701568603516
19.327701568603516
19.327701568603516
19.327701568603516
19.327701568603516
19.327701568603516
19.327701568603516
19.327701568603516
19.327701568603516
19.327701568603516
19.327701568603516
19.327701568603516
19.327701568603516
19.327701568603516
19.327701568603516
19.327701568603516
19.327701568603516
19.327701568603516
19.327701568603516
19.327701568603516
19.327701568603516
19.327701568603516
19.327701568603516
19.327701568603516
19.327701568603516
19.327701568603516
19.327701568603516
19.327701568603516
19.327701568603516
19.327701568603516
19.327701568603516
19.327701568603516
19.327701568603516
19.327701568603516
19.327701568603516
19.327701568603516
19.327701568603516
19.327701568603516
19.327701568603516
19.327701568603516
19.327701568603516
19.327701568603516
19.327701568603516
19.327701568603516
19.327701568603516
19.327701568603516
19.327701568603516
19.327701568603516
19.327701568603516
19.327701568603516
19.327701568603516
19.327701568603516
19.327701568603516
19.327701568603516
19.327701568603516
19.327701568603516
19.327701568603516
24.968502044677734
24.099689483642578
21.452089309692383
39.12626647949219
32.65840148925781
32.9805793762207
29.848207473754883
32.9805793762207
29.848207473754883
25.929609298706055
24.89165496826172
24.197378158569336
27.7985897064209
22.528400421142578
28.739940643310547
19.786212921142578
20.833145141601562
24.099689483642578
21.137855529785156
27.52349090576172
26.076519012451172
28.739940643310547
23.688945770263672
27.52349090576172
24.13979721069336
26.390884399414062
26.43321990966797
23.093215942382812
35.09394836425781
28.739940643310547
22.56844711303711
20.656097412109375
32.9805793762207
29.848207473754883
22.44278335571289
32.9805793762207
29.848207473754883
22.44278335571289
30.087602615356445
26.445858001708984
26.459815979003906
20.968137741088867
27.52349090576172
26.076519012451172
23.941543579101562
26.445858001708984
26.459815979003906
25.443208694458008
26.445858001708984
26.459815979003906
25.443208694458008
33.244407653808594
29.40178680419922
29.40178680419922
29.40178680419922
27.061511993408203
27.082897186279297
26.445858001708984
26.459815979003906
25.443208694458008
27.52349090576172
26.076519012451172
25.455772399902344
26.445858001708984
26.459815979003906
25.443208694458008
26.445858001708984
27.374744415283203
26.177377700805664
27.254684448242188
25.14303207397461
24.9602108001709
24.940927505493164
19.99448585510254
25.14303207397461
24.9602108001709
37.4658203125
35.34921646118164
37.4658203125
37.4658203125
35.34921646118164
55.404632568359375
23.59459686279297
21.09473419189453
25.020587921142578
26.459815979003906
25.443208694458008
19.9990234375
27.152681350708008
25.288267135620117
27.152681350708008
26.719234466552734
33.315914154052734
29.214073181152344
26.488351821899414
33.315914154052734
29.214073181152344
33.315914154052734
26.121597290039062
25.586841583251953
27.166030883789062
26.65870475769043
22.0704288482666
25.797168731689453
25.02314567565918
27.591964721679688
26.661108016967773
26.487937927246094
26.661108016967773
30.429378509521484
29.248836517333984
30.429378509521484
27.30112648010254
25.734256744384766
27.30112648010254
26.881607055664062
26.316120147705078
26.881607055664062
25.14303207397461
24.9602108001709
19.437631607055664
29.307109832763672
49.85606384277344
31.662134170532227
36.571876525878906
31.662134170532227
20.305908203125
24.02781867980957
20.60146713256836
25.724868774414062
27.967178344726562
28.654708862304688
33.315914154052734
29.214073181152344
35.105411529541016
28.776653289794922
33.01316833496094
26.300880432128906
20.535995483398438
27.266868591308594
20.236919403076172
21.417741775512695
27.541488647460938
26.95427894592285
31.49155044555664
28.6794490814209
35.04243469238281
28.712806701660156
32.39579772949219
21.435272216796875
21.005123138427734
20.034866333007812
23.332904815673828
22.492820739746094
28.360740661621094
25.395261764526367
28.360740661621094
27.787317276000977
19.84174156188965
30.61280059814453
28.743404388427734
28.200010299682617
20.6785888671875
26.4588623046875
30.197734832763672
29.429615020751953
25.162376403808594
19.664329528808594
30.613052368164062
26.917583465576172
30.613052368164062
22.393749237060547
29.48920440673828
27.554157257080078
29.48920440673828
29.48920440673828
27.554157257080078
31.61614227294922
31.571666717529297
31.61614227294922
29.48920440673828
27.554157257080078
29.48920440673828
25.779338836669922
27.846275329589844
26.808269500732422
29.48920440673828
27.554157257080078
26.110591888427734
29.48920440673828
27.554157257080078
29.48920440673828
35.91633605957031
23.055484771728516
35.91633605957031
29.48920440673828
27.554157257080078
29.48920440673828
27.554157257080078
29.48920440673828
25.31956672668457
24.575439453125
23.770641326904297
24.201147079467773
36.548439025878906
30.905078887939453
29.810279846191406
19.742443084716797
29.175899505615234
21.582414627075195
32.590965270996094
31.468708038330078
31.050796508789062
31.468708038330078
34.80276870727539
35.33740997314453
34.80276870727539
29.644935607910156
27.036880493164062
29.644935607910156
25.236326217651367
32.13806915283203
20.270599365234375
26.348859786987305
30.642505645751953
26.348859786987305
29.582382202148438
29.48920440673828
27.554157257080078
32.9805793762207
29.848207473754883
28.82032012939453
29.48920440673828
27.554157257080078
29.644935607910156
27.036880493164062
29.644935607910156
80.45419311523438
30.936538696289062
26.329010009765625
30.936538696289062
25.586841583251953
27.166030883789062
26.65870475769043
20.907089233398438
30.936538696289062
26.329010009765625
30.936538696289062
30.936538696289062
26.329010009765625
29.48920440673828
27.554157257080078
21.58765983581543
27.134870529174805
28.325971603393555
28.82697296142578
28.326034545898438
19.767908096313477
20.900014877319336
31.46738052368164
31.050033569335938
52.135406494140625
30.700464248657227
29.44046401977539
25.97955322265625
29.110069274902344
67.86872863769531
37.017417907714844
38.53260040283203
30.549251556396484
22.324119567871094
29.378936767578125
22.306241989135742
26.092571258544922
28.08405303955078
33.30240249633789
31.86819839477539
36.80644226074219
32.677040100097656
36.39555358886719
28.008007049560547
25.068574905395508
26.092571258544922
27.14871597290039
28.819250106811523
34.5189094543457
33.48012924194336
24.74875259399414
30.549251556396484
23.48502540588379
30.549251556396484
24.627859115600586
21.753162384033203
30.549251556396484
28.172454833984375
28.590965270996094
21.79171371459961
32.86876678466797
23.64297103881836
52.85543441772461
28.226768493652344
51.60002899169922
53.2867317199707
33.48012924194336
22.99175262451172
24.065628051757812
21.29808807373047
35.181732177734375
27.14871597290039
23.569915771484375
27.14871597290039
33.48012924194336
33.48012924194336
27.246477127075195
27.246477127075195
26.62844467163086
27.246477127075195
26.04477310180664
21.291152954101562
31.86819839477539
22.567813873291016
56.053707122802734
118.87117767333984
26.092571258544922
27.26659393310547
26.092571258544922
20.64842414855957
30.966358184814453
135.41015625
32.86876678466797
23.178916931152344
22.867755889892578
26.092571258544922
23.49498748779297
28.819250106811523
22.274059295654297
22.274059295654297
21.640371322631836
22.274059295654297
30.549251556396484
21.64031982421875
27.341917037963867
28.321504592895508
32.86876678466797
23.515727996826172
28.226768493652344
21.553421020507812
22.064289093017578
28.08405303955078
24.502273559570312
28.819250106811523
21.78558921813965
22.48978042602539
33.46976852416992
30.549251556396484
22.950071334838867
34.81591796875
32.86876678466797
30.084447860717773
32.86876678466797
22.949594497680664
22.57245445251465
22.73662567138672
22.57245445251465
21.78558921813965
21.918598175048828
22.605762481689453
21.918598175048828
21.918598175048828
21.918598175048828
21.918598175048828
21.918598175048828
29.551128387451172
21.918598175048828
28.819250106811523
21.84737777709961
21.918598175048828
23.734725952148438
33.48012924194336
23.65740966796875
33.48012924194336
21.84894561767578
21.918598175048828
24.810611724853516
21.918598175048828
21.918598175048828
21.918598175048828
22.605762481689453
21.918598175048828
21.91876983642578
21.91876983642578
21.91876983642578
21.91876983642578
21.91876983642578
21.91876983642578
21.91876983642578
21.91876983642578
22.605907440185547
22.74690055847168
21.91876983642578
22.103124618530273
21.91876983642578
22.086545944213867
21.91876983642578
21.91876983642578
22.33563995361328
21.91876983642578
22.086545944213867
22.605907440185547
29.88491439819336
21.997196197509766
24.803897857666016
22.086545944213867
22.086545944213867
