30.311840057373047
33.00740432739258
33.9583625793457
33.04826354980469
30.607528686523438
32.40258026123047
25.778064727783203
39.06200408935547
33.69499969482422
31.525943756103516
27.49734115600586
28.1744327545166
34.63489532470703
26.913654327392578
32.243202209472656
30.819149017333984
35.185890197753906
31.233192443847656
26.8764705657959
33.9193115234375
36.917720794677734
36.17778396606445
36.05775451660156
33.69499969482422
29.119447708129883
26.4917049407959
28.036235809326172
36.664371490478516
34.43121337890625
29.341529846191406
26.78167724609375
31.83550262451172
33.270198822021484
32.82785415649414
32.158180236816406
29.13799285888672
33.69499969482422
35.818748474121094
36.08610153198242
39.31192398071289
30.55006980895996
32.173458099365234
32.6163330078125
27.076019287109375
26.618520736694336
28.4622859954834
27.239643096923828
30.467435836791992
31.6639347076416
33.718441009521484
30.49941635131836
36.6016960144043
32.714332580566406
33.982757568359375
34.66960525512695
28.470966339111328
32.158180236816406
31.83550262451172
32.12181091308594
38.093406677246094
26.9652099609375
40.326297760009766
33.67545700073242
33.00740432739258
35.82489776611328
31.50707244873047
34.27143859863281
28.698328018188477
35.30559539794922
32.158180236816406
33.057640075683594
41.08387756347656
36.676055908203125
32.47309112548828
32.905826568603516
32.89287185668945
36.68281936645508
31.158050537109375
34.98517990112305
33.672515869140625
31.83831787109375
34.564613342285156
38.6966438293457
32.07389450073242
35.82489776611328
32.449851989746094
26.301483154296875
30.143699645996094
36.79132080078125
36.35188674926758
31.668994903564453
39.06200408935547
33.81896209716797
40.326297760009766
33.947418212890625
32.525699615478516
35.115142822265625
33.67545700073242
36.17778396606445
36.917720794677734
32.22086715698242
27.690906524658203
35.00324249267578
31.116943359375
36.807029724121094
32.550941467285156
28.55695152282715
30.69032859802246
33.204124450683594
26.922439575195312
37.3049201965332
32.449851989746094
30.406005859375
30.369407653808594
39.90594482421875
34.49437713623047
30.406005859375
31.26140594482422
27.81930160522461
26.33087730407715
34.482154846191406
36.35188674926758
27.312488555908203
32.47679901123047
36.05775451660156
35.6161994934082
26.23678207397461
36.917720794677734
33.26491165161133
30.9422607421875
29.096649169921875
26.56131935119629
33.270198822021484
26.57547378540039
32.42414474487305
31.27705955505371
31.528186798095703
34.187767028808594
30.193069458007812
31.377365112304688
35.78592300415039
26.307571411132812
34.459877014160156
32.525699615478516
34.6833381652832
25.326019287109375
32.07389450073242
54.40477752685547
30.373598098754883
28.4622859954834
31.19339370727539
36.05775451660156
31.075071334838867
34.49437713623047
34.72956085205078
35.06667709350586
30.2091121673584
28.470966339111328
25.994199752807617
29.438480377197266
31.26140594482422
34.12567901611328
32.109737396240234
35.00324249267578
31.737443923950195
26.952465057373047
28.805892944335938
31.968727111816406
31.83550262451172
40.326297760009766
28.7175235748291
33.270198822021484
27.207050323486328
33.69957733154297
36.35188674926758
34.58076858520508
32.202613830566406
36.73911666870117
39.241966247558594
28.191627502441406
35.62858963012695
31.50360870361328
34.82051467895508
36.6016960144043
39.06200408935547
32.260009765625
38.904319763183594
40.326297760009766
36.218746185302734
39.06200408935547
25.326019287109375
32.22086715698242
26.745193481445312
28.155324935913086
30.857421875
27.145160675048828
39.241966247558594
33.007102966308594
32.158180236816406
32.98709487915039
32.158180236816406
29.376134872436523
33.14964294433594
35.00324249267578
32.685951232910156
32.525699615478516
39.06200408935547
34.80635452270508
28.470966339111328
61.165626525878906
30.477815628051758
36.35188674926758
28.781784057617188
30.157665252685547
32.44868469238281
29.470157623291016
35.52170944213867
36.218746185302734
33.29409408569336
30.83877944946289
28.624244689941406
40.326297760009766
33.8682861328125
30.648887634277344
28.691299438476562
36.702816009521484
35.82489776611328
46.959381103515625
33.72618103027344
31.377365112304688
29.692787170410156
31.26140594482422
33.270198822021484
34.308876037597656
26.182804107666016
33.4141960144043
39.13296890258789
34.389381408691406
28.67445182800293
35.52170944213867
31.086151123046875
28.470966339111328
37.39035415649414
26.798377990722656
27.996593475341797
35.82489776611328
26.80501365661621
33.057640075683594
35.47257614135742
26.74355697631836
26.33087730407715
37.44084548950195
28.55830955505371
30.00275230407715
30.12409782409668
30.311840057373047
32.525699615478516
31.116943359375
33.301353454589844
33.67399597167969
38.17131423950195
33.38483810424805
28.71991539001465
30.157665252685547
35.82489776611328
28.287582397460938
33.704978942871094
35.6083869934082
32.536720275878906
28.756572723388672
33.69499969482422
36.275691986083984
26.18880271911621
29.087600708007812
31.116943359375
29.931106567382812
31.528186798095703
29.769775390625
38.093406677246094
31.251506805419922
32.158180236816406
34.96720886230469
35.06667709350586
29.255882263183594
26.847259521484375
29.234699249267578
30.311840057373047
28.4622859954834
31.251506805419922
34.342185974121094
33.14964294433594
36.05775451660156
32.47679901123047
34.6833381652832
30.406005859375
32.18407440185547
34.021793365478516
30.69032859802246
28.620010375976562
26.68195152282715
33.19393539428711
33.80991744995117
30.723581314086914
32.401390075683594
29.47361946105957
31.086151123046875
33.69957733154297
36.75196075439453
35.185890197753906
29.341529846191406
29.119447708129883
30.857421875
25.326019287109375
32.22086715698242
32.3101692199707
33.00740432739258
30.406005859375
31.116943359375
25.859355926513672
29.087600708007812
36.6016960144043
36.05775451660156
32.16238784790039
26.20352554321289
35.06667709350586
33.69499969482422
33.982757568359375
33.00246810913086
39.06200408935547
29.087600708007812
37.30970001220703
31.158050537109375
35.0545768737793
35.185890197753906
29.101905822753906
32.22086715698242
34.8849983215332
32.82785415649414
32.243202209472656
28.662109375
33.29409408569336
35.82489776611328
35.115142822265625
34.021793365478516
36.05775451660156
32.36056900024414
35.82489776611328
35.6083869934082
32.471923828125
30.2091121673584
31.83550262451172
28.781784057617188
34.25624084472656
31.95803451538086
37.931907653808594
29.990690231323242
30.00275230407715
31.116943359375
39.01378631591797
31.83550262451172
32.22086715698242
39.01378631591797
31.6464786529541
26.771333694458008
34.845096588134766
33.4141960144043
35.06667709350586
37.584228515625
27.62317657470703
35.796051025390625
32.908050537109375
36.41068649291992
30.488296508789062
31.83550262451172
37.34236145019531
39.71037673950195
29.85729217529297
28.543224334716797
29.341529846191406
32.127113342285156
26.408653259277344
31.9606990814209
32.158180236816406
34.459877014160156
40.69277572631836
36.18313980102539
35.67438507080078
31.835182189941406
33.94720458984375
35.8249626159668
39.01371765136719
31.977325439453125
27.292076110839844
36.35206985473633
35.06697082519531
36.618690490722656
36.82518768310547
34.91959762573242
29.119369506835938
32.525665283203125
38.59321975708008
32.26469802856445
32.26469802856445
36.61994934082031
36.61994934082031
36.61994934082031
35.46459197998047
38.199398040771484
88.06868743896484
33.49618148803711
38.117313385009766
46.587425231933594
48.32006072998047
80.81086730957031
36.91375732421875
36.806060791015625
36.45650100708008
37.24467849731445
35.89698791503906
37.03221130371094
37.016937255859375
36.96883773803711
36.96883773803711
35.235260009765625
36.96883773803711
33.99835205078125
35.802001953125
38.98536682128906
41.76982498168945
41.72373962402344
43.79364776611328
41.579193115234375
40.399436950683594
41.52579879760742
56.24652099609375
56.032623291015625
56.055904388427734
25.297954559326172
41.02157974243164
41.55980682373047
55.234622955322266
56.032623291015625
39.61948776245117
56.032623291015625
40.116371154785156
56.032623291015625
56.032623291015625
56.032623291015625
56.032623291015625
56.032623291015625
56.032623291015625
56.032623291015625
56.032623291015625
56.032623291015625
56.032623291015625
56.032623291015625
56.032623291015625
56.032623291015625
56.032623291015625
56.032623291015625
56.032623291015625
56.032623291015625
56.032623291015625
41.48784637451172
41.51099395751953
41.61749267578125
41.52423095703125
42.82789611816406
41.83489990234375
41.34815216064453
41.560585021972656
37.901641845703125
31.134532928466797
31.134532928466797
33.23583221435547
49.06537628173828
33.08151626586914
33.766300201416016
36.00617980957031
35.233516693115234
28.16140365600586
28.16140365600586
53.03590393066406
28.16140365600586
35.233516693115234
28.16140365600586
32.08253860473633
31.108810424804688
32.22838592529297
29.485382080078125
38.805572509765625
28.16140365600586
28.16140365600586
28.16140365600586
28.16140365600586
28.16140365600586
28.16140365600586
28.16140365600586
28.16140365600586
39.616851806640625
28.16140365600586
28.16140365600586
28.16140365600586
28.16140365600586
28.16140365600586
28.16140365600586
28.16140365600586
28.16140365600586
28.16140365600586
28.16140365600586
28.16140365600586
28.16140365600586
28.16140365600586
28.16140365600586
28.16140365600586
28.16140365600586
28.16140365600586
28.16140365600586
28.16140365600586
28.16140365600586
28.16140365600586
28.16140365600586
28.16140365600586
28.16140365600586
28.16140365600586
28.16140365600586
28.16140365600586
28.16140365600586
28.16140365600586
28.16140365600586
28.16140365600586
28.16140365600586
28.16140365600586
28.16140365600586
28.16140365600586
28.16140365600586
28.16140365600586
28.16140365600586
28.16140365600586
28.16140365600586
28.16140365600586
28.16140365600586
28.16140365600586
28.16140365600586
28.16140365600586
28.16140365600586
28.16140365600586
28.16140365600586
28.16140365600586
28.16140365600586
28.16140365600586
28.16140365600586
28.16140365600586
28.16140365600586
28.16140365600586
28.16140365600586
28.16140365600586
28.16140365600586
28.16140365600586
28.16140365600586
28.94872283935547
29.34716796875
27.856966018676758
41.63043212890625
36.32461929321289
35.067142486572266
32.54236602783203
35.067142486572266
32.54236602783203
36.89738464355469
36.479774475097656
36.158111572265625
38.60566711425781
28.706180572509766
33.43525695800781
26.137617111206055
26.59324836730957
29.34716796875
27.398759841918945
30.549365997314453
29.72213363647461
33.43525695800781
27.826269149780273
30.549365997314453
27.617063522338867
30.537220001220703
30.11515235900879
28.1522159576416
34.420379638671875
33.43525695800781
27.445955276489258
25.738479614257812
35.067142486572266
32.54236602783203
26.86170196533203
35.067142486572266
32.54236602783203
26.86170196533203
31.741657257080078
32.204952239990234
31.627193450927734
27.498809814453125
30.549365997314453
29.72213363647461
27.523637771606445
32.204952239990234
31.627193450927734
28.80530548095703
32.204952239990234
31.627193450927734
28.80530548095703
35.19887161254883
33.68754577636719
33.68754577636719
33.68754577636719
32.127113342285156
32.065059661865234
32.204952239990234
31.627193450927734
28.80530548095703
30.549365997314453
29.72213363647461
28.849315643310547
32.204952239990234
31.627193450927734
28.80530548095703
32.204952239990234
31.51942253112793
29.954586029052734
30.564144134521484
29.438480377197266
29.25839614868164
29.653003692626953
25.927480697631836
29.438480377197266
29.25839614868164
42.31985855102539
39.182559967041016
42.31985855102539
42.31985855102539
39.182559967041016
61.86495590209961
29.899822235107422
26.382829666137695
29.863096237182617
31.627193450927734
28.80530548095703
25.568893432617188
32.10411071777344
30.943553924560547
32.10411071777344
31.150226593017578
37.157920837402344
33.740943908691406
29.945680618286133
37.157920837402344
33.740943908691406
37.157920837402344
31.400774002075195
31.05592918395996
30.84575843811035
31.45911979675293
27.561738967895508
29.817428588867188
29.109167098999023
31.327777862548828
30.99335479736328
31.050655364990234
30.99335479736328
33.4453010559082
33.06654739379883
33.4453010559082
32.20813751220703
30.04464340209961
32.20813751220703
32.464439392089844
31.57342529296875
32.464439392089844
29.438480377197266
29.25839614868164
25.628864288330078
33.2259521484375
50.04056930541992
36.084224700927734
41.04187774658203
36.084224700927734
26.879837036132812
30.512481689453125
26.501705169677734
30.415475845336914
32.88077926635742
33.52562713623047
37.157920837402344
33.740943908691406
45.53343200683594
32.81770324707031
35.756839752197266
30.608352661132812
27.3981990814209
38.911460876464844
25.550832748413086
28.041397094726562
32.95213317871094
30.991300582885742
35.91739273071289
33.92185592651367
37.299827575683594
33.55711364746094
40.49441909790039
27.00857162475586
26.277828216552734
26.12368392944336
27.81551742553711
27.742542266845703
32.71966552734375
30.16210174560547
32.71966552734375
32.63375473022461
25.54244613647461
33.51016616821289
32.542171478271484
32.19224548339844
26.92509651184082
34.766754150390625
34.30888748168945
33.85719680786133
29.72504234313965
26.20154571533203
33.60508728027344
31.0595645904541
33.60508728027344
27.96816635131836
35.055721282958984
32.09812545776367
35.055721282958984
35.055721282958984
32.09812545776367
35.72026062011719
35.61972427368164
35.72026062011719
35.055721282958984
32.09812545776367
35.055721282958984
30.256864547729492
30.551462173461914
30.66341781616211
35.055721282958984
32.09812545776367
34.785152435302734
35.055721282958984
32.09812545776367
35.055721282958984
36.16336441040039
27.31852149963379
36.16336441040039
35.055721282958984
32.09812545776367
35.055721282958984
32.09812545776367
35.055721282958984
34.21296691894531
28.61369514465332
28.125263214111328
28.356475830078125
40.720462799072266
35.52474594116211
35.164878845214844
26.695697784423828
39.24140167236328
27.72721290588379
34.465057373046875
36.21611785888672
35.51582717895508
36.21611785888672
39.03767013549805
38.093406677246094
39.03767013549805
34.4593391418457
32.0619010925293
34.4593391418457
30.838911056518555
38.200042724609375
27.374629974365234
30.280963897705078
31.718379974365234
30.280963897705078
38.66611862182617
35.055721282958984
32.09812545776367
35.067142486572266
32.54236602783203
33.72239303588867
35.055721282958984
32.09812545776367
34.4593391418457
32.0619010925293
34.4593391418457
86.26118469238281
33.947418212890625
31.693328857421875
33.947418212890625
31.05592918395996
30.84575843811035
31.45911979675293
27.164844512939453
33.947418212890625
31.693328857421875
33.947418212890625
33.947418212890625
31.693328857421875
35.055721282958984
32.09812545776367
26.192493438720703
32.307373046875
33.19366455078125
31.395458221435547
33.1937370300293
25.021289825439453
27.225433349609375
36.21487808227539
35.515281677246094
54.66056823730469
33.66742706298828
33.766300201416016
31.916444778442383
33.08151626586914
60.986083984375
41.15467071533203
36.045284271240234
35.427162170410156
28.408279418945312
32.91230773925781
27.941146850585938
30.858152389526367
30.790403366088867
39.22251892089844
35.885108947753906
43.231201171875
38.99553680419922
41.57038116455078
33.02654266357422
31.172765731811523
30.858152389526367
32.974185943603516
33.74669647216797
39.83030700683594
38.39580535888672
28.875993728637695
35.427162170410156
28.940271377563477
35.427162170410156
29.028549194335938
27.409488677978516
35.427162170410156
31.71371841430664
32.292144775390625
27.457077026367188
37.030357360839844
29.188583374023438
61.23044204711914
32.084999084472656
47.47309112548828
47.95496368408203
38.39580535888672
28.47392463684082
29.30514907836914
27.182109832763672
42.572532653808594
32.974185943603516
28.734832763671875
32.974185943603516
38.39580535888672
38.39580535888672
30.205772399902344
30.205772399902344
30.345306396484375
30.205772399902344
31.004417419433594
27.306331634521484
35.885108947753906
28.39200782775879
56.235260009765625
148.1823272705078
30.858152389526367
30.891632080078125
30.858152389526367
26.748489379882812
32.293426513671875
168.37892150878906
37.030357360839844
28.601150512695312
28.120574951171875
30.858152389526367
28.053157806396484
33.74669647216797
28.333398818969727
28.333398818969727
27.87590789794922
28.333398818969727
35.427162170410156
27.608562469482422
31.42896842956543
32.224082946777344
37.030357360839844
28.473833084106445
32.084999084472656
27.664377212524414
27.605186462402344
30.790403366088867
30.193721771240234
33.74669647216797
27.997888565063477
27.744966506958008
34.72194290161133
35.427162170410156
27.799755096435547
34.22850036621094
37.030357360839844
33.49618148803711
37.030357360839844
28.0415096282959
27.9814510345459
28.319124221801758
27.9814510345459
27.997888565063477
28.11433219909668
28.248811721801758
28.11433219909668
28.11433219909668
28.11433219909668
28.11433219909668
28.11433219909668
33.602386474609375
28.11433219909668
33.74669647216797
27.983154296875
28.11433219909668
28.230878829956055
38.39580535888672
28.46112060546875
38.39580535888672
27.057058334350586
28.11433219909668
29.034637451171875
28.11433219909668
28.11433219909668
28.11433219909668
28.248811721801758
28.11433219909668
28.11428451538086
28.11428451538086
28.11428451538086
28.11428451538086
28.11428451538086
28.11428451538086
28.11428451538086
28.11428451538086
28.24877166748047
27.702787399291992
28.11428451538086
27.473512649536133
28.11428451538086
27.443166732788086
28.11428451538086
28.11428451538086
27.57156753540039
28.11428451538086
27.443166732788086
28.24877166748047
32.58674621582031
27.50828742980957
29.507535934448242
27.443166732788086
27.443166732788086
