28.25139617919922
30.759994506835938
32.06298828125
31.36948585510254
28.7081298828125
30.854751586914062
22.75968360900879
36.38410186767578
31.52096939086914
29.771902084350586
24.392498016357422
25.908611297607422
34.58514404296875
23.46121597290039
29.8402042388916
29.472129821777344
32.822418212890625
29.108623504638672
24.250999450683594
31.213918685913086
34.597923278808594
33.4858512878418
33.67837905883789
31.52096939086914
27.005435943603516
23.523359298706055
25.764209747314453
34.46021270751953
33.163902282714844
27.082416534423828
23.619670867919922
29.106346130371094
31.040576934814453
30.260780334472656
29.500713348388672
27.158113479614258
31.52096939086914
31.13374137878418
32.10880661010742
41.723602294921875
29.214496612548828
31.3062801361084
29.747268676757812
24.846141815185547
23.67796516418457
26.046180725097656
24.26852035522461
28.008686065673828
29.153675079345703
30.895427703857422
28.668174743652344
34.20598220825195
31.90113067626953
31.610797882080078
32.63331985473633
26.158580780029297
29.500713348388672
29.106346130371094
30.95699119567871
36.591461181640625
23.814865112304688
37.99131774902344
31.01119041442871
30.759994506835938
33.58781051635742
29.5946044921875
32.49922180175781
24.69417953491211
34.13114929199219
29.500713348388672
31.085182189941406
41.140350341796875
34.27313232421875
29.69587516784668
31.287845611572266
30.45807647705078
30.312509536743164
29.186782836914062
32.81395721435547
28.779987335205078
30.752620697021484
33.687129974365234
37.130672454833984
30.631816864013672
33.58781051635742
31.087284088134766
23.07231903076172
28.45734405517578
34.91288757324219
33.88792419433594
30.082639694213867
36.38410186767578
32.10188674926758
37.99131774902344
32.40377426147461
31.349992752075195
32.83645248413086
31.01119041442871
33.4858512878418
34.597923278808594
29.72698211669922
24.901920318603516
33.7733154296875
28.568435668945312
35.250770568847656
30.509319305419922
26.334707260131836
28.846431732177734
31.592498779296875
24.065834045410156
31.65411376953125
31.087284088134766
28.17700958251953
28.430078506469727
37.59687805175781
32.785770416259766
28.17700958251953
29.369476318359375
26.087099075317383
23.095869064331055
33.31649398803711
33.88792419433594
24.563968658447266
30.34273910522461
33.67837905883789
34.04143524169922
23.95284652709961
34.597923278808594
30.78466796875
28.545269012451172
26.692089080810547
23.057209014892578
31.040576934814453
24.24878692626953
31.543792724609375
29.25489044189453
29.346237182617188
33.371421813964844
27.55539894104004
29.5896053314209
33.77107238769531
23.87196159362793
32.480342864990234
31.349992752075195
32.133056640625
22.596397399902344
30.631816864013672
50.17516326904297
27.573408126831055
26.046180725097656
29.04678726196289
33.67837905883789
29.220998764038086
32.785770416259766
32.45309829711914
32.32220458984375
28.025123596191406
26.158580780029297
23.32912826538086
27.34117889404297
29.369476318359375
31.814842224121094
29.63418960571289
33.7733154296875
29.085975646972656
23.626344680786133
26.867639541625977
30.017934799194336
29.106346130371094
37.99131774902344
26.613872528076172
31.040576934814453
24.501483917236328
32.537689208984375
33.88792419433594
32.31406784057617
29.91408920288086
31.985431671142578
37.112693786621094
25.350765228271484
32.9453010559082
28.753501892089844
32.639183044433594
34.20598220825195
36.38410186767578
27.05343246459961
37.762577056884766
37.99131774902344
34.23206329345703
36.38410186767578
22.596397399902344
29.72698211669922
24.172588348388672
24.92603874206543
28.657445907592773
24.263545989990234
37.112693786621094
30.835275650024414
29.500713348388672
30.953195571899414
29.500713348388672
27.884653091430664
30.423486709594727
33.7733154296875
30.778743743896484
31.349992752075195
36.38410186767578
30.817209243774414
26.158580780029297
54.56641387939453
28.140954971313477
33.88792419433594
26.416614532470703
28.867395401000977
31.67391586303711
28.0098876953125
33.27397155761719
34.23206329345703
31.487457275390625
29.18068504333496
26.495580673217773
37.99131774902344
31.27743148803711
29.301044464111328
26.4598388671875
34.9837532043457
33.58781051635742
47.44123840332031
31.570438385009766
29.5896053314209
27.332916259765625
29.369476318359375
31.040576934814453
32.30575180053711
22.735782623291016
31.593591690063477
39.402381896972656
32.18810272216797
26.49595832824707
33.27397155761719
28.537281036376953
26.158580780029297
35.139007568359375
23.69154167175293
25.240575790405273
33.58781051635742
23.792451858520508
31.085182189941406
29.47525978088379
23.77400016784668
23.095869064331055
36.359703063964844
26.112442016601562
27.56254005432129
28.077272415161133
28.25139617919922
31.349992752075195
28.568435668945312
31.029678344726562
31.45781707763672
36.038482666015625
30.887248992919922
27.375152587890625
28.867395401000977
33.58781051635742
25.781463623046875
31.195865631103516
33.936912536621094
30.786706924438477
26.789791107177734
31.52096939086914
33.531280517578125
22.875228881835938
27.247108459472656
28.568435668945312
28.275474548339844
29.346237182617188
28.156944274902344
36.591461181640625
29.25920295715332
29.500713348388672
33.45370101928711
32.32220458984375
26.502437591552734
23.99862289428711
27.2641544342041
28.25139617919922
26.046180725097656
29.25920295715332
31.776535034179688
30.423486709594727
33.67837905883789
30.34273910522461
32.133056640625
28.17700958251953
29.971769332885742
32.63060760498047
28.846431732177734
26.166790008544922
23.944377899169922
32.559783935546875
31.338111877441406
28.461862564086914
31.304012298583984
27.208187103271484
28.537281036376953
32.537689208984375
34.895912170410156
32.822418212890625
27.082416534423828
27.005435943603516
28.657445907592773
22.596397399902344
29.72698211669922
30.752643585205078
30.759994506835938
28.17700958251953
28.568435668945312
22.51659393310547
27.247108459472656
34.20598220825195
33.67837905883789
30.171878814697266
23.096603393554688
32.32220458984375
31.52096939086914
31.610797882080078
30.724363327026367
36.38410186767578
27.247108459472656
35.53937530517578
29.186782836914062
33.096439361572266
32.822418212890625
26.631919860839844
29.72698211669922
32.23581314086914
30.260780334472656
29.8402042388916
25.79336929321289
31.487457275390625
33.58781051635742
32.83645248413086
32.63060760498047
33.67837905883789
31.034149169921875
33.58781051635742
33.936912536621094
29.863712310791016
28.025123596191406
29.106346130371094
26.416614532470703
31.71416473388672
29.98346710205078
35.98953628540039
27.502357482910156
27.56254005432129
28.568435668945312
36.711605072021484
29.106346130371094
29.72698211669922
36.711605072021484
30.06814193725586
23.94803237915039
32.61571502685547
31.593591690063477
32.32220458984375
36.598358154296875
24.486190795898438
33.72803497314453
30.750070571899414
34.64799499511719
28.197242736816406
29.106346130371094
38.228492736816406
37.55100631713867
27.493715286254883
26.54429054260254
27.082416534423828
29.531673431396484
23.92706871032715
29.309114456176758
29.500713348388672
32.480342864990234
38.62467575073242
33.59556579589844
36.030147552490234
29.106056213378906
32.40351486206055
33.587867736816406
36.71150588989258
29.490917205810547
24.15198516845703
33.88808059692383
32.32255554199219
35.53676986694336
36.1107292175293
31.214916229248047
27.00526237487793
31.350032806396484
37.662872314453125
30.93857192993164
30.93857192993164
35.06250762939453
35.06250762939453
35.06250762939453
33.995941162109375
38.121150970458984
76.3109359741211
31.765872955322266
34.620155334472656
43.85837936401367
45.908790588378906
70.61895751953125
37.07771301269531
34.77775573730469
34.443572998046875
35.29833984375
33.894752502441406
35.20846176147461
35.161590576171875
36.16783905029297
36.16783905029297
33.3306884765625
36.16783905029297
32.52566146850586
34.14421463012695
38.82863998413086
35.92813491821289
43.480712890625
39.978538513183594
35.6993408203125
39.82299041748047
35.63859558105469
46.29796600341797
45.64289474487305
45.85642623901367
22.315073013305664
35.13188552856445
35.66343307495117
46.59953308105469
45.64289474487305
39.231422424316406
45.64289474487305
38.831573486328125
45.64289474487305
45.64289474487305
45.64289474487305
45.64289474487305
45.64289474487305
45.64289474487305
45.64289474487305
45.64289474487305
45.64289474487305
45.64289474487305
45.64289474487305
45.64289474487305
45.64289474487305
45.64289474487305
45.64289474487305
45.64289474487305
45.64289474487305
45.64289474487305
35.60084533691406
35.55618667602539
35.7088737487793
35.634525299072266
39.52246856689453
36.01123046875
35.40363311767578
35.66236877441406
37.294593811035156
29.644426345825195
29.644426345825195
30.663917541503906
45.911651611328125
31.152568817138672
31.726078033447266
36.149566650390625
35.13146209716797
23.85541534423828
23.85541534423828
53.731605529785156
23.85541534423828
35.13146209716797
23.85541534423828
29.67786407470703
28.428131103515625
30.682353973388672
27.748321533203125
36.704002380371094
23.85541534423828
23.85541534423828
23.85541534423828
23.85541534423828
23.85541534423828
23.85541534423828
23.85541534423828
23.85541534423828
40.65023422241211
23.85541534423828
23.85541534423828
23.85541534423828
23.85541534423828
23.85541534423828
23.85541534423828
23.85541534423828
23.85541534423828
23.85541534423828
23.85541534423828
23.85541534423828
23.85541534423828
23.85541534423828
23.85541534423828
23.85541534423828
23.85541534423828
23.85541534423828
23.85541534423828
23.85541534423828
23.85541534423828
23.85541534423828
23.85541534423828
23.85541534423828
23.85541534423828
23.85541534423828
23.85541534423828
23.85541534423828
23.85541534423828
23.85541534423828
23.85541534423828
23.85541534423828
23.85541534423828
23.85541534423828
23.85541534423828
23.85541534423828
23.85541534423828
23.85541534423828
23.85541534423828
23.85541534423828
23.85541534423828
23.85541534423828
23.85541534423828
23.85541534423828
23.85541534423828
23.85541534423828
23.85541534423828
23.85541534423828
23.85541534423828
23.85541534423828
23.85541534423828
23.85541534423828
23.85541534423828
23.85541534423828
23.85541534423828
23.85541534423828
23.85541534423828
23.85541534423828
23.85541534423828
23.85541534423828
23.85541534423828
26.934864044189453
26.73245620727539
24.582935333251953
40.478172302246094
34.5836296081543
34.10900115966797
31.22809410095215
34.10900115966797
31.22809410095215
30.563112258911133
29.940059661865234
29.54726219177246
32.558502197265625
25.682838439941406
31.106159210205078
22.895387649536133
23.602325439453125
26.73245620727539
24.176952362060547
29.033275604248047
27.918380737304688
31.106159210205078
25.568729400634766
29.033275604248047
25.750638961791992
28.502490997314453
28.21827507019043
25.626060485839844
34.58613586425781
31.106159210205078
24.870532989501953
23.14483070373535
34.10900115966797
31.22809410095215
24.580739974975586
34.10900115966797
31.22809410095215
24.580739974975586
30.71432876586914
29.2812557220459
28.992733001708984
24.204204559326172
29.033275604248047
27.918380737304688
25.476531982421875
29.2812557220459
28.992733001708984
27.041614532470703
29.2812557220459
28.992733001708984
27.041614532470703
34.25736999511719
31.3576717376709
31.3576717376709
31.3576717376709
29.531673431396484
29.512344360351562
29.2812557220459
28.992733001708984
27.041614532470703
29.033275604248047
27.918380737304688
27.022968292236328
29.2812557220459
28.992733001708984
27.041614532470703
29.2812557220459
29.433263778686523
28.05644416809082
28.93781852722168
27.34117889404297
27.175491333007812
27.372671127319336
22.889724731445312
27.34117889404297
27.175491333007812
39.76438522338867
37.19417190551758
39.76438522338867
39.76438522338867
37.19417190551758
57.60807800292969
26.669921875
23.733518600463867
27.354949951171875
28.992733001708984
27.041614532470703
22.74732780456543
29.57098960876465
28.061616897583008
29.57098960876465
28.740793228149414
35.45542907714844
31.464561462402344
28.256168365478516
35.45542907714844
31.464561462402344
35.45542907714844
28.69815444946289
28.29118537902832
28.98935890197754
29.026470184326172
24.823638916015625
27.752717971801758
27.070919036865234
29.535104751586914
28.759807586669922
28.68222999572754
28.759807586669922
31.974592208862305
31.186676025390625
31.974592208862305
29.753259658813477
27.800537109375
29.753259658813477
29.645896911621094
28.917123794555664
29.645896911621094
27.34117889404297
27.175491333007812
22.517757415771484
31.166088104248047
49.0859489440918
33.75536346435547
38.71731185913086
33.75536346435547
23.51630973815918
27.200468063354492
23.536579132080078
27.967103958129883
30.372806549072266
31.053760528564453
35.45542907714844
31.464561462402344
40.10039520263672
30.841960906982422
34.485992431640625
28.425600051879883
23.939746856689453
32.68164825439453
22.84986114501953
24.660560607910156
30.172653198242188
28.902729034423828
33.65378189086914
31.32682228088379
36.12965393066406
31.180564880371094
36.9630126953125
24.12560272216797
23.557235717773438
23.041879653930664
25.40894317626953
25.002044677734375
30.525012969970703
27.745243072509766
30.525012969970703
30.020488739013672
22.70431900024414
32.096492767333984
30.698421478271484
30.25499725341797
23.771892547607422
30.434106826782227
32.170738220214844
31.597625732421875
27.322811126708984
22.866830825805664
32.156917572021484
29.02916717529297
32.156917572021484
24.99240493774414
32.22752380371094
29.854793548583984
32.22752380371094
32.22752380371094
29.854793548583984
33.559654235839844
33.482730865478516
33.559654235839844
32.22752380371094
29.854793548583984
32.22752380371094
28.009685516357422
29.205995559692383
28.728870391845703
32.22752380371094
29.854793548583984
30.143577575683594
32.22752380371094
29.854793548583984
32.22752380371094
36.42848587036133
25.1334228515625
36.42848587036133
32.22752380371094
29.854793548583984
32.22752380371094
29.854793548583984
32.22752380371094
29.53485679626465
26.50653648376465
25.90496063232422
26.23398208618164
38.529212951660156
33.15128707885742
32.40978240966797
23.161136627197266
34.182979583740234
24.609745025634766
33.58664321899414
33.87701416015625
33.38499069213867
33.87701416015625
36.79590606689453
36.591461181640625
36.79590606689453
32.01652526855469
29.496273040771484
32.01652526855469
27.92885971069336
35.21686553955078
23.792984008789062
28.36532974243164
31.016002655029297
28.36532974243164
34.459224700927734
32.22752380371094
29.854793548583984
34.10900115966797
31.22809410095215
31.050765991210938
32.22752380371094
29.854793548583984
32.01652526855469
29.496273040771484
32.01652526855469
84.41014099121094
32.40377426147461
28.977237701416016
32.40377426147461
28.29118537902832
28.98935890197754
29.026470184326172
24.014286041259766
32.40377426147461
28.977237701416016
32.40377426147461
32.40377426147461
28.977237701416016
32.22752380371094
29.854793548583984
23.852497100830078
29.575159072875977
30.778377532958984
30.001855850219727
30.778432846069336
22.333385467529297
24.006011962890625
33.87574005126953
33.38428497314453
52.97042465209961
32.16554641723633
31.726078033447266
28.736223220825195
31.152568817138672
62.79245376586914
38.96696853637695
37.33863830566406
32.94631576538086
25.328277587890625
31.160017013549805
25.04145050048828
28.499774932861328
29.426158905029297
35.74066925048828
33.70301055908203
39.84717559814453
35.26508331298828
38.67804718017578
30.460948944091797
28.120405197143555
28.499774932861328
30.115385055541992
31.28950309753418
36.70477294921875
35.967437744140625
26.67363929748535
32.94631576538086
26.175960540771484
32.94631576538086
26.782007217407227
24.556835174560547
32.94631576538086
29.957744598388672
30.42116355895996
24.611732482910156
34.94533157348633
26.369070053100586
56.88967514038086
30.148361206054688
49.19650650024414
50.30945587158203
35.967437744140625
25.71926498413086
26.639911651611328
24.2177791595459
38.180572509765625
30.115385055541992
26.124298095703125
30.115385055541992
35.967437744140625
35.967437744140625
28.663257598876953
28.663257598876953
28.436744689941406
28.663257598876953
28.530593872070312
24.28970718383789
33.70301055908203
25.441757202148438
56.064231872558594
127.86724853515625
28.499774932861328
29.074230194091797
28.499774932861328
23.693618774414062
31.565336227416992
139.93116760253906
34.94533157348633
25.848798751831055
25.522754669189453
28.499774932861328
25.727378845214844
31.28950309753418
25.395505905151367
25.395505905151367
24.835052490234375
25.395505905151367
32.94631576538086
24.694988250732422
29.412673950195312
30.283432006835938
34.94533157348633
25.956071853637695
30.148361206054688
24.593908309936523
24.852975845336914
29.426158905029297
27.228717803955078
31.28950309753418
24.960002899169922
25.138586044311523
34.11622619628906
32.94631576538086
25.380035400390625
34.465309143066406
34.94533157348633
31.765872955322266
34.94533157348633
25.50487518310547
25.294174194335938
25.554716110229492
25.294174194335938
24.960002899169922
25.090734481811523
25.49144744873047
25.090734481811523
25.090734481811523
25.090734481811523
25.090734481811523
25.090734481811523
31.635982513427734
25.090734481811523
31.28950309753418
24.989887237548828
25.090734481811523
25.90670394897461
35.967437744140625
26.039234161376953
35.967437744140625
24.43683624267578
25.090734481811523
26.823627471923828
25.090734481811523
25.090734481811523
25.090734481811523
25.49144744873047
25.090734481811523
25.090843200683594
25.090843200683594
25.090843200683594
25.090843200683594
25.090843200683594
25.090843200683594
25.090843200683594
25.090843200683594
25.49148941040039
25.198558807373047
25.090843200683594
24.783199310302734
25.090843200683594
24.755678176879883
25.090843200683594
25.090843200683594
24.949447631835938
25.090843200683594
24.755678176879883
25.49148941040039
31.237960815429688
24.76719856262207
27.15326690673828
24.755678176879883
24.755678176879883
