8.028369903564453
9.752185821533203
19.091724395751953
16.225696563720703
9.967262268066406
12.396316528320312
-0.5755271911621094
17.136594772338867
12.989025115966797
12.014745712280273
4.422534942626953
7.350828170776367
31.97967529296875
-0.4648475646972656
10.733673095703125
14.657245635986328
17.774808883666992
8.327373504638672
7.5647430419921875
11.456024169921875
15.741140365600586
15.127334594726562
10.047500610351562
12.989025115966797
7.867544174194336
-1.725006103515625
12.84157943725586
15.744585037231445
24.03858757019043
8.36362075805664
2.0896987915039062
7.234920501708984
9.068061828613281
10.904474258422852
11.369073867797852
9.662519454956055
12.989025115966797
13.58392333984375
16.40776824951172
42.23370361328125
21.857269287109375
22.671710968017578
15.240119934082031
9.44927978515625
-0.9680328369140625
7.4194183349609375
1.0397834777832031
11.080741882324219
10.275686264038086
16.48825454711914
10.224756240844727
15.426654815673828
19.412832260131836
12.795223236083984
16.335121154785156
7.536449432373047
11.369073867797852
7.234920501708984
18.243175506591797
16.61871910095215
2.2225379943847656
24.385631561279297
11.434844970703125
9.752185821533203
13.236637115478516
11.070991516113281
14.309574127197266
-3.5283889770507812
23.985652923583984
11.369073867797852
12.003166198730469
27.302806854248047
13.073064804077148
9.718179702758789
15.920000076293945
14.552906036376953
7.325218200683594
10.67755126953125
17.867774963378906
6.39361572265625
17.590354919433594
25.997011184692383
18.46848487854004
14.884378433227539
13.236637115478516
18.217453002929688
1.0923042297363281
11.519329071044922
15.296167373657227
15.626300811767578
15.609962463378906
17.136594772338867
13.46816635131836
24.385631561279297
11.683204650878906
21.872356414794922
11.896570205688477
11.434844970703125
15.127334594726562
15.741140365600586
8.636632919311523
3.037158966064453
21.740345001220703
6.723209381103516
19.79311752319336
12.086393356323242
7.455047607421875
12.803302764892578
17.217166900634766
0.20670700073242188
7.5997467041015625
18.217453002929688
9.168943405151367
12.690263748168945
22.504844665527344
15.06295394897461
9.168943405151367
11.086549758911133
13.793811798095703
-1.8837165832519531
16.352678298950195
15.626300811767578
1.3329124450683594
14.625907897949219
10.047500610351562
12.694242477416992
4.262729644775391
15.741140365600586
11.572132110595703
10.918521881103516
5.3422088623046875
0.032413482666015625
9.068061828613281
6.122623443603516
20.850425720214844
10.361845016479492
10.720197677612305
25.88471221923828
6.551082611083984
15.296566009521484
17.70267677307129
4.210803985595703
13.197294235229492
21.872356414794922
16.078285217285156
0.2568168640136719
14.884378433227539
28.419021606445312
5.394187927246094
7.4194183349609375
10.592395782470703
10.047500610351562
10.753240585327148
15.06295394897461
14.429325103759766
11.02386474609375
9.340808868408203
7.536449432373047
2.4466171264648438
8.780754089355469
11.086549758911133
15.62677001953125
7.590049743652344
21.740345001220703
9.992795944213867
-2.4189491271972656
9.38184928894043
13.70822525024414
7.234920501708984
24.385631561279297
7.886138916015625
9.068061828613281
3.505035400390625
17.395740509033203
15.626300811767578
15.636772155761719
8.35110855102539
11.319526672363281
20.425127029418945
2.8972434997558594
14.58439826965332
9.512161254882812
15.685346603393555
15.426654815673828
17.136594772338867
7.993888854980469
19.024675369262695
24.385631561279297
17.067821502685547
17.136594772338867
0.2568168640136719
8.636632919311523
6.726081848144531
3.3519973754882812
9.271385192871094
5.1475677490234375
20.425127029418945
11.54058837890625
11.369073867797852
9.998208999633789
11.369073867797852
16.661439895629883
11.182840347290039
21.740345001220703
12.875049591064453
21.872356414794922
17.136594772338867
10.339481353759766
7.536449432373047
23.42198944091797
9.293678283691406
15.626300811767578
4.507417678833008
17.897663116455078
17.11409568786621
13.007244110107422
12.962432861328125
17.067821502685547
12.54832649230957
9.082996368408203
8.283130645751953
24.385631561279297
11.502342224121094
25.696304321289062
8.276185989379883
13.940311431884766
13.236637115478516
40.29371643066406
18.950374603271484
15.296566009521484
6.120037078857422
11.086549758911133
9.068061828613281
15.544723510742188
-1.8772468566894531
24.710205078125
35.99156188964844
12.378917694091797
9.162372589111328
12.962432861328125
6.630964279174805
7.536449432373047
12.625774383544922
1.3249931335449219
5.550090789794922
13.236637115478516
2.7012367248535156
12.003166198730469
5.307514190673828
2.3226661682128906
-1.8837165832519531
27.650997161865234
7.079006195068359
8.444087982177734
10.403654098510742
8.028369903564453
21.872356414794922
6.723209381103516
8.932443618774414
13.411506652832031
23.42011833190918
11.32955551147461
13.74397087097168
17.897663116455078
13.236637115478516
4.850980758666992
11.62765121459961
18.838701248168945
17.643226623535156
8.995275497436523
12.989025115966797
14.726028442382812
-3.4182777404785156
11.471843719482422
6.723209381103516
13.94105339050293
10.720197677612305
12.880990982055664
16.61871910095215
12.995044708251953
11.369073867797852
16.486862182617188
11.02386474609375
11.436767578125
-0.231231689453125
11.531881332397461
8.028369903564453
7.4194183349609375
12.995044708251953
12.46014404296875
11.182840347290039
10.047500610351562
14.625907897949219
16.078285217285156
9.168943405151367
12.282188415527344
19.92576026916504
12.803302764892578
5.840007781982422
1.5685272216796875
21.0516300201416
16.98369789123535
9.825414657592773
20.764314651489258
9.2410888671875
6.630964279174805
17.395740509033203
16.013324737548828
17.774808883666992
8.36362075805664
7.867544174194336
9.271385192871094
0.2568168640136719
8.636632919311523
11.925863265991211
9.752185821533203
9.168943405151367
6.723209381103516
1.3905067443847656
11.471843719482422
15.426654815673828
10.047500610351562
35.28314971923828
0.9139022827148438
11.02386474609375
12.989025115966797
12.795223236083984
15.942752838134766
17.136594772338867
11.471843719482422
23.693763732910156
10.67755126953125
16.00982093811035
17.774808883666992
9.963199615478516
8.636632919311523
15.27446174621582
10.904474258422852
10.733673095703125
5.244813919067383
12.54832649230957
13.236637115478516
11.896570205688477
19.92576026916504
10.047500610351562
15.640335083007812
13.236637115478516
18.838701248168945
12.82185173034668
9.340808868408203
7.234920501708984
4.507417678833008
14.510978698730469
14.08590316772461
19.803787231445312
11.35866928100586
8.444087982177734
6.723209381103516
23.546184539794922
7.234920501708984
8.636632919311523
23.546184539794922
12.137535095214844
2.9571609497070312
15.214221954345703
24.710205078125
11.02386474609375
22.473690032958984
4.1466217041015625
16.71650505065918
9.36237907409668
17.95245933532715
10.295291900634766
7.234920501708984
39.032875061035156
21.546581268310547
10.553787231445312
10.46807861328125
8.36362075805664
10.333473205566406
5.741006851196289
7.129283905029297
11.369073867797852
13.197294235229492
26.7153263092041
13.520217895507812
27.433975219726562
7.234769821166992
11.682262420654297
13.235801696777344
23.546388626098633
7.922595977783203
5.329986572265625
15.626087188720703
11.023796081542969
20.870223999023438
24.844398498535156
12.317359924316406
7.866460800170898
21.8731746673584
25.500551223754883
24.470014572143555
24.470014572143555
16.841697692871094
16.841697692871094
16.841697692871094
19.883424758911133
27.33211898803711
38.75523376464844
14.545654296875
19.971158981323242
38.277099609375
47.53923797607422
33.15736389160156
24.79900360107422
15.609695434570312
15.549257278442383
17.989395141601562
14.04281234741211
16.410371780395508
16.084421157836914
23.80402374267578
23.80402374267578
14.75408935546875
23.80402374267578
16.722726821899414
15.849611282348633
33.118141174316406
12.32177734375
44.453224182128906
26.389490127563477
11.394004821777344
29.4389705657959
11.356876373291016
6.961101531982422
5.823211669921875
6.022815704345703
-2.6898345947265625
11.47119140625
11.361858367919922
18.146259307861328
5.823211669921875
35.24935531616211
5.823211669921875
24.90114974975586
5.823211669921875
5.823211669921875
5.823211669921875
5.823211669921875
5.823211669921875
5.823211669921875
5.823211669921875
5.823211669921875
5.823211669921875
5.823211669921875
5.823211669921875
5.823211669921875
5.823211669921875
5.823211669921875
5.823211669921875
5.823211669921875
5.823211669921875
5.823211669921875
11.215873718261719
11.555191040039062
11.428817749023438
11.367008209228516
22.63979148864746
11.38570785522461
11.467674255371094
11.461616516113281
34.336307525634766
16.67624855041504
16.67624855041504
12.708309173583984
34.730472564697266
10.9505615234375
11.475044250488281
33.570701599121094
24.021373748779297
-12.367992401123047
-12.367992401123047
70.51913452148438
-12.367992401123047
24.021373748779297
-12.367992401123047
11.382892608642578
7.688468933105469
15.708328247070312
18.464338302612305
29.13738250732422
-12.367992401123047
-12.367992401123047
-12.367992401123047
-12.367992401123047
-12.367992401123047
-12.367992401123047
-12.367992401123047
-12.367992401123047
31.24493408203125
-12.367992401123047
-12.367992401123047
-12.367992401123047
-12.367992401123047
-12.367992401123047
-12.367992401123047
-12.367992401123047
-12.367992401123047
-12.367992401123047
-12.367992401123047
-12.367992401123047
-12.367992401123047
-12.367992401123047
-12.367992401123047
-12.367992401123047
-12.367992401123047
-12.367992401123047
-12.367992401123047
-12.367992401123047
-12.367992401123047
-12.367992401123047
-12.367992401123047
-12.367992401123047
-12.367992401123047
-12.367992401123047
-12.367992401123047
-12.367992401123047
-12.367992401123047
-12.367992401123047
-12.367992401123047
-12.367992401123047
-12.367992401123047
-12.367992401123047
-12.367992401123047
-12.367992401123047
-12.367992401123047
-12.367992401123047
-12.367992401123047
-12.367992401123047
-12.367992401123047
-12.367992401123047
-12.367992401123047
-12.367992401123047
-12.367992401123047
-12.367992401123047
-12.367992401123047
-12.367992401123047
-12.367992401123047
-12.367992401123047
-12.367992401123047
-12.367992401123047
-12.367992401123047
-12.367992401123047
-12.367992401123047
-12.367992401123047
-12.367992401123047
-12.367992401123047
-12.367992401123047
-12.367992401123047
-12.367992401123047
9.594436645507812
6.443027496337891
2.091522216796875
26.710887908935547
18.88011932373047
18.41938018798828
13.698387145996094
18.41938018798828
13.698387145996094
6.635662078857422
5.467525482177734
5.797760009765625
13.688484191894531
0.7263832092285156
11.070072174072266
-1.3059577941894531
3.5364418029785156
6.443027496337891
1.8745574951171875
12.350889205932617
10.793155670166016
11.070072174072266
10.933059692382812
12.350889205932617
12.589561462402344
10.17083740234375
13.160907745361328
5.451450347900391
35.37576675415039
11.070072174072266
5.747047424316406
3.190887451171875
18.41938018798828
13.698387145996094
2.107929229736328
18.41938018798828
13.698387145996094
2.107929229736328
27.434186935424805
10.443532943725586
10.951416015625
-1.5412178039550781
12.350889205932617
10.793155670166016
11.889469146728516
10.443532943725586
10.951416015625
8.769111633300781
10.443532943725586
10.951416015625
8.769111633300781
21.541603088378906
19.608047485351562
19.608047485351562
19.608047485351562
10.333473205566406
10.191940307617188
10.443532943725586
10.951416015625
8.769111633300781
12.350889205932617
10.793155670166016
13.466697692871094
10.443532943725586
10.951416015625
8.769111633300781
10.443532943725586
11.520751953125
10.730276107788086
13.498161315917969
8.780754089355469
6.6863555908203125
6.235858917236328
1.4011688232421875
8.780754089355469
6.6863555908203125
26.29141616821289
16.460174560546875
26.29141616821289
26.29141616821289
16.460174560546875
44.305233001708984
3.2359275817871094
2.7822227478027344
10.370201110839844
10.951416015625
8.769111633300781
1.3015480041503906
11.897285461425781
9.486984252929688
11.897285461425781
30.83698272705078
14.842100143432617
12.62156867980957
8.241714477539062
14.842100143432617
12.62156867980957
14.842100143432617
6.133060455322266
7.673234939575195
12.032379150390625
10.265493392944336
3.793018341064453
10.735469818115234
8.526573181152344
12.583900451660156
10.51947021484375
11.225061416625977
10.51947021484375
16.381649017333984
14.524116516113281
16.381649017333984
10.88039779663086
12.082319259643555
10.88039779663086
7.900318145751953
7.181644439697266
7.900318145751953
8.780754089355469
6.6863555908203125
-0.2885780334472656
19.310470581054688
42.76427459716797
14.378767013549805
21.244144439697266
14.378767013549805
3.0153961181640625
2.9947433471679688
0.24918365478515625
10.9910888671875
10.873689651489258
13.282852172851562
14.842100143432617
12.62156867980957
15.452880859375
11.609855651855469
14.812793731689453
9.345071792602539
-0.6861190795898438
9.415454864501953
1.3755874633789062
2.6496505737304688
10.42782974243164
11.194183349609375
17.667842864990234
10.665481567382812
25.396623611450195
10.962600708007812
12.809638977050781
4.069190979003906
5.653877258300781
0.6428871154785156
9.434452056884766
7.074192047119141
12.169866561889648
8.803722381591797
12.169866561889648
10.53265380859375
0.8198890686035156
16.839195251464844
14.33755874633789
13.302680969238281
2.2041778564453125
11.157852172851562
17.25758934020996
14.828983306884766
16.842578887939453
0.3867149353027344
15.68836784362793
12.348522186279297
15.68836784362793
7.500598907470703
14.30929183959961
10.907890319824219
14.30929183959961
14.30929183959961
10.907890319824219
15.969587326049805
15.631832122802734
15.969587326049805
14.30929183959961
10.907890319824219
14.30929183959961
9.412210464477539
12.483867645263672
10.617439270019531
14.30929183959961
10.907890319824219
7.628681182861328
14.30929183959961
10.907890319824219
14.30929183959961
24.254478454589844
10.061500549316406
24.254478454589844
14.30929183959961
10.907890319824219
14.30929183959961
10.907890319824219
14.30929183959961
8.715919494628906
10.7265625
8.574512481689453
8.922454833984375
23.09787940979004
13.81313705444336
13.055191040039062
-0.38655853271484375
9.787113189697266
3.91485595703125
16.748931884765625
11.20083236694336
13.836040496826172
11.20083236694336
21.601673126220703
16.61871910095215
21.601673126220703
12.840351104736328
10.532180786132812
12.840351104736328
6.924701690673828
19.432785034179688
-1.091278076171875
9.89699935913086
18.451217651367188
9.89699935913086
15.28207015991211
14.30929183959961
10.907890319824219
18.41938018798828
13.698387145996094
17.19680404663086
14.30929183959961
10.907890319824219
12.840351104736328
10.532180786132812
12.840351104736328
40.43362045288086
11.683204650878906
7.370182037353516
11.683204650878906
7.673234939575195
12.032379150390625
10.265493392944336
1.7774620056152344
11.683204650878906
7.370182037353516
11.683204650878906
11.683204650878906
7.370182037353516
14.30929183959961
10.907890319824219
4.278282165527344
9.734970092773438
12.706876754760742
22.391677856445312
12.70681381225586
0.16694259643554688
3.56488037109375
11.19974136352539
13.834041595458984
49.129241943359375
27.963022232055664
11.475044250488281
15.30657958984375
10.9505615234375
85.8255844116211
26.469953536987305
37.951210021972656
15.021055221557617
3.3486785888671875
16.299942016601562
5.690046310424805
9.353849411010742
17.862396240234375
18.374130249023438
17.95934295654297
19.236927032470703
17.579395294189453
20.103065490722656
10.872331619262695
6.41021728515625
9.353849411010742
6.978496551513672
12.311538696289062
21.955785751342773
17.481822967529297
10.562618255615234
15.021055221557617
5.338581085205078
15.021055221557617
8.546215057373047
3.496438980102539
15.021055221557617
12.999588012695312
17.598541259765625
3.9886741638183594
14.784687042236328
5.759830474853516
23.692398071289062
11.402210235595703
75.50895690917969
79.3227767944336
17.481822967529297
4.831764221191406
6.129322052001953
3.334320068359375
19.57416534423828
6.978496551513672
5.392738342285156
6.978496551513672
17.481822967529297
17.481822967529297
13.78355598449707
13.78355598449707
12.514043807983398
13.78355598449707
8.197942733764648
2.6219825744628906
17.95934295654297
3.0041236877441406
52.609859466552734
70.16067504882812
9.353849411010742
12.092947006225586
9.353849411010742
1.571502685546875
20.768529891967773
41.10723876953125
14.784687042236328
5.374761581420898
3.9541473388671875
9.353849411010742
7.730609893798828
12.311538696289062
-0.13460922241210938
-0.13460922241210938
-0.9009857177734375
-0.13460922241210938
15.021055221557617
0.6399116516113281
10.32316780090332
12.15772819519043
14.784687042236328
5.994182586669922
11.402210235595703
2.8758506774902344
2.4748077392578125
17.862396240234375
7.710100173950195
12.311538696289062
-0.26538848876953125
4.2326507568359375
21.908817291259766
15.021055221557617
5.258369445800781
31.321102142333984
14.784687042236328
14.545654296875
14.784687042236328
5.610877990722656
3.8482589721679688
2.718494415283203
3.8482589721679688
-0.26538848876953125
-0.5094108581542969
2.441272735595703
-0.5094108581542969
-0.5094108581542969
-0.5094108581542969
-0.5094108581542969
-0.5094108581542969
13.244150161743164
-0.5094108581542969
12.311538696289062
-0.24560546875
-0.5094108581542969
7.579408645629883
17.481822967529297
6.811250686645508
17.481822967529297
4.264320373535156
-0.5094108581542969
10.221973419189453
-0.5094108581542969
-0.5094108581542969
-0.5094108581542969
2.441272735595703
-0.5094108581542969
-0.5085983276367188
-0.5085983276367188
-0.5085983276367188
-0.5085983276367188
-0.5085983276367188
-0.5085983276367188
-0.5085983276367188
-0.5085983276367188
2.441680908203125
6.177936553955078
-0.5085983276367188
3.2647666931152344
-0.5085983276367188
2.890705108642578
-0.5085983276367188
-0.5085983276367188
3.413959503173828
-0.5085983276367188
2.890705108642578
2.441680908203125
16.480003356933594
2.2133865356445312
9.139167785644531
2.890705108642578
2.890705108642578
