19.35198974609375
21.463611602783203
25.561595916748047
24.234783172607422
20.811599731445312
22.77853012084961
11.967670440673828
29.273834228515625
22.588573455810547
22.419700622558594
14.537467956542969
17.420156478881836
37.103965759277344
11.32204818725586
21.096065521240234
23.924659729003906
24.96578598022461
19.875385284423828
16.71639633178711
21.52579116821289
26.470943450927734
25.228229522705078
23.26936912536621
22.588573455810547
18.56507682800293
12.119380950927734
19.001697540283203
26.562992095947266
28.35240936279297
18.75718879699707
13.088512420654297
19.103914260864258
20.662046432495117
21.02324104309082
21.14497184753418
19.39666748046875
22.588573455810547
21.197296142578125
24.39484214782715
49.19074249267578
25.280555725097656
28.485092163085938
21.7864990234375
17.81342887878418
12.66019058227539
17.014368057250977
13.527303695678711
19.954526901245117
20.226837158203125
23.23421859741211
20.638751983642578
26.121824264526367
27.436019897460938
22.723308563232422
25.288515090942383
17.68259048461914
21.14497184753418
19.103914260864258
26.73717498779297
28.365800857543945
12.704572677612305
31.407062530517578
21.623865127563477
21.463611602783203
24.48821258544922
21.49748992919922
24.810447692871094
9.839609146118164
29.39825439453125
21.14497184753418
22.061511993408203
36.5434684753418
24.245128631591797
19.953927993774414
24.377696990966797
23.240890502929688
15.572349548339844
20.972537994384766
26.082242965698242
16.339523315429688
26.25762939453125
30.416690826416016
28.99620246887207
23.77079963684082
24.48821258544922
25.691251754760742
12.113239288330078
21.4495849609375
26.466562271118164
25.68004608154297
23.312227249145508
29.273834228515625
23.888654708862305
31.407062530517578
24.44406509399414
27.365568161010742
22.53988265991211
21.623865127563477
25.228229522705078
26.470943450927734
20.229520797729492
14.988338470458984
28.588184356689453
18.205900192260742
29.238033294677734
22.23055648803711
17.8864688873291
21.829357147216797
25.659700393676758
13.600051879882812
17.417232513427734
25.691251754760742
19.507692337036133
21.419191360473633
29.823217391967773
24.67868995666504
19.507692337036133
21.451644897460938
20.458555221557617
11.194881439208984
26.908411026000977
25.68004608154297
13.820396423339844
22.812042236328125
23.26936912536621
24.49913215637207
14.95681381225586
26.470943450927734
21.65772819519043
20.132747650146484
16.539003372192383
11.418315887451172
20.662046432495117
15.499860763549805
28.08209991455078
20.78158187866211
20.765575408935547
29.645423889160156
17.386436462402344
22.808462142944336
26.089452743530273
14.583610534667969
23.696168899536133
27.365568161010742
24.992069244384766
12.630447387695312
23.77079963684082
37.24835205078125
17.240375518798828
17.014368057250977
20.67374038696289
23.26936912536621
21.22646713256836
24.67868995666504
24.18965721130371
22.06901741027832
19.818355560302734
17.68259048461914
14.086494445800781
18.981285095214844
21.451644897460938
24.08015251159668
19.742149353027344
28.588184356689453
20.001331329345703
10.858766555786133
18.976024627685547
22.45145034790039
19.103914260864258
31.407062530517578
18.13689422607422
20.662046432495117
15.229913711547852
26.832494735717773
25.68004608154297
25.066085815429688
20.015453338623047
20.55789566040039
29.46576499938965
14.57745361328125
24.522899627685547
19.494800567626953
25.23415184020996
26.121824264526367
29.273834228515625
14.837167739868164
30.019664764404297
31.407062530517578
26.848003387451172
29.273834228515625
12.630447387695312
20.229520797729492
16.152477264404297
14.008184432983398
19.794527053833008
14.775308609008789
29.46576499938965
21.55387306213379
21.14497184753418
21.653106689453125
21.14497184753418
23.089792251586914
20.934873580932617
28.588184356689453
23.343204498291016
27.365568161010742
29.273834228515625
17.853076934814453
17.68259048461914
35.052982330322266
19.199777603149414
25.68004608154297
16.21467399597168
23.978252410888672
26.910480499267578
22.104368209838867
24.238374710083008
26.848003387451172
23.069053649902344
21.123258590698242
18.36322784423828
31.407062530517578
21.384387969970703
28.134130477905273
17.993629455566406
25.321191787719727
24.48821258544922
44.170589447021484
24.74863624572754
22.808462142944336
17.756717681884766
21.451644897460938
20.662046432495117
24.84690284729004
10.452150344848633
27.482593536376953
39.743160247802734
23.03012466430664
19.659807205200195
24.238374710083008
18.195892333984375
17.68259048461914
25.485549926757812
12.781900405883789
16.055917739868164
24.48821258544922
13.671646118164062
22.061511993408203
14.235443115234375
13.43572998046875
11.194881439208984
32.953006744384766
17.490184783935547
18.774267196655273
20.356008529663086
19.35198974609375
27.365568161010742
18.205900192260742
21.143930435180664
23.08976936340332
30.34559440612793
21.571409225463867
21.638872146606445
23.978252410888672
24.48821258544922
15.62701416015625
22.056684494018555
26.129512786865234
24.24322509765625
18.732255935668945
22.588573455810547
24.69295310974121
10.284400939941406
19.87734603881836
18.205900192260742
22.07614517211914
20.765575408935547
21.668962478637695
28.365800857543945
21.552932739257812
21.14497184753418
26.091115951538086
22.06901741027832
18.019493103027344
13.228099822998047
19.892826080322266
19.35198974609375
17.014368057250977
21.552932739257812
22.63187599182129
20.934873580932617
23.26936912536621
22.812042236328125
24.992069244384766
19.507692337036133
21.956594467163086
26.72244644165039
21.829357147216797
16.608964920043945
13.562652587890625
29.505756378173828
23.466712951660156
19.78631591796875
26.03825569152832
19.023761749267578
18.195892333984375
26.832494735717773
25.950855255126953
24.96578598022461
18.75718879699707
18.56507682800293
19.794527053833008
12.630447387695312
20.229520797729492
22.648073196411133
21.463611602783203
19.507692337036133
18.205900192260742
11.478899002075195
19.87734603881836
26.121824264526367
23.26936912536621
26.425090789794922
12.508159637451172
22.06901741027832
22.588573455810547
22.723308563232422
23.535114288330078
29.273834228515625
19.87734603881836
28.37228012084961
20.972537994384766
25.383546829223633
24.96578598022461
18.386760711669922
20.229520797729492
23.535804748535156
21.02324104309082
21.096065521240234
15.665594100952148
23.069053649902344
24.48821258544922
22.53988265991211
26.72244644165039
23.26936912536621
24.919132232666016
24.48821258544922
26.129512786865234
21.7614688873291
19.818355560302734
19.103914260864258
16.21467399597168
24.31110191345215
22.396751403808594
28.28497314453125
19.4608154296875
18.774267196655273
18.205900192260742
30.26953125
19.103914260864258
20.229520797729492
30.26953125
22.485233306884766
13.999582290649414
25.049564361572266
27.482593536376953
22.06901741027832
30.84245491027832
14.099210739135742
26.44803237915039
21.433143615722656
27.545461654663086
19.77179718017578
19.103914260864258
42.12457275390625
30.361141204833984
19.79610824584961
19.251873016357422
18.75718879699707
20.308849334716797
15.142372131347656
19.13377571105957
21.14497184753418
23.696168899536133
32.317291259765625
25.454179763793945
36.28033447265625
19.10366439819336
24.443544387817383
24.48815155029297
30.269329071044922
19.76020622253418
14.048873901367188
25.680143356323242
22.069107055664062
29.734115600585938
32.971805572509766
21.097946166992188
18.564559936523438
27.366090774536133
32.569129943847656
28.022541046142578
28.022541046142578
27.485790252685547
27.485790252685547
27.485790252685547
28.351078033447266
35.232398986816406
55.56306838989258
24.177318572998047
27.205265045166016
38.5954475402832
41.39759826660156
47.005733489990234
33.909420013427734
26.16123390197754
26.179887771606445
27.758636474609375
25.003345489501953
27.23029899597168
26.72997283935547
31.966825485229492
31.966825485229492
25.554351806640625
31.966825485229492
26.107851028442383
26.870222091674805
39.73304748535156
22.729324340820312
48.71250915527344
31.722251892089844
21.90178680419922
37.70558547973633
21.867326736450195
22.010669708251953
21.126548767089844
21.213909149169922
10.950580596923828
21.176042556762695
21.861263275146484
29.029212951660156
21.126548767089844
40.83939743041992
21.126548767089844
34.03430938720703
21.126548767089844
21.126548767089844
21.126548767089844
21.126548767089844
21.126548767089844
21.126548767089844
21.126548767089844
21.126548767089844
21.126548767089844
21.126548767089844
21.126548767089844
21.126548767089844
21.126548767089844
21.126548767089844
21.126548767089844
21.126548767089844
21.126548767089844
21.126548767089844
21.700519561767578
21.952049255371094
21.856918334960938
21.882543563842773
29.412208557128906
21.815988540649414
21.97801399230957
21.97629737854004
36.483272552490234
24.191158294677734
24.191158294677734
23.347267150878906
38.87154006958008
22.396709442138672
21.869178771972656
36.95333480834961
32.842247009277344
6.326936721801758
6.326936721801758
58.850555419921875
6.326936721801758
32.842247009277344
6.326936721801758
21.700748443603516
19.247886657714844
25.349136352539062
24.252180099487305
31.528911590576172
6.326936721801758
6.326936721801758
6.326936721801758
6.326936721801758
6.326936721801758
6.326936721801758
6.326936721801758
6.326936721801758
40.58302307128906
6.326936721801758
6.326936721801758
6.326936721801758
6.326936721801758
6.326936721801758
6.326936721801758
6.326936721801758
6.326936721801758
6.326936721801758
6.326936721801758
6.326936721801758
6.326936721801758
6.326936721801758
6.326936721801758
6.326936721801758
6.326936721801758
6.326936721801758
6.326936721801758
6.326936721801758
6.326936721801758
6.326936721801758
6.326936721801758
6.326936721801758
6.326936721801758
6.326936721801758
6.326936721801758
6.326936721801758
6.326936721801758
6.326936721801758
6.326936721801758
6.326936721801758
6.326936721801758
6.326936721801758
6.326936721801758
6.326936721801758
6.326936721801758
6.326936721801758
6.326936721801758
6.326936721801758
6.326936721801758
6.326936721801758
6.326936721801758
6.326936721801758
6.326936721801758
6.326936721801758
6.326936721801758
6.326936721801758
6.326936721801758
6.326936721801758
6.326936721801758
6.326936721801758
6.326936721801758
6.326936721801758
6.326936721801758
6.326936721801758
6.326936721801758
6.326936721801758
6.326936721801758
6.326936721801758
6.326936721801758
19.356050491333008
17.089330673217773
13.153356552124023
35.87012481689453
27.599994659423828
28.42043113708496
25.06138801574707
28.42043113708496
25.06138801574707
15.961315155029297
14.544715881347656
14.050458908081055
20.176362991333008
13.472448348999023
22.061023712158203
11.156335830688477
13.810592651367188
17.089330673217773
13.08840560913086
22.2974853515625
20.459733963012695
22.061023712158203
19.273963928222656
22.2974853515625
20.144542694091797
20.286527633666992
21.575218200683594
15.769390106201172
36.659156799316406
22.061023712158203
16.469772338867188
13.958675384521484
28.42043113708496
25.06138801574707
15.870819091796875
28.42043113708496
25.06138801574707
15.870819091796875
29.82756996154785
19.57406234741211
19.979646682739258
11.585002899169922
22.2974853515625
20.459733963012695
21.119680404663086
19.57406234741211
19.979646682739258
20.85388946533203
19.57406234741211
19.979646682739258
20.85388946533203
28.808591842651367
24.78814125061035
24.78814125061035
24.78814125061035
20.308849334716797
20.258243560791016
19.57406234741211
19.979646682739258
20.85388946533203
22.2974853515625
20.459733963012695
21.52750587463379
19.57406234741211
19.979646682739258
20.85388946533203
19.57406234741211
21.342853546142578
20.507837295532227
22.163442611694336
18.981285095214844
17.952850341796875
17.561115264892578
12.393974304199219
18.981285095214844
17.952850341796875
33.82240295410156
29.319732666015625
33.82240295410156
33.82240295410156
29.319732666015625
50.91788864135742
15.404850006103516
13.93406867980957
19.382417678833008
19.979646682739258
20.85388946533203
12.409605026245117
20.904115676879883
18.504453659057617
20.904115676879883
23.616928100585938
25.355735778808594
22.6343994140625
20.14825439453125
25.355735778808594
22.6343994140625
25.355735778808594
18.26476287841797
18.364879608154297
21.839569091796875
20.12836456298828
14.54913330078125
20.22368621826172
18.88471031188965
21.726959228515625
20.119766235351562
20.030223846435547
20.119766235351562
25.096044540405273
23.423871994018555
25.096044540405273
20.445228576660156
20.341150283813477
20.445228576660156
19.299480438232422
19.022197723388672
19.299480438232422
18.981285095214844
17.952850341796875
11.18551254272461
25.41885757446289
48.55207824707031
25.8283634185791
31.488122940063477
25.8283634185791
12.919837951660156
15.459478378295898
12.231937408447266
19.924345016479492
21.265335083007812
22.202653884887695
25.355735778808594
22.6343994140625
25.65951919555664
21.83678436279297
25.975698471069336
19.45185661315918
11.511226654052734
18.347980499267578
12.88654899597168
13.448583602905273
20.495237350463867
20.617162704467773
25.62505340576172
21.199134826660156
31.87950897216797
21.75839614868164
22.75904083251953
14.838401794433594
14.92170524597168
12.098991394042969
18.936710357666016
16.687456130981445
22.127586364746094
19.01611328125
22.127586364746094
21.536609649658203
12.002845764160156
25.451589584350586
22.87462615966797
22.264198303222656
12.90618896484375
19.2066707611084
25.334877014160156
23.993572235107422
21.0986328125
11.49365234375
25.074054718017578
21.115310668945312
25.074054718017578
16.19216537475586
22.77533721923828
20.80926513671875
22.77533721923828
22.77533721923828
20.80926513671875
25.964885711669922
26.038562774658203
25.964885711669922
22.77533721923828
20.80926513671875
22.77533721923828
19.429086685180664
22.710607528686523
20.947246551513672
22.77533721923828
20.80926513671875
16.518739700317383
22.77533721923828
20.80926513671875
22.77533721923828
32.084999084472656
17.72854232788086
32.084999084472656
22.77533721923828
20.80926513671875
22.77533721923828
20.80926513671875
22.77533721923828
17.359176635742188
19.570756912231445
18.068519592285156
18.64620590209961
31.654083251953125
24.442359924316406
22.971622467041016
11.203901290893555
19.46761703491211
13.898269653320312
27.86631965637207
23.967893600463867
24.131967544555664
23.967893600463867
29.51006507873535
28.365800857543945
29.51006507873535
22.910686492919922
20.304264068603516
22.910686492919922
18.06513214111328
24.881290435791016
10.958532333374023
20.363941192626953
27.995018005371094
20.363941192626953
20.19561767578125
22.77533721923828
20.80926513671875
28.42043113708496
25.06138801574707
24.277385711669922
22.77533721923828
20.80926513671875
22.910686492919922
20.304264068603516
22.910686492919922
65.09194946289062
24.44406509399414
19.018768310546875
24.44406509399414
18.364879608154297
21.839569091796875
20.12836456298828
12.69438362121582
24.44406509399414
19.018768310546875
24.44406509399414
24.44406509399414
19.018768310546875
22.77533721923828
20.80926513671875
15.236700057983398
20.642337799072266
21.79738426208496
26.753629684448242
21.797382354736328
12.573230743408203
13.430671691894531
23.966514587402344
24.131019592285156
49.62097930908203
27.349273681640625
21.869178771972656
20.39806365966797
22.396709442138672
75.71322631835938
32.5797119140625
40.458248138427734
23.91671371459961
14.514394760131836
24.24048614501953
15.665725708007812
19.564327239990234
24.33977508544922
26.805110931396484
26.79281234741211
28.03707504272461
26.253036499023438
28.94900894165039
21.213294982910156
16.969696044921875
19.564327239990234
18.911643981933594
22.29723358154297
28.837627410888672
27.08939552307129
20.258209228515625
23.91671371459961
16.24510955810547
23.91671371459961
18.72076416015625
14.455961227416992
23.91671371459961
22.8383846282959
24.159109115600586
14.326194763183594
26.502883911132812
16.50799560546875
40.26062774658203
21.812353134155273
61.086875915527344
63.79557800292969
27.08939552307129
15.77421760559082
17.0505428314209
13.886451721191406
28.14809226989746
18.911643981933594
16.483619689941406
18.911643981933594
27.08939552307129
27.08939552307129
23.291831970214844
23.291831970214844
21.66568946838379
23.291831970214844
19.196123123168945
13.497312545776367
26.79281234741211
14.931642532348633
56.271026611328125
92.6716537475586
19.564327239990234
22.02997398376465
19.564327239990234
12.642656326293945
28.218488693237305
76.36215209960938
26.502883911132812
16.120216369628906
15.256792068481445
19.564327239990234
17.652925491333008
22.29723358154297
13.126523971557617
13.126523971557617
12.354316711425781
13.126523971557617
23.91671371459961
13.008337020874023
21.112375259399414
22.430431365966797
26.502883911132812
16.949613571166992
21.812353134155273
13.704452514648438
14.194356918334961
24.33977508544922
17.804149627685547
22.29723358154297
12.740602493286133
15.030281066894531
30.589248657226562
23.91671371459961
16.080135345458984
35.85480499267578
26.502883911132812
24.177318572998047
26.502883911132812
15.872810363769531
14.894372940063477
14.635103225708008
14.894372940063477
12.740602493286133
12.731201171875
14.468059539794922
12.731201171875
12.731201171875
12.731201171875
12.731201171875
12.731201171875
23.131290435791016
12.731201171875
22.29723358154297
12.822237014770508
12.731201171875
17.89791488647461
27.08939552307129
17.178287506103516
27.08939552307129
14.712373733520508
12.731201171875
19.978090286254883
12.731201171875
12.731201171875
12.731201171875
14.468059539794922
12.731201171875
12.731597900390625
12.731597900390625
12.731597900390625
12.731597900390625
12.731597900390625
12.731597900390625
12.731597900390625
12.731597900390625
14.46844482421875
15.925884246826172
12.731597900390625
14.71712875366211
12.731597900390625
14.629560470581055
12.731597900390625
12.731597900390625
14.858409881591797
12.731597900390625
14.629560470581055
14.46844482421875
25.579906463623047
14.251167297363281
18.53068733215332
14.629560470581055
14.629560470581055
