14.720405578613281
16.663040161132812
22.742630004882812
20.879474639892578
16.52458381652832
18.36376953125
6.697574615478516
24.94285011291504
18.653423309326172
18.307601928710938
10.33993148803711
13.433794021606445
35.92012023925781
6.2406158447265625
16.834178924560547
20.23072052001953
21.50442886352539
14.86782455444336
13.291755676269531
17.219554901123047
22.292346954345703
21.33681869506836
17.767921447753906
18.653423309326172
14.251108169555664
6.516628265380859
16.552074432373047
22.388385772705078
26.38857078552246
14.650901794433594
8.434501647949219
14.260583877563477
15.845907211303711
16.864093780517578
17.128089904785156
15.468921661376953
18.653423309326172
19.1468505859375
21.136289596557617
47.52794647216797
23.891733169555664
26.22768783569336
18.52561378479004
14.44192886352539
7.287775039672852
13.086662292480469
8.384712219238281
16.390819549560547
16.125972747802734
19.75743865966797
16.43143653869629
22.008695602416992
24.308021545410156
18.598291397094727
21.861438751220703
13.661148071289062
17.128089904785156
14.260583877563477
23.58794403076172
23.40363311767578
8.102092742919922
28.45988655090332
17.39802360534668
16.663040161132812
19.95470428466797
17.324562072753906
20.6540470123291
3.8281936645507812
26.818370819091797
17.128089904785156
17.505321502685547
32.772518157958984
19.395126342773438
15.56097412109375
20.796072006225586
19.705902099609375
11.478771209716797
16.84014892578125
22.677337646484375
13.166210174560547
22.734783172607422
28.396196365356445
24.76338768005371
20.27252960205078
19.95470428466797
22.688644409179688
7.441890716552734
17.463844299316406
21.89237403869629
21.74735450744629
19.54281234741211
24.94285011291504
19.69147300720215
28.45988655090332
18.98004150390625
25.55138397216797
17.750553131103516
17.39802360534668
21.33681869506836
22.292346954345703
15.550056457519531
10.312789916992188
25.786075592041016
13.410030364990234
25.504507064819336
18.060094833374023
13.758930206298828
18.055688858032227
22.551496505737305
8.308557510375977
12.527355194091797
22.688644409179688
15.387275695800781
17.99529266357422
26.4714298248291
20.71246910095215
15.387275695800781
17.360591888427734
17.880773544311523
5.7792816162109375
22.757572174072266
21.74735450744629
8.602249145507812
19.519283294677734
17.767921447753906
19.231548309326172
10.468982696533203
22.292346954345703
17.5526123046875
16.231897354125977
11.810150146484375
6.608320236206055
15.845907211303711
11.468025207519531
25.566390991210938
16.582380294799805
16.67465591430664
28.05077362060547
12.613176345825195
19.782577514648438
22.482425689697266
10.224096298217773
19.400856018066406
25.55138397216797
21.19414520263672
7.433980941772461
20.27252960205078
32.598472595214844
12.253597259521484
13.086662292480469
16.6927490234375
17.767921447753906
17.121475219726562
20.71246910095215
20.289661407470703
17.305221557617188
15.641145706176758
13.661148071289062
9.43266487121582
14.855815887451172
17.360591888427734
20.57486343383789
14.738662719726562
25.786075592041016
15.815925598144531
5.18168830871582
15.066474914550781
18.85220718383789
14.260583877563477
28.45988655090332
13.890510559082031
15.845907211303711
10.678190231323242
23.337570190429688
21.74735450744629
21.298532485961914
15.172727584838867
17.17172622680664
25.72562026977539
9.640817642211914
20.605018615722656
15.307304382324219
21.41788101196289
22.008695602416992
24.94285011291504
10.833314895629883
25.27387237548828
28.45988655090332
22.938434600830078
24.94285011291504
7.433980941772461
15.550056457519531
12.39181900024414
9.362934112548828
15.495809555053711
10.778573989868164
25.72562026977539
17.362998962402344
17.128089904785156
16.849206924438477
17.128089904785156
20.724252700805664
16.759252548217773
25.786075592041016
19.234657287597656
25.55138397216797
24.94285011291504
13.99383544921875
13.661148071289062
28.889171600341797
14.984283447265625
21.74735450744629
11.266073226928711
21.310550689697266
22.928544998168945
18.458049774169922
19.72808074951172
22.938434600830078
18.78907585144043
16.237850189208984
14.431774139404297
28.45988655090332
16.9416446685791
27.755233764648438
14.03636360168457
20.39834213256836
19.95470428466797
41.11625671386719
22.60968017578125
19.782577514648438
13.046199798583984
17.360591888427734
15.845907211303711
21.083621978759766
5.176612854003906
26.710289001464844
38.643550872802734
18.456336975097656
15.355951309204102
19.72808074951172
13.380935668945312
13.661148071289062
20.221172332763672
7.886157989501953
11.755558013916016
19.95470428466797
9.157466888427734
17.505321502685547
10.795570373535156
8.698921203613281
5.7792816162109375
31.39670753479004
13.209028244018555
14.550540924072266
16.483463287353516
14.720405578613281
25.55138397216797
13.410030364990234
16.02532196044922
19.13067626953125
27.36083221435547
17.18376922607422
18.558589935302734
21.310550689697266
19.95470428466797
11.021717071533203
17.78894805908203
22.828258514404297
21.593671798706055
14.851432800292969
18.653423309326172
20.820947647094727
4.552059173583984
16.427135467529297
13.410030364990234
18.569473266601562
16.67465591430664
18.090036392211914
23.40363311767578
18.015155792236328
17.128089904785156
22.174070358276367
17.305221557617188
14.894506454467773
7.781198501586914
16.532669067382812
14.720405578613281
13.086662292480469
18.015155792236328
18.45178985595703
16.759252548217773
17.767921447753906
19.519283294677734
21.19414520263672
15.387275695800781
18.008283615112305
23.705608367919922
18.055688858032227
12.163707733154297
8.64215087890625
26.08135414123535
20.611310958862305
15.69400405883789
23.326921463012695
15.254894256591797
13.380935668945312
23.337570190429688
21.261714935302734
21.50442886352539
14.650901794433594
14.251108169555664
15.495809555053711
7.433980941772461
15.550056457519531
18.152204513549805
16.663040161132812
15.387275695800781
13.410030364990234
7.166303634643555
16.427135467529297
22.008695602416992
17.767921447753906
27.997264862060547
7.659631729125977
17.305221557617188
18.653423309326172
18.598291397094727
20.801002502441406
24.94285011291504
16.427135467529297
26.128284454345703
16.84014892578125
21.471033096313477
21.50442886352539
14.921674728393555
15.550056457519531
19.903072357177734
16.864093780517578
16.834178924560547
11.207244873046875
18.78907585144043
19.95470428466797
17.750553131103516
23.705608367919922
17.767921447753906
21.13302993774414
19.95470428466797
22.828258514404297
18.05105972290039
15.641145706176758
14.260583877563477
11.266073226928711
20.22972869873047
18.90540313720703
24.052303314208984
16.24032974243164
14.550540924072266
13.410030364990234
27.233234405517578
14.260583877563477
15.550056457519531
27.233234405517578
18.199520111083984
9.355558395385742
21.128326416015625
26.710289001464844
17.305221557617188
27.060665130615234
9.831457138061523
22.551830291748047
16.468486785888672
23.739768981933594
15.853252410888672
14.260583877563477
41.51835632324219
26.795337677001953
16.216625213623047
15.813762664794922
14.650901794433594
16.07042121887207
11.292121887207031
14.172439575195312
17.128089904785156
19.400856018066406
30.300857543945312
20.706562042236328
33.1543083190918
14.260374069213867
18.979509353637695
19.954425811767578
27.233125686645508
14.81509017944336
10.256572723388672
21.747344970703125
17.305217742919922
26.224010467529297
29.839740753173828
17.005107879638672
14.250335693359375
25.552001953125
29.590709686279297
26.66967010498047
26.66967010498047
22.910030364990234
22.910030364990234
22.910030364990234
25.121366500854492
32.19301223754883
48.97691345214844
20.06951332092285
22.99806785583496
37.114410400390625
43.1753044128418
40.33928298950195
29.918426513671875
21.86177635192871
21.961881637573242
24.07510757446289
20.422712326049805
22.902921676635742
22.3405704498291
29.07259750366211
29.07259750366211
21.242727279663086
29.07259750366211
22.503498077392578
22.548938751220703
38.40467834472656
18.597270965576172
47.366329193115234
28.703765869140625
17.66781997680664
35.287174224853516
17.64895248413086
16.223526000976562
15.531909942626953
15.537193298339844
5.082923889160156
17.55188751220703
17.627727508544922
21.40085220336914
15.531909942626953
40.175559997558594
15.531909942626953
31.089767456054688
15.531909942626953
15.531909942626953
15.531909942626953
15.531909942626953
15.531909942626953
15.531909942626953
15.531909942626953
15.531909942626953
15.531909942626953
15.531909942626953
15.531909942626953
15.531909942626953
15.531909942626953
15.531909942626953
15.531909942626953
15.531909942626953
15.531909942626953
15.531909942626953
17.500919342041016
17.69190788269043
17.566509246826172
17.67120361328125
25.18844985961914
17.53173828125
17.797086715698242
17.74508285522461
35.71013259887695
21.22631072998047
21.22631072998047
19.415878295898438
37.53408432006836
17.645936965942383
17.17879867553711
35.52589416503906
29.188983917236328
-1.648345947265625
-1.648345947265625
61.727943420410156
-1.648345947265625
29.188983917236328
-1.648345947265625
17.806392669677734
14.77743148803711
21.97899627685547
22.32611083984375
30.026649475097656
-1.648345947265625
-1.648345947265625
-1.648345947265625
-1.648345947265625
-1.648345947265625
-1.648345947265625
-1.648345947265625
-1.648345947265625
37.12364196777344
-1.648345947265625
-1.648345947265625
-1.648345947265625
-1.648345947265625
-1.648345947265625
-1.648345947265625
-1.648345947265625
-1.648345947265625
-1.648345947265625
-1.648345947265625
-1.648345947265625
-1.648345947265625
-1.648345947265625
-1.648345947265625
-1.648345947265625
-1.648345947265625
-1.648345947265625
-1.648345947265625
-1.648345947265625
-1.648345947265625
-1.648345947265625
-1.648345947265625
-1.648345947265625
-1.648345947265625
-1.648345947265625
-1.648345947265625
-1.648345947265625
-1.648345947265625
-1.648345947265625
-1.648345947265625
-1.648345947265625
-1.648345947265625
-1.648345947265625
-1.648345947265625
-1.648345947265625
-1.648345947265625
-1.648345947265625
-1.648345947265625
-1.648345947265625
-1.648345947265625
-1.648345947265625
-1.648345947265625
-1.648345947265625
-1.648345947265625
-1.648345947265625
-1.648345947265625
-1.648345947265625
-1.648345947265625
-1.648345947265625
-1.648345947265625
-1.648345947265625
-1.648345947265625
-1.648345947265625
-1.648345947265625
-1.648345947265625
-1.648345947265625
-1.648345947265625
-1.648345947265625
-1.648345947265625
-1.648345947265625
15.579916000366211
12.749908447265625
8.431510925292969
33.006805419921875
23.988847732543945
24.528457641601562
20.67473602294922
24.528457641601562
20.67473602294922
11.449092864990234
10.210197448730469
10.119178771972656
15.974077224731445
8.137710571289062
17.54875946044922
5.823871612548828
9.454614639282227
12.749908447265625
8.337432861328125
18.40221405029297
16.628286361694336
17.54875946044922
16.337970733642578
18.40221405029297
17.27163314819336
16.22882843017578
18.288009643554688
11.316726684570312
35.62749481201172
17.54875946044922
12.396862030029297
9.500308990478516
24.528457641601562
20.67473602294922
10.381488800048828
24.528457641601562
20.67473602294922
10.381488800048828
28.976083755493164
15.745359420776367
16.31304359436035
6.125633239746094
18.40221405029297
16.628286361694336
17.658023834228516
15.745359420776367
16.31304359436035
16.211456298828125
15.745359420776367
16.31304359436035
16.211456298828125
25.46461296081543
22.733449935913086
22.733449935913086
22.733449935913086
16.07042121887207
16.005064010620117
15.745359420776367
16.31304359436035
16.211456298828125
18.40221405029297
16.628286361694336
18.388917922973633
15.745359420776367
16.31304359436035
16.211456298828125
15.745359420776367
17.39021873474121
16.548717498779297
18.695226669311523
14.855815887451172
13.208459854125977
12.792001724243164
7.835121154785156
14.855815887451172
13.208459854125977
31.613025665283203
24.040864944458008
31.613025665283203
31.613025665283203
24.040864944458008
47.31884765625
10.544166564941406
9.434524536132812
16.00189781188965
16.31304359436035
16.211456298828125
7.755779266357422
17.248424530029297
14.632427215576172
17.248424530029297
24.06011390686035
20.449092864990234
18.402297973632812
15.279321670532227
20.449092864990234
18.402297973632812
20.449092864990234
13.321754455566406
13.906522750854492
18.084684371948242
16.050537109375
10.215999603271484
16.449316024780273
14.713258743286133
17.965576171875
15.989887237548828
16.103586196899414
15.989887237548828
21.422922134399414
19.65805435180664
21.422922134399414
16.267536163330078
16.910968780517578
16.267536163330078
14.450889587402344
14.170944213867188
14.450889587402344
14.855815887451172
13.208459854125977
6.4339447021484375
23.03913116455078
45.94723129272461
21.38836097717285
27.328800201416016
21.38836097717285
8.966665267944336
10.396505355834961
7.180295944213867
16.31025505065918
17.0167179107666
18.469329833984375
20.449092864990234
18.402297973632812
20.606033325195312
17.29787826538086
20.65902328491211
14.966867446899414
6.52540397644043
13.894218444824219
8.148305892944336
9.12155532836914
16.207996368408203
16.43753433227539
22.179256439208984
16.51677703857422
29.4259033203125
17.312522888183594
19.659774780273438
10.70321273803711
11.297372817993164
7.439563751220703
15.68829345703125
13.15713882446289
18.05521583557129
14.864147186279297
18.05521583557129
17.623271942138672
7.324554443359375
21.896455764770508
19.244422912597656
18.50511932373047
8.535167694091797
16.706008911132812
21.872657775878906
20.24431610107422
19.454057693481445
6.891679763793945
21.188365936279297
17.488101959228516
21.188365936279297
12.456426620483398
19.01361083984375
16.549009323120117
19.01361083984375
19.01361083984375
16.549009323120117
21.638507843017578
21.53958511352539
21.638507843017578
19.01361083984375
16.549009323120117
19.01361083984375
15.41455078125
18.843624114990234
16.85158920288086
19.01361083984375
16.549009323120117
12.707380294799805
19.01361083984375
16.549009323120117
19.01361083984375
28.639617919921875
14.556831359863281
28.639617919921875
19.01361083984375
16.549009323120117
19.01361083984375
16.549009323120117
19.01361083984375
13.55978775024414
16.049148559570312
14.248958587646484
14.801654815673828
28.303199768066406
20.084569931030273
18.783845901489258
6.470998764038086
15.397994995117188
9.933221817016602
23.510854721069336
18.70637321472168
19.781177520751953
18.70637321472168
26.181921005249023
23.40363311767578
26.181921005249023
18.441444396972656
16.16073226928711
18.441444396972656
13.580053329467773
22.146127700805664
5.83942985534668
16.273447036743164
24.571880340576172
16.273447036743164
18.64832305908203
19.01361083984375
16.549009323120117
24.528457641601562
20.67473602294922
21.733434677124023
19.01361083984375
16.549009323120117
18.441444396972656
16.16073226928711
18.441444396972656
57.14598846435547
18.98004150390625
14.286994934082031
18.98004150390625
13.906522750854492
18.084684371948242
16.050537109375
8.156875610351562
18.98004150390625
14.286994934082031
18.98004150390625
18.98004150390625
14.286994934082031
19.01361083984375
16.549009323120117
10.926044464111328
16.553604125976562
17.830896377563477
25.337444305419922
17.83084487915039
7.460302352905273
9.49661636352539
18.70498275756836
19.779983520507812
48.89582061767578
26.212594985961914
17.17879867553711
17.87085723876953
17.645936965942383
74.36152648925781
30.101314544677734
38.84450912475586
20.04208755493164
9.835931777954102
20.991485595703125
11.592044830322266
15.365528106689453
21.764616012573242
22.819490432739258
23.166427612304688
23.931333541870117
22.03012466430664
24.794797897338867
16.972373962402344
12.490438461303711
15.365528106689453
13.913440704345703
18.250890731811523
25.395061492919922
23.263748168945312
16.693939208984375
20.04208755493164
11.758420944213867
20.04208755493164
14.65853500366211
10.012290954589844
20.04208755493164
18.951824188232422
21.755523681640625
10.00871467590332
21.794437408447266
12.108924865722656
34.89337921142578
17.324764251708984
67.2847900390625
70.6856689453125
23.263748168945312
11.405811309814453
12.59376335144043
9.570396423339844
23.762332916259766
13.913440704345703
11.953105926513672
13.913440704345703
23.263748168945312
23.263748168945312
19.66963005065918
19.66963005065918
18.18718147277832
19.66963005065918
14.721031188964844
8.978801727294922
23.166427612304688
10.117584228515625
56.13776397705078
80.06578063964844
15.365528106689453
18.129281997680664
15.365528106689453
8.032081604003906
25.247623443603516
56.02313232421875
21.794437408447266
11.669733047485352
10.509876251220703
15.365528106689453
13.686063766479492
18.250890731811523
7.615652084350586
7.615652084350586
6.791770935058594
7.615652084350586
20.04208755493164
7.912509918212891
16.712560653686523
18.28360939025879
21.794437408447266
12.609779357910156
17.324764251708984
9.153266906738281
9.356039047241211
21.764616012573242
13.753211975097656
18.250890731811523
7.3606719970703125
10.508869171142578
27.13509750366211
20.04208755493164
11.704683303833008
34.429054260253906
21.794437408447266
20.06951332092285
21.794437408447266
11.660400390625
10.345050811767578
9.683582305908203
10.345050811767578
7.3606719970703125
7.236110687255859
9.585067749023438
7.236110687255859
7.236110687255859
7.236110687255859
7.236110687255859
7.236110687255859
18.832761764526367
7.236110687255859
18.250890731811523
7.410816192626953
7.236110687255859
13.825885772705078
23.263748168945312
13.04007339477539
23.263748168945312
10.411470413208008
7.236110687255859
16.326587677001953
7.236110687255859
7.236110687255859
7.236110687255859
9.585067749023438
7.236110687255859
7.236728668212891
7.236728668212891
7.236728668212891
7.236728668212891
7.236728668212891
7.236728668212891
7.236728668212891
7.236728668212891
9.585517883300781
11.824121475219727
7.236728668212891
10.109970092773438
7.236728668212891
9.87894058227539
7.236728668212891
7.236728668212891
10.204706192016602
7.236728668212891
9.87894058227539
9.585517883300781
21.984233856201172
9.340133666992188
14.814912796020508
9.87894058227539
9.87894058227539
