21.705795288085938
23.826688766479492
26.933778762817383
25.922046661376953
22.720396041870117
24.942014694213867
14.547832489013672
30.92250633239746
24.648422241210938
24.50037384033203
16.65939712524414
19.473560333251953
36.78795623779297
14.032327651977539
23.224899291992188
25.57765769958496
26.72652816772461
22.20277214050293
18.33302879333496
23.856128692626953
28.483247756958008
27.18001365661621
26.007789611816406
24.648422241210938
20.5964298248291
14.903312683105469
20.436927795410156
28.551448822021484
29.522899627685547
20.85958480834961
15.467975616455078
21.539836883544922
23.193044662475586
23.243179321289062
23.16619110107422
21.257822036743164
24.648422241210938
20.659015655517578
26.44186019897461
48.14093017578125
26.07351303100586
29.141643524169922
23.36992645263672
19.32148551940918
15.362615585327148
19.123258590698242
16.106252670288086
21.799518585205078
22.328311920166016
24.926023483276367
22.722042083740234
28.13286781311035
28.5617618560791
24.83799934387207
26.868572235107422
19.673954010009766
23.16619110107422
21.539836883544922
27.965944290161133
30.680761337280273
15.23817253112793
32.83171081542969
23.869312286376953
23.826688766479492
26.771209716796875
23.53772735595703
26.917081832885742
13.141181945800781
30.558643341064453
23.16619110107422
24.41730499267578
38.06995391845703
26.669960021972656
22.278289794921875
26.134923934936523
24.985910415649414
18.081083297729492
22.906761169433594
27.517257690429688
18.62921714782715
27.6982421875
31.190670013427734
31.056631088256836
25.532859802246094
26.771209716796875
27.14621353149414
14.543323516845703
23.280332565307617
28.832809448242188
27.623504638671875
25.125064849853516
30.92250633239746
25.95507049560547
32.83171081542969
26.926654815673828
28.358203887939453
25.02403450012207
23.869312286376953
27.18001365661621
28.483247756958008
22.550647735595703
17.252288818359375
29.890365600585938
20.703462600708008
30.758533477783203
24.284330368041992
19.956802368164062
23.643665313720703
27.215044021606445
16.1431827545166
21.47490692138672
27.14621353149414
21.598403930664062
23.105323791503906
31.455575942993164
26.728633880615234
21.598403930664062
23.37677764892578
22.044658660888672
13.893157958984375
28.72942543029785
27.623504638671875
16.478168487548828
24.540027618408203
26.007789611816406
27.371944427490234
17.122047424316406
28.483247756958008
23.781841278076172
22.139835357666016
18.96436309814453
13.954227447509766
23.193044662475586
17.665647506713867
29.2266845703125
22.77556610107422
22.750263214111328
30.671674728393555
19.724040985107422
24.28406524658203
27.97188949584961
16.821298599243164
25.806007385253906
28.358203887939453
26.696739196777344
15.06904411315918
25.532859802246094
39.840728759765625
19.648958206176758
19.123258590698242
22.656396865844727
26.007789611816406
23.178890228271484
26.728633880615234
26.14211654663086
24.547176361083984
21.658689498901367
19.673954010009766
16.199710845947266
20.988628387451172
23.37677764892578
25.826894760131836
22.2211856842041
29.890365600585938
22.1846981048584
13.882070541381836
20.93033218383789
24.092193603515625
21.539836883544922
32.83171081542969
20.16963005065918
23.193044662475586
17.24188995361328
28.5767822265625
27.623504638671875
26.68583869934082
22.529415130615234
22.629024505615234
31.286914825439453
17.13412857055664
26.50720977783203
21.686119079589844
26.978240966796875
28.13286781311035
30.92250633239746
17.034318923950195
32.49919891357422
32.83171081542969
28.57949447631836
30.92250633239746
15.06904411315918
22.550647735595703
17.839582443237305
16.445409774780273
21.889633178710938
16.848278045654297
31.286914825439453
23.734050750732422
23.16619110107422
24.04450225830078
23.16619110107422
24.163293838500977
23.184560775756836
29.890365600585938
25.36048126220703
28.358203887939453
30.92250633239746
19.648895263671875
19.673954010009766
37.16521072387695
21.37787628173828
27.623504638671875
18.750303268432617
25.071407318115234
28.586055755615234
23.676389694213867
26.48151397705078
28.57949447631836
25.160205841064453
23.292762756347656
20.37405776977539
32.83171081542969
23.710865020751953
28.129547119140625
20.027671813964844
27.805883407592773
26.771209716796875
45.527198791503906
26.033357620239258
24.28406524658203
20.080202102661133
23.37677764892578
23.193044662475586
26.66167449951172
13.265121459960938
27.91799545288086
39.56940841674805
25.335891723632812
21.335874557495117
26.48151397705078
20.69767951965332
19.673954010009766
28.079526901245117
15.264022827148438
18.14162826538086
26.771209716796875
15.905813217163086
24.41730499267578
16.80497169494629
15.805994033813477
13.893157958984375
33.61592102050781
19.512521743774414
20.937225341796875
22.275325775146484
21.705795288085938
28.358203887939453
20.703462600708008
23.66168975830078
25.074567794799805
31.810598373413086
23.78506851196289
23.0743465423584
25.071407318115234
26.771209716796875
18.045827865600586
24.275981903076172
28.059215545654297
25.61088752746582
20.74567413330078
24.648422241210938
26.743152618408203
13.261999130249023
21.593461990356445
20.703462600708008
23.691246032714844
22.750263214111328
23.311264038085938
30.680761337280273
23.303791046142578
23.16619110107422
27.986316680908203
24.547176361083984
19.846614837646484
15.864953994750977
21.598743438720703
21.705795288085938
19.123258590698242
23.303791046142578
24.83649253845215
23.184560775756836
26.007789611816406
24.540027618408203
26.696739196777344
21.598403930664062
23.967918395996094
28.212154388427734
23.643665313720703
18.813678741455078
16.06529998779297
30.49625015258789
25.100082397460938
21.80911636352539
27.301116943359375
20.939971923828125
20.69767951965332
28.5767822265625
28.286230087280273
26.72652816772461
20.85958480834961
20.5964298248291
21.889633178710938
15.06904411315918
22.550647735595703
24.802936553955078
23.826688766479492
21.598403930664062
20.703462600708008
13.848947525024414
21.593461990356445
28.13286781311035
26.007789611816406
26.7342586517334
14.964557647705078
24.547176361083984
24.648422241210938
24.83799934387207
24.997859954833984
30.92250633239746
21.593461990356445
29.978654861450195
22.906761169433594
27.298267364501953
26.72652816772461
20.193683624267578
22.550647735595703
25.516408920288086
23.243179321289062
23.224899291992188
17.952932357788086
25.160205841064453
26.771209716796875
25.02403450012207
28.212154388427734
26.007789611816406
26.672618865966797
26.771209716796875
28.059215545654297
23.653600692749023
21.658689498901367
21.539836883544922
18.750303268432617
26.090721130371094
24.017250061035156
30.234058380126953
21.17157745361328
20.937225341796875
20.703462600708008
31.84904670715332
21.539836883544922
22.550647735595703
31.84904670715332
24.583389282226562
16.281930923461914
26.82908821105957
27.91799545288086
24.547176361083984
32.63728332519531
16.35810661315918
28.124732971191406
23.858257293701172
29.284801483154297
21.72531509399414
21.539836883544922
41.56322479248047
32.02537536621094
21.502412796020508
20.97321319580078
20.85958480834961
22.520572662353516
17.254375457763672
21.624420166015625
23.16619110107422
25.806007385253906
34.90616989135742
27.538726806640625
36.65638732910156
21.539592742919922
26.926132202148438
26.77123260498047
31.84885025024414
22.191417694091797
16.172348022460938
27.623628616333008
24.54738426208496
31.275239944458008
33.500022888183594
23.034378051757812
20.59599494934082
28.35858154296875
33.91033172607422
28.630939483642578
28.630939483642578
29.470596313476562
29.470596313476562
29.470596313476562
29.79363250732422
36.41641616821289
59.58473205566406
26.17643928527832
28.60222053527832
39.68395233154297
41.14112091064453
51.40038299560547
34.80580139160156
28.282922744750977
28.222217559814453
29.56117820739746
27.261587142944336
29.26889991760254
28.897724151611328
33.248844146728516
33.248844146728516
27.539546966552734
33.248844146728516
27.760343551635742
28.814571380615234
39.59709930419922
24.842660903930664
47.69892120361328
34.55876922607422
24.161697387695312
38.27449035644531
24.113731384277344
28.4936466217041
27.13856315612793
27.534387588500977
13.78641128540039
23.44584083557129
24.115577697753906
36.786067962646484
27.13856315612793
40.44407653808594
27.13856315612793
35.2354621887207
27.13856315612793
27.13856315612793
27.13856315612793
27.13856315612793
27.13856315612793
27.13856315612793
27.13856315612793
27.13856315612793
27.13856315612793
27.13856315612793
27.13856315612793
27.13856315612793
27.13856315612793
27.13856315612793
27.13856315612793
27.13856315612793
27.13856315612793
27.13856315612793
23.979459762573242
24.152179718017578
24.137042999267578
24.120004653930664
32.13751220703125
24.208110809326172
24.093204498291016
24.198379516601562
36.485313415527344
25.497802734375
25.497802734375
24.69151496887207
39.94803237915039
24.685440063476562
24.42498779296875
37.00182342529297
34.04827880859375
10.509708404541016
10.509708404541016
57.904319763183594
10.509708404541016
34.04827880859375
10.509708404541016
23.546552658081055
21.388429641723633
26.660608291625977
24.677522659301758
32.04911422729492
10.509708404541016
10.509708404541016
10.509708404541016
10.509708404541016
10.509708404541016
10.509708404541016
10.509708404541016
10.509708404541016
41.909515380859375
10.509708404541016
10.509708404541016
10.509708404541016
10.509708404541016
10.509708404541016
10.509708404541016
10.509708404541016
10.509708404541016
10.509708404541016
10.509708404541016
10.509708404541016
10.509708404541016
10.509708404541016
10.509708404541016
10.509708404541016
10.509708404541016
10.509708404541016
10.509708404541016
10.509708404541016
10.509708404541016
10.509708404541016
10.509708404541016
10.509708404541016
10.509708404541016
10.509708404541016
10.509708404541016
10.509708404541016
10.509708404541016
10.509708404541016
10.509708404541016
10.509708404541016
10.509708404541016
10.509708404541016
10.509708404541016
10.509708404541016
10.509708404541016
10.509708404541016
10.509708404541016
10.509708404541016
10.509708404541016
10.509708404541016
10.509708404541016
10.509708404541016
10.509708404541016
10.509708404541016
10.509708404541016
10.509708404541016
10.509708404541016
10.509708404541016
10.509708404541016
10.509708404541016
10.509708404541016
10.509708404541016
10.509708404541016
10.509708404541016
10.509708404541016
10.509708404541016
10.509708404541016
10.509708404541016
10.509708404541016
21.252710342407227
19.32565689086914
15.733213424682617
37.185791015625
29.214693069458008
30.097484588623047
26.905866622924805
30.097484588623047
26.905866622924805
18.639083862304688
17.60439682006836
16.82510757446289
22.18731689453125
16.361961364746094
24.294086456298828
13.89857292175293
15.904531478881836
19.32565689086914
15.613910675048828
24.20579719543457
22.366741180419922
24.294086456298828
20.453086853027344
24.20579719543457
21.42220687866211
22.283050537109375
23.18368911743164
18.092802047729492
35.72479248046875
24.294086456298828
18.332082748413086
16.121875762939453
30.097484588623047
26.905866622924805
18.20787811279297
30.097484588623047
26.905866622924805
18.20787811279297
29.60758399963379
21.629486083984375
21.940601348876953
14.55978012084961
24.20579719543457
22.366741180419922
22.04804229736328
21.629486083984375
21.940601348876953
22.558008193969727
21.629486083984375
21.940601348876953
22.558008193969727
30.563549041748047
26.224063873291016
26.224063873291016
26.224063873291016
22.520572662353516
22.4913330078125
21.629486083984375
21.940601348876953
22.558008193969727
24.20579719543457
22.366741180419922
22.822233200073242
21.629486083984375
21.940601348876953
22.558008193969727
21.629486083984375
23.36662483215332
22.44952964782715
23.87518310546875
20.988628387451172
20.31743049621582
19.975425720214844
14.814315795898438
20.988628387451172
20.31743049621582
34.646087646484375
31.59358024597168
34.646087646484375
34.646087646484375
31.59358024597168
51.163841247558594
17.886211395263672
16.259201049804688
21.103755950927734
21.940601348876953
22.558008193969727
14.839447021484375
22.814441680908203
20.559043884277344
22.814441680908203
24.202030181884766
27.970304489135742
24.778995513916016
22.44573211669922
27.970304489135742
24.778995513916016
27.970304489135742
20.73581886291504
20.684303283691406
23.65677261352539
22.153839111328125
17.012901306152344
21.914289474487305
20.859464645385742
23.571531295776367
22.244781494140625
22.11511993408203
22.244781494140625
26.862520217895508
25.310935974121094
26.862520217895508
22.69645881652832
22.130783081054688
22.69645881652832
21.75054359436035
21.43501091003418
21.75054359436035
20.988628387451172
20.31743049621582
13.764236450195312
26.53058624267578
48.09187698364258
27.888639450073242
33.179786682128906
27.888639450073242
15.086957931518555
18.09360694885254
14.862007141113281
21.779748916625977
23.481592178344727
24.25680923461914
27.970304489135742
24.778995513916016
27.992565155029297
24.247520446777344
28.83686065673828
21.839069366455078
14.216888427734375
21.647846221923828
15.26954460144043
15.81488037109375
22.794843673706055
22.745349884033203
27.519887924194336
23.607091903686523
32.92009735107422
24.051992416381836
26.587051391601562
16.90799903869629
16.802263259887695
14.567459106445312
20.317691802978516
18.499576568603516
24.063793182373047
21.02690315246582
24.063793182373047
23.25734519958496
14.465930938720703
27.185169219970703
24.736398696899414
24.13361167907715
15.296052932739258
21.579410552978516
26.928089141845703
25.727127075195312
22.039825439453125
13.99017333984375
26.95412826538086
22.915420532226562
26.95412826538086
18.1324462890625
24.74444580078125
22.964994430541992
24.74444580078125
24.74444580078125
22.964994430541992
28.01588249206543
28.089372634887695
28.01588249206543
24.74444580078125
22.964994430541992
24.74444580078125
21.445005416870117
24.816612243652344
22.983257293701172
24.74444580078125
22.964994430541992
18.25362777709961
24.74444580078125
22.964994430541992
24.74444580078125
33.90082550048828
19.29143714904785
33.90082550048828
24.74444580078125
22.964994430541992
24.74444580078125
22.964994430541992
24.74444580078125
19.86029052734375
21.229686737060547
19.924610137939453
20.48577117919922
33.16950988769531
26.646949768066406
25.181106567382812
13.757707595825195
23.098445892333984
16.192899703979492
29.82640838623047
26.57015609741211
26.425241470336914
26.57015609741211
31.16080665588379
30.680761337280273
31.16080665588379
25.191354751586914
22.48284912109375
25.191354751586914
20.248783111572266
26.237060546875
13.820941925048828
22.370180130004883
29.334548950195312
22.370180130004883
23.471637725830078
24.74444580078125
22.964994430541992
30.097484588623047
26.905866622924805
25.500070571899414
24.74444580078125
22.964994430541992
25.191354751586914
22.48284912109375
25.191354751586914
71.73518371582031
26.926654815673828
21.416610717773438
26.926654815673828
20.684303283691406
23.65677261352539
22.153839111328125
15.284965515136719
26.926654815673828
21.416610717773438
26.926654815673828
26.926654815673828
21.416610717773438
24.74444580078125
22.964994430541992
17.34730339050293
22.528348922729492
23.920148849487305
27.209064483642578
23.9201602935791
14.934585571289062
15.692672729492188
26.5688419342041
26.424388885498047
50.37559509277344
28.290111541748047
24.42498779296875
21.81143569946289
24.685440063476562
72.57208251953125
33.873016357421875
39.53194046020508
26.102291107177734
16.897680282592773
25.859939575195312
17.755178451538086
21.63888168334961
25.465478897094727
29.59088897705078
28.30571746826172
31.643505096435547
29.117305755615234
32.521240234375
23.44759750366211
19.46933364868164
21.63888168334961
21.555959701538086
24.385208129882812
31.278244018554688
29.078792572021484
21.735286712646484
26.102291107177734
18.564380645751953
26.102291107177734
20.69943618774414
16.74484634399414
26.102291107177734
24.646484375
25.36155128479004
16.640897750854492
28.767528533935547
18.795879364013672
45.77247619628906
24.09769630432129
57.63977813720703
59.92844009399414
29.078792572021484
18.021703720092773
19.290142059326172
16.1788387298584
31.348224639892578
21.555959701538086
18.74708366394043
21.555959701538086
29.078792572021484
29.078792572021484
24.702533721923828
24.702533721923828
23.30337142944336
24.702533721923828
21.341463088989258
15.929258346557617
28.30571746826172
17.383853912353516
56.685035705566406
107.2721939086914
21.63888168334961
23.79489517211914
21.63888168334961
15.144359588623047
29.36702537536621
137.35482788085938
28.767528533935547
18.36320686340332
17.65703010559082
21.63888168334961
19.59442138671875
24.385208129882812
16.09723663330078
16.09723663330078
15.333362579345703
16.09723663330078
26.102291107177734
15.797636032104492
23.17832374572754
24.33829116821289
28.767528533935547
19.058202743530273
24.09769630432129
16.14242935180664
16.696001052856445
25.465478897094727
19.858213424682617
24.385208129882812
15.648157119750977
17.344444274902344
31.608686447143555
26.102291107177734
18.29265022277832
35.483272552490234
28.767528533935547
26.17643928527832
28.767528533935547
18.078529357910156
17.28925323486328
17.23162841796875
17.28925323486328
15.648157119750977
15.694158554077148
17.12505340576172
15.694158554077148
15.694158554077148
15.694158554077148
15.694158554077148
15.694158554077148
25.235275268554688
15.694158554077148
24.385208129882812
15.737863540649414
15.694158554077148
19.847515106201172
29.078792572021484
19.24329376220703
29.078792572021484
16.90326499938965
15.694158554077148
21.51985740661621
15.694158554077148
15.694158554077148
15.694158554077148
17.12505340576172
15.694158554077148
15.69453239440918
15.69453239440918
15.69453239440918
15.69453239440918
15.69453239440918
15.69453239440918
15.69453239440918
15.69453239440918
17.125381469726562
18.037771224975586
15.69453239440918
17.051382064819336
15.69453239440918
16.990501403808594
15.69453239440918
15.69453239440918
17.18867301940918
15.69453239440918
16.990501403808594
17.125381469726562
27.020078659057617
16.71734046936035
20.463607788085938
16.990501403808594
16.990501403808594
