33.786399841308594
36.975948333740234
37.14105224609375
36.030582427978516
33.65444564819336
34.87311935424805
31.993257522583008
44.063201904296875
36.86134719848633
34.953250885009766
33.736202239990234
32.25958251953125
36.06873321533203
33.781280517578125
36.63080978393555
33.84392166137695
39.92896270751953
36.51107406616211
32.29075622558594
39.50740051269531
41.936012268066406
42.033103942871094
40.09779739379883
36.86134719848633
32.91498565673828
32.6313362121582
32.73428726196289
41.629215240478516
36.93489456176758
33.49930191040039
33.05184555053711
36.74270248413086
36.266197204589844
37.32941818237305
37.204444885253906
32.401771545410156
36.86134719848633
49.542266845703125
47.57726287841797
37.241004943847656
34.17485046386719
34.35416793823242
40.025882720947266
31.624248504638672
32.895042419433594
32.760231018066406
33.550865173339844
35.08000183105469
36.16233444213867
41.258201599121094
33.67690658569336
41.9043083190918
34.158626556396484
38.23316955566406
37.66682815551758
32.55659866333008
37.204444885253906
36.74270248413086
34.93010330200195
41.94068908691406
33.39206314086914
45.15251159667969
38.348148345947266
36.975948333740234
39.68183517456055
34.6097526550293
37.12441635131836
37.17096710205078
37.30038070678711
37.204444885253906
37.002071380615234
41.99692916870117
40.61820983886719
38.27274703979492
35.99748229980469
37.752254486083984
54.253170013427734
34.35493469238281
39.428646087646484
48.83161926269531
34.635494232177734
36.606101989746094
40.871334075927734
34.524085998535156
39.68183517456055
35.356163024902344
32.58089065551758
33.81682205200195
41.0174446105957
41.60030746459961
35.29413604736328
44.063201904296875
36.568580627441406
45.15251159667969
37.084739685058594
34.66058349609375
38.704017639160156
38.348148345947266
42.033103942871094
41.936012268066406
36.71075439453125
33.66270065307617
37.29485321044922
35.03722381591797
39.878082275390625
36.05759048461914
32.538082122802734
34.316593170166016
35.980445861816406
33.04477310180664
54.13417434692383
35.356163024902344
34.2159423828125
33.819305419921875
44.07771682739258
37.75324249267578
34.2159423828125
34.463809967041016
32.83153533935547
32.87224197387695
36.422149658203125
41.60030746459961
32.94428253173828
36.30158996582031
40.09779739379883
38.655635833740234
31.163616180419922
41.936012268066406
37.88004684448242
36.2875862121582
32.811336517333984
33.28491973876953
36.266197204589844
31.86751365661621
34.63869857788086
34.59613037109375
35.001502990722656
35.921600341796875
35.91710662841797
34.447750091552734
40.29375076293945
31.002307891845703
37.61671829223633
34.66058349609375
41.03392028808594
30.979148864746094
34.524085998535156
69.97096252441406
36.11457443237305
32.760231018066406
34.856327056884766
40.09779739379883
34.342506408691406
37.75324249267578
38.79648971557617
39.80507278442383
34.174041748046875
32.55659866333008
31.680988311767578
32.86248016357422
34.463809967041016
38.143882751464844
36.507808685302734
37.29485321044922
36.52583312988281
33.50382995605469
32.13640594482422
35.13530349731445
36.74270248413086
45.15251159667969
32.119503021240234
36.266197204589844
33.00552749633789
35.983367919921875
41.60030746459961
39.18290328979492
35.74363327026367
51.27210998535156
43.87409591674805
34.161216735839844
41.45524215698242
36.48224639892578
39.2498893737793
41.9043083190918
44.063201904296875
46.83540344238281
41.822147369384766
45.15251159667969
40.063682556152344
44.063201904296875
30.979148864746094
36.71075439453125
32.12578582763672
34.77762222290039
34.468177795410156
32.76483917236328
43.87409591674805
35.96327209472656
37.204444885253906
36.26227951049805
37.204444885253906
32.48307418823242
38.79425048828125
37.29485321044922
36.1496467590332
34.66058349609375
44.063201904296875
46.01887130737305
32.55659866333008
82.26454162597656
34.532012939453125
41.60030746459961
32.504119873046875
32.60503005981445
34.47640609741211
32.41645812988281
39.39613723754883
40.063682556152344
36.105674743652344
33.6479377746582
32.46094512939453
45.15251159667969
38.29718017578125
34.68675231933594
32.652191162109375
39.176536560058594
39.68183517456055
46.03973388671875
37.28437042236328
34.447750091552734
33.39387893676758
34.463809967041016
36.266197204589844
38.00291442871094
32.81752014160156
36.95281982421875
39.23594665527344
38.24324035644531
34.005958557128906
39.39613723754883
35.01324462890625
32.55659866333008
41.20661544799805
32.67411804199219
33.7119140625
39.68183517456055
32.87959289550781
37.002071380615234
52.85684585571289
32.84640884399414
32.87224197387695
39.35392379760742
33.421226501464844
34.52256393432617
33.8348274230957
33.786399841308594
34.66058349609375
35.03722381591797
37.19641876220703
37.73895263671875
43.573917388916016
37.71133041381836
31.128149032592773
32.60503005981445
39.68183517456055
32.25040054321289
38.13621520996094
38.5463981628418
35.30802536010742
32.25836944580078
36.86134719848633
42.10041427612305
32.83169937133789
32.37775421142578
35.03722381591797
33.13734817504883
35.001502990722656
32.97247314453125
41.94068908691406
34.72172164916992
37.204444885253906
37.991939544677734
39.80507278442383
35.39412307739258
32.93257522583008
32.763858795166016
33.786399841308594
32.760231018066406
34.72172164916992
38.84716796875
38.79425048828125
40.09779739379883
36.30158996582031
41.03392028808594
34.2159423828125
36.07883834838867
36.734432220458984
34.316593170166016
33.142677307128906
32.731651306152344
35.03221893310547
38.77790069580078
34.46604919433594
36.03095245361328
33.535667419433594
35.01324462890625
35.983367919921875
39.58876419067383
39.92896270751953
33.49930191040039
32.91498565673828
34.468177795410156
30.979148864746094
36.71075439453125
34.68934631347656
36.975948333740234
34.2159423828125
35.03722381591797
32.47930908203125
32.37775421142578
41.9043083190918
40.09779739379883
37.339210510253906
32.34904098510742
39.80507278442383
36.86134719848633
38.23316955566406
38.75115203857422
44.063201904296875
32.37775421142578
40.27949142456055
34.35493469238281
38.42475128173828
39.92896270751953
33.40431594848633
36.71075439453125
40.78508758544922
37.32941818237305
36.63080978393555
34.13483428955078
36.105674743652344
39.68183517456055
38.704017639160156
36.734432220458984
40.09779739379883
34.97660446166992
39.68183517456055
38.5463981628418
37.333885192871094
34.174041748046875
36.74270248413086
32.504119873046875
40.42058563232422
35.171531677246094
41.849082946777344
34.48429489135742
34.52256393432617
35.03722381591797
44.56105422973633
36.74270248413086
36.71075439453125
44.56105422973633
34.46797180175781
32.105186462402344
39.2884635925293
36.95281982421875
39.80507278442383
39.50271224975586
33.52408218383789
39.90865707397461
36.722293853759766
39.468040466308594
34.39060592651367
36.74270248413086
37.160606384277344
44.64228057861328
33.97880554199219
32.083831787109375
33.49930191040039
37.721923828125
31.621212005615234
36.692909240722656
37.204444885253906
37.61671829223633
46.494895935058594
41.38844680786133
36.154476165771484
36.7422981262207
37.084510803222656
39.68180847167969
44.561012268066406
36.34840774536133
33.5738525390625
41.60051345825195
39.805118560791016
38.089115142822266
40.67184066772461
47.31024169921875
32.91506576538086
34.66050338745117
39.904624938964844
35.762054443359375
35.762054443359375
39.128108978271484
39.128108978271484
39.128108978271484
38.493343353271484
38.697444915771484
112.97781372070312
37.14951705932617
50.85060501098633
53.0968017578125
55.443485260009766
103.3170166015625
38.835601806640625
40.259910583496094
40.0424690246582
40.66962814331055
39.362369537353516
40.351505279541016
40.179443359375
38.7158088684082
38.7158088684082
38.730953216552734
38.7158088684082
36.692474365234375
39.01768493652344
41.417388916015625
55.39912033081055
41.952796936035156
51.95515060424805
55.3736686706543
42.4814453125
55.37690734863281
88.48756408691406
88.5224609375
88.47903442382812
31.36532974243164
55.46791076660156
55.37942123413086
82.50015258789062
88.5224609375
42.386112213134766
88.5224609375
43.08629608154297
88.5224609375
88.5224609375
88.5224609375
88.5224609375
88.5224609375
88.5224609375
88.5224609375
88.5224609375
88.5224609375
88.5224609375
88.5224609375
88.5224609375
88.5224609375
88.5224609375
88.5224609375
88.5224609375
88.5224609375
88.5224609375
55.39398193359375
55.27216720581055
55.295475006103516
55.385040283203125
52.021915435791016
55.392086029052734
55.349388122558594
55.38416290283203
39.209938049316406
34.01148223876953
34.01148223876953
39.94662857055664
58.39351272583008
36.22964096069336
37.02708435058594
37.14815139770508
36.4694709777832
36.753318786621094
36.753318786621094
53.81551742553711
36.753318786621094
36.4694709777832
36.753318786621094
36.60694885253906
36.90166091918945
35.11197280883789
33.24419403076172
46.2606201171875
36.753318786621094
36.753318786621094
36.753318786621094
36.753318786621094
36.753318786621094
36.753318786621094
36.753318786621094
36.753318786621094
39.225059509277344
36.753318786621094
36.753318786621094
36.753318786621094
36.753318786621094
36.753318786621094
36.753318786621094
36.753318786621094
36.753318786621094
36.753318786621094
36.753318786621094
36.753318786621094
36.753318786621094
36.753318786621094
36.753318786621094
36.753318786621094
36.753318786621094
36.753318786621094
36.753318786621094
36.753318786621094
36.753318786621094
36.753318786621094
36.753318786621094
36.753318786621094
36.753318786621094
36.753318786621094
36.753318786621094
36.753318786621094
36.753318786621094
36.753318786621094
36.753318786621094
36.753318786621094
36.753318786621094
36.753318786621094
36.753318786621094
36.753318786621094
36.753318786621094
36.753318786621094
36.753318786621094
36.753318786621094
36.753318786621094
36.753318786621094
36.753318786621094
36.753318786621094
36.753318786621094
36.753318786621094
36.753318786621094
36.753318786621094
36.753318786621094
36.753318786621094
36.753318786621094
36.753318786621094
36.753318786621094
36.753318786621094
36.753318786621094
36.753318786621094
36.753318786621094
36.753318786621094
36.753318786621094
36.753318786621094
36.753318786621094
32.70322036743164
33.92449188232422
34.4980583190918
44.57490539550781
39.37401580810547
36.83106994628906
35.0518798828125
36.83106994628906
35.0518798828125
53.98210906982422
54.0297737121582
53.72575378417969
54.88945770263672
34.35948181152344
37.41342544555664
32.5629997253418
32.51697540283203
33.92449188232422
33.95370864868164
33.523651123046875
32.94291305541992
37.41342544555664
32.98747634887695
33.523651123046875
31.832374572753906
33.94768524169922
33.60245895385742
33.19888687133789
35.4094352722168
37.41342544555664
33.038169860839844
30.757028579711914
36.83106994628906
35.0518798828125
32.13894271850586
36.83106994628906
35.0518798828125
32.13894271850586
34.30451202392578
37.50294494628906
36.741180419921875
34.169822692871094
33.523651123046875
32.94291305541992
32.663509368896484
37.50294494628906
36.741180419921875
33.44230270385742
37.50294494628906
36.741180419921875
33.44230270385742
37.448768615722656
38.561767578125
38.561767578125
38.561767578125
37.721923828125
37.60812759399414
37.50294494628906
36.741180419921875
33.44230270385742
33.523651123046875
32.94291305541992
32.971797943115234
37.50294494628906
36.741180419921875
33.44230270385742
37.50294494628906
35.07777404785156
33.2979621887207
33.60137176513672
32.86248016357422
32.62929153442383
33.18001174926758
31.89647102355957
32.86248016357422
32.62929153442383
47.00984573364258
43.04536437988281
47.00984573364258
47.00984573364258
43.04536437988281
73.88676452636719
36.78672409057617
32.00100326538086
35.43502426147461
36.741180419921875
33.44230270385742
31.3644962310791
37.055267333984375
36.41020584106445
37.055267333984375
36.48117446899414
39.610992431640625
37.93190383911133
33.31756591796875
39.610992431640625
37.93190383911133
39.610992431640625
37.716800689697266
35.88634490966797
34.18461608886719
35.63071823120117
33.23716735839844
33.64662170410156
32.814788818359375
34.17405319213867
35.903892517089844
36.22445297241211
35.903892517089844
36.06509780883789
36.4472770690918
36.06509780883789
36.73910903930664
34.65994644165039
36.73910903930664
37.5479850769043
36.334434509277344
37.5479850769043
32.86248016357422
32.62929153442383
31.756357192993164
36.991783142089844
53.01845932006836
40.715389251708984
45.43146896362305
40.715389251708984
33.509700775146484
37.39933395385742
32.498512268066406
35.03242874145508
37.33434295654297
37.69863510131836
39.610992431640625
37.93190383911133
60.755279541015625
36.55872344970703
38.811241149902344
35.17000961303711
34.36937713623047
55.0671501159668
31.206844329833984
34.92702865600586
38.739200592041016
35.76657485961914
40.670692443847656
38.379764556884766
39.438350677490234
37.68844223022461
54.2077522277832
32.73533630371094
31.82297134399414
32.27477264404297
33.054317474365234
33.594879150390625
36.21449279785156
34.09408187866211
36.21449279785156
39.21553421020508
31.15974998474121
36.07693099975586
35.716793060302734
35.47197723388672
33.23760223388672
47.97467803955078
38.81034851074219
38.47816467285156
34.312442779541016
32.95628356933594
36.10251235961914
34.557281494140625
36.10251235961914
34.21549606323242
39.87127685546875
36.166473388671875
39.87127685546875
39.87127685546875
36.166473388671875
40.579246520996094
40.35805892944336
40.579246520996094
39.87127685546875
36.166473388671875
39.87127685546875
34.166629791259766
33.54561233520508
34.249420166015625
39.87127685546875
36.166473388671875
47.12355422973633
39.87127685546875
36.166473388671875
39.87127685546875
37.56795883178711
31.58698844909668
37.56795883178711
39.87127685546875
36.166473388671875
39.87127685546875
36.166473388671875
39.87127685546875
47.414100646972656
33.01026153564453
32.56695556640625
32.65520477294922
45.265724182128906
41.04847717285156
41.230316162109375
33.614662170410156
54.51262664794922
34.3726921081543
36.390350341796875
40.21418380737305
39.13716125488281
40.21418380737305
44.104679107666016
41.94068908691406
44.104679107666016
39.45082473754883
37.58895492553711
39.45082473754883
37.434600830078125
46.606712341308594
34.39765548706055
33.65437698364258
34.05778884887695
33.65437698364258
52.747825622558594
39.87127685546875
36.166473388671875
36.83106994628906
35.0518798828125
39.70074462890625
39.87127685546875
36.166473388671875
39.45082473754883
37.58895492553711
39.45082473754883
108.07640075683594
37.084739685058594
36.58625030517578
37.084739685058594
35.88634490966797
34.18461608886719
35.63071823120117
33.2942008972168
37.084739685058594
36.58625030517578
37.084739685058594
37.084739685058594
36.58625030517578
39.87127685546875
36.166473388671875
31.062044143676758
38.86153793334961
37.35036087036133
34.30320358276367
37.35051345825195
30.653717041015625
33.45509338378906
40.21296691894531
39.136844635009766
59.04246139526367
36.06365966796875
37.02708435058594
40.746002197265625
36.22964096069336
59.13875198364258
45.622535705566406
35.211997985839844
39.6881103515625
33.996246337890625
36.01783752441406
33.518306732177734
34.69429016113281
33.13473892211914
49.572818756103516
40.21038818359375
54.45079040527344
49.250003814697266
52.46078872680664
37.5378303527832
36.659610748291016
34.69429016113281
38.28453826904297
38.368682861328125
48.54050827026367
42.411014556884766
33.36555862426758
39.6881103515625
34.11125946044922
39.6881103515625
33.420677185058594
32.763755798339844
39.6881103515625
34.89276885986328
35.85963821411133
32.94298553466797
41.511573791503906
34.420494079589844
82.0976791381836
36.4337272644043
46.382083892822266
46.303524017333984
42.411014556884766
33.476402282714844
34.27629470825195
32.824642181396484
55.08573532104492
38.28453826904297
33.60051727294922
38.28453826904297
42.411014556884766
42.411014556884766
33.58663558959961
33.58663558959961
34.06859588623047
33.58663558959961
34.76028060913086
33.03310775756836
40.21038818359375
33.698455810546875
58.0411376953125
172.68780517578125
34.69429016113281
34.221282958984375
34.69429016113281
32.524227142333984
34.279502868652344
218.60459899902344
41.511573791503906
33.92545700073242
32.95092010498047
34.69429016113281
32.68986511230469
38.368682861328125
33.69670486450195
33.69670486450195
33.3831672668457
33.69670486450195
39.6881103515625
32.960357666015625
34.96098709106445
35.78412628173828
41.511573791503906
33.223201751708984
36.4337272644043
33.58019256591797
32.68209457397461
33.13473892211914
36.15567398071289
38.368682861328125
33.56751251220703
32.477298736572266
36.82087326049805
39.6881103515625
32.170074462890625
34.70283889770508
41.511573791503906
37.14951705932617
41.511573791503906
32.70042419433594
32.88212966918945
33.36957550048828
32.88212966918945
33.56751251220703
33.65291976928711
33.340396881103516
33.65291976928711
33.65291976928711
33.65291976928711
33.65291976928711
33.65291976928711
37.45814514160156
33.65291976928711
38.368682861328125
33.44385528564453
33.65291976928711
32.77417755126953
42.411014556884766
32.90478515625
42.411014556884766
32.14756774902344
33.65291976928711
33.30976486206055
33.65291976928711
33.65291976928711
33.65291976928711
33.340396881103516
33.65291976928711
33.65253448486328
33.65253448486328
33.65253448486328
33.65253448486328
33.65253448486328
33.65253448486328
33.65253448486328
33.65253448486328
33.34019088745117
32.5710563659668
33.65253448486328
32.531829833984375
33.65253448486328
32.47439956665039
33.65253448486328
33.65253448486328
32.510005950927734
33.65253448486328
32.47439956665039
33.34019088745117
35.87309265136719
32.59963607788086
33.89700698852539
32.47439956665039
32.47439956665039
