35.06658172607422
38.669960021972656
38.494266510009766
37.23308563232422
34.96428298950195
35.83488845825195
34.458953857421875
45.662208557128906
38.11880874633789
36.35502624511719
36.212242126464844
33.832576751708984
37.06626510620117
36.59385681152344
38.300411224365234
35.17245864868164
42.156864166259766
39.14162826538086
34.42253112792969
41.84550476074219
44.138973236083984
44.51001739501953
41.47928237915039
38.11880874633789
34.34872055053711
35.185081481933594
34.65188980102539
43.88822555541992
37.92771911621094
35.122066497802734
35.53779220581055
38.707035064697266
37.362186431884766
38.99472427368164
39.167274475097656
33.699527740478516
38.11880874633789
59.41985321044922
55.1756477355957
37.22172546386719
35.91993713378906
35.505191802978516
43.75865936279297
33.37777328491211
35.533935546875
34.3702278137207
36.22247314453125
36.821231842041016
37.852664947509766
45.20909118652344
34.900108337402344
44.24125671386719
34.80150604248047
39.846778869628906
38.86067581176758
34.15054702758789
39.167274475097656
38.707035064697266
36.1540641784668
44.052635192871094
36.086971282958984
47.44104766845703
40.029232025146484
38.669960021972656
41.05580520629883
35.81753158569336
38.231136322021484
40.870269775390625
38.26988220214844
39.167274475097656
38.89177322387695
43.42618942260742
41.886077880859375
40.77739334106445
37.24932861328125
39.74465560913086
65.7160873413086
35.57988739013672
41.333251953125
58.71603012084961
35.92854309082031
37.91908264160156
41.92887878417969
35.471519470214844
41.05580520629883
36.691497802734375
35.027679443359375
35.323814392089844
43.00790786743164
43.870140075683594
37.00638198852539
45.662208557128906
37.74149703979492
47.44104766845703
38.46833419799805
35.72393035888672
40.0253791809082
40.029232025146484
44.51001739501953
44.138973236083984
38.57320022583008
36.27073669433594
38.35084533691406
36.40469741821289
41.27933883666992
37.4693603515625
34.117759704589844
35.785621643066406
37.18170928955078
35.6510124206543
65.35360717773438
36.691497802734375
35.6589469909668
35.09678268432617
45.88971710205078
39.18912124633789
35.6589469909668
35.715614318847656
35.12728500366211
35.57081604003906
37.20452880859375
43.870140075683594
35.24522018432617
37.93360137939453
41.47928237915039
39.9793586730957
33.27815628051758
44.138973236083984
39.77606964111328
38.73350524902344
34.205963134765625
35.89211654663086
37.362186431884766
34.14661407470703
35.59638214111328
35.898658752441406
36.35135269165039
36.89931869506836
38.51113510131836
35.61775588989258
42.30318832397461
32.800872802734375
38.938819885253906
35.72393035888672
44.12533187866211
33.180545806884766
35.471519470214844
79.19758605957031
38.64775085449219
34.3702278137207
36.23504638671875
41.47928237915039
35.64842987060547
39.18912124633789
40.32229995727539
41.658416748046875
35.71018981933594
34.15054702758789
34.09109878540039
34.214508056640625
35.715614318847656
39.79346466064453
38.337833404541016
38.35084533691406
38.284385681152344
36.18711471557617
33.49127197265625
36.46449661254883
38.707035064697266
47.44104766845703
33.48115539550781
37.362186431884766
35.555320739746094
36.986473083496094
43.870140075683594
41.119232177734375
36.983036041259766
61.1231575012207
46.15193176269531
36.78151321411133
43.94614791870117
38.33955764770508
41.152854919433594
44.24125671386719
45.662208557128906
56.34605407714844
43.47761917114258
47.44104766845703
41.82111740112305
45.662208557128906
33.180545806884766
38.57320022583008
34.39735412597656
37.64370346069336
35.822227478027344
34.94137954711914
46.15193176269531
37.02025604248047
39.167274475097656
37.60682678222656
39.167274475097656
33.73054885864258
41.17680358886719
38.35084533691406
37.52241897583008
35.72393035888672
45.662208557128906
54.259544372558594
34.15054702758789
98.5386734008789
36.19099807739258
43.870140075683594
33.8208122253418
33.84716796875
35.36799240112305
33.62778854370117
40.77973937988281
41.82111740112305
37.24697494506836
34.887569427490234
33.95492172241211
47.44104766845703
39.83717727661133
36.447845458984375
34.1527099609375
40.064979553222656
41.05580520629883
46.414215087890625
38.789207458496094
35.61775588989258
34.71430969238281
35.715614318847656
37.362186431884766
39.413536071777344
35.39823913574219
38.47418975830078
39.75959777832031
39.60449981689453
36.41586685180664
40.77973937988281
36.384883880615234
34.15054702758789
42.38432312011719
34.906333923339844
36.103153228759766
41.05580520629883
35.36735916137695
38.89177322387695
63.954952239990234
35.35178756713867
35.57081604003906
40.22026443481445
35.333595275878906
36.27800369262695
35.36271667480469
35.06658172607422
35.72393035888672
36.40469741821289
38.86487579345703
39.30070877075195
46.21415710449219
39.247440338134766
32.11515808105469
33.84716796875
41.05580520629883
33.64002990722656
39.76425552368164
39.744319915771484
36.356407165527344
33.56535720825195
38.11880874633789
44.560367584228516
35.5069465637207
33.63467025756836
36.40469741821289
34.46644973754883
36.35135269165039
34.25956726074219
44.052635192871094
36.03123092651367
39.167274475097656
39.39666748046875
41.658416748046875
38.17594909667969
35.52702331542969
34.15164566040039
35.06658172607422
34.3702278137207
36.03123092651367
40.4776496887207
41.17680358886719
41.47928237915039
37.93360137939453
44.12533187866211
35.6589469909668
37.50642013549805
37.83331298828125
35.785621643066406
34.860084533691406
35.40113830566406
35.91481399536133
40.96844482421875
35.86213684082031
38.379966735839844
35.1060905456543
36.384883880615234
36.986473083496094
40.837074279785156
42.156864166259766
35.122066497802734
34.34872055053711
35.822227478027344
33.180545806884766
38.57320022583008
35.62152099609375
38.669960021972656
35.6589469909668
36.40469741821289
35.07887268066406
33.63467025756836
44.24125671386719
41.47928237915039
39.98662185668945
34.713775634765625
41.658416748046875
38.11880874633789
39.846778869628906
41.612857818603516
45.662208557128906
33.63467025756836
41.343406677246094
35.57988739013672
39.649200439453125
42.156864166259766
35.00547409057617
38.57320022583008
43.691070556640625
38.99472427368164
38.300411224365234
36.29864501953125
37.24697494506836
41.05580520629883
40.0253791809082
37.83331298828125
41.47928237915039
36.012516021728516
41.05580520629883
39.744319915771484
39.23471450805664
35.71018981933594
38.707035064697266
33.8208122253418
43.44404983520508
36.52912139892578
43.95139694213867
36.209259033203125
36.27800369262695
36.40469741821289
47.19951629638672
38.707035064697266
38.57320022583008
47.19951629638672
35.52281951904297
34.10282516479492
41.16199493408203
38.47418975830078
41.658416748046875
40.73311233520508
35.845523834228516
41.721153259277344
38.353172302246094
40.60703659057617
35.854286193847656
38.707035064697266
37.580474853515625
47.048736572265625
35.564239501953125
33.45071792602539
35.122066497802734
40.20726776123047
33.69346618652344
38.638427734375
39.167274475097656
38.938819885253906
50.68912124633789
43.587886810302734
36.779090881347656
38.706573486328125
38.46805191040039
41.05573272705078
47.19948959350586
38.129966735839844
36.11983108520508
43.87036895751953
41.65834045410156
38.829837799072266
43.500335693359375
55.81943893432617
34.348876953125
35.72386169433594
40.63921356201172
37.61083221435547
37.61083221435547
40.27938461303711
40.27938461303711
40.27938461303711
39.921661376953125
39.2725830078125
132.40621948242188
38.703887939453125
60.063201904296875
59.29301834106445
60.701515197753906
118.84432983398438
40.67420959472656
41.72756576538086
41.582759857177734
42.18071746826172
40.807289123535156
41.819149017333984
41.54948806762695
39.687286376953125
39.687286376953125
40.22246551513672
39.687286376953125
37.86594772338867
40.453514099121094
43.07058334350586
64.96747589111328
43.270294189453125
58.94753646850586
65.04227447509766
43.90770721435547
65.0597915649414
113.42303466796875
113.47050476074219
113.41085052490234
33.7590446472168
65.42967987060547
65.05545806884766
104.33956146240234
113.47050476074219
44.13668441772461
113.47050476074219
44.76467514038086
113.47050476074219
113.47050476074219
113.47050476074219
113.47050476074219
113.47050476074219
113.47050476074219
113.47050476074219
113.47050476074219
113.47050476074219
113.47050476074219
113.47050476074219
113.47050476074219
113.47050476074219
113.47050476074219
113.47050476074219
113.47050476074219
113.47050476074219
113.47050476074219
65.11185455322266
64.8682861328125
64.89250183105469
65.06661987304688
59.4348030090332
65.04857635498047
65.02903747558594
65.05226135253906
40.260074615478516
35.16383743286133
35.16383743286133
43.40290069580078
63.98963165283203
37.4205207824707
38.270896911621094
38.06011199951172
37.265830993652344
40.42622375488281
40.42622375488281
56.00312042236328
40.42622375488281
37.265830993652344
40.42622375488281
38.44898986816406
39.490482330322266
36.281532287597656
34.80430603027344
51.20701599121094
40.42622375488281
40.42622375488281
40.42622375488281
40.42622375488281
40.42622375488281
40.42622375488281
40.42622375488281
40.42622375488281
39.65413284301758
40.42622375488281
40.42622375488281
40.42622375488281
40.42622375488281
40.42622375488281
40.42622375488281
40.42622375488281
40.42622375488281
40.42622375488281
40.42622375488281
40.42622375488281
40.42622375488281
40.42622375488281
40.42622375488281
40.42622375488281
40.42622375488281
40.42622375488281
40.42622375488281
40.42622375488281
40.42622375488281
40.42622375488281
40.42622375488281
40.42622375488281
40.42622375488281
40.42622375488281
40.42622375488281
40.42622375488281
40.42622375488281
40.42622375488281
40.42622375488281
40.42622375488281
40.42622375488281
40.42622375488281
40.42622375488281
40.42622375488281
40.42622375488281
40.42622375488281
40.42622375488281
40.42622375488281
40.42622375488281
40.42622375488281
40.42622375488281
40.42622375488281
40.42622375488281
40.42622375488281
40.42622375488281
40.42622375488281
40.42622375488281
40.42622375488281
40.42622375488281
40.42622375488281
40.42622375488281
40.42622375488281
40.42622375488281
40.42622375488281
40.42622375488281
40.42622375488281
40.42622375488281
40.42622375488281
40.42622375488281
34.19522476196289
35.726898193359375
37.29656219482422
46.106353759765625
40.702266693115234
37.587196350097656
36.02044677734375
37.587196350097656
36.02044677734375
65.29057312011719
65.404296875
65.01403045654297
65.99794006347656
36.52534103393555
38.91786193847656
35.111907958984375
34.88005828857422
35.726898193359375
36.66810989379883
34.74534225463867
34.178138732910156
38.91786193847656
35.35731506347656
34.74534225463867
33.556396484375
35.213932037353516
34.9322624206543
35.17459487915039
36.32880783081055
38.91786193847656
35.496089935302734
32.658992767333984
37.587196350097656
36.02044677734375
34.41992950439453
37.587196350097656
36.02044677734375
34.41992950439453
35.485347747802734
39.41608428955078
38.75413513183594
36.9846076965332
34.74534225463867
34.178138732910156
34.92621994018555
39.41608428955078
38.75413513183594
35.62956237792969
39.41608428955078
38.75413513183594
35.62956237792969
38.65934371948242
40.454429626464844
40.454429626464844
40.454429626464844
40.20726776123047
40.0411376953125
39.41608428955078
38.75413513183594
35.62956237792969
34.74534225463867
34.178138732910156
34.64426803588867
39.41608428955078
38.75413513183594
35.62956237792969
39.41608428955078
36.405921936035156
34.55517578125
34.80060577392578
34.214508056640625
33.876136779785156
34.48309326171875
34.23261260986328
34.214508056640625
33.876136779785156
48.67393493652344
44.89814376831055
48.67393493652344
48.67393493652344
44.89814376831055
82.10066223144531
39.77037811279297
34.365760803222656
37.880489349365234
38.75413513183594
35.62956237792969
33.756290435791016
39.01827621459961
38.43993377685547
39.01827621459961
38.84737777709961
40.56917190551758
39.551570892333984
34.67381286621094
40.56917190551758
39.551570892333984
40.56917190551758
40.750457763671875
37.76543426513672
35.51799392700195
37.220008850097656
35.640419006347656
35.142601013183594
34.245182037353516
35.26772689819336
38.146942138671875
38.520790100097656
38.146942138671875
37.152137756347656
37.7712516784668
37.152137756347656
38.52272415161133
36.61381149291992
38.52272415161133
39.641441345214844
38.25504684448242
39.641441345214844
34.214508056640625
33.876136779785156
34.1722526550293
38.566917419433594
56.71733093261719
42.613521575927734
47.22814178466797
42.613521575927734
36.11231994628906
40.42344665527344
34.97218322753906
36.7773551940918
38.9780387878418
39.202049255371094
40.56917190551758
39.551570892333984
71.62619018554688
38.194053649902344
40.223636627197266
37.0236930847168
37.239105224609375
65.90132904052734
33.54438400268555
37.76374816894531
41.19056701660156
38.0074462890625
42.669132232666016
39.918739318847656
40.27737808227539
39.18719482421875
64.45069122314453
34.9987907409668
34.00354766845703
34.74580383300781
35.226322174072266
36.017677307128906
37.56315994262695
35.61961364746094
37.56315994262695
42.437538146972656
33.41167449951172
37.13119888305664
36.98019027709961
36.73806381225586
35.77941131591797
56.83445358276367
40.781272888183594
40.483619689941406
36.173248291015625
35.680294036865234
37.13264465332031
35.8624382019043
37.13264465332031
36.865787506103516
41.801204681396484
37.819698333740234
41.801204681396484
41.801204681396484
37.819698333740234
43.034969329833984
42.71994400024414
43.034969329833984
41.801204681396484
37.819698333740234
41.801204681396484
35.63535690307617
34.87558364868164
35.65807342529297
41.801204681396484
37.819698333740234
55.9525032043457
41.801204681396484
37.819698333740234
41.801204681396484
39.14598083496094
33.25539016723633
39.14598083496094
41.801204681396484
37.819698333740234
41.801204681396484
37.819698333740234
41.801204681396484
56.072471618652344
34.7495231628418
34.28611755371094
34.33063888549805
47.49107360839844
43.835205078125
44.16154479980469
36.36886978149414
65.2931137084961
37.165103912353516
37.22138977050781
41.4849967956543
40.3702278137207
41.4849967956543
46.60157012939453
44.052635192871094
46.60157012939453
41.86455535888672
40.070621490478516
41.86455535888672
40.51003646850586
52.92299270629883
37.22846221923828
34.968807220458984
35.18507385253906
34.968807220458984
62.94663619995117
41.801204681396484
37.819698333740234
37.587196350097656
36.02044677734375
42.5013313293457
41.801204681396484
37.819698333740234
41.86455535888672
40.070621490478516
41.86455535888672
120.42256164550781
38.46833419799805
38.55011749267578
38.46833419799805
37.76543426513672
35.51799392700195
37.220008850097656
35.72639083862305
38.46833419799805
38.55011749267578
38.46833419799805
38.46833419799805
38.55011749267578
41.801204681396484
37.819698333740234
33.013004302978516
42.03064727783203
39.05521011352539
35.500587463378906
39.05537796020508
32.9830436706543
35.8976936340332
41.48371505737305
40.36994934082031
63.24000930786133
37.037200927734375
38.270896911621094
46.18018341064453
37.4205207824707
64.15394592285156
47.764095306396484
35.87803268432617
41.34748840332031
36.127960205078125
37.187347412109375
35.67656326293945
36.1362190246582
34.04820251464844
57.43440628051758
42.020538330078125
63.76465606689453
56.91555404663086
61.479644775390625
39.205322265625
38.80543518066406
36.1362190246582
40.313880920410156
40.249359130859375
55.099159240722656
43.626644134521484
35.08977508544922
41.34748840332031
36.1418571472168
41.34748840332031
35.20045471191406
34.75177001953125
41.34748840332031
36.12399673461914
37.48102569580078
35.020606994628906
43.48257827758789
36.441246032714844
98.39606475830078
38.48130798339844
47.012657165527344
46.83913803100586
43.626644134521484
35.367401123046875
36.260353088378906
34.9380989074707
64.85356140136719
40.313880920410156
35.53243637084961
40.313880920410156
43.626644134521484
43.626644134521484
35.067588806152344
35.067588806152344
35.51846694946289
35.067588806152344
36.21115493774414
35.18723678588867
42.020538330078125
35.68901443481445
61.352169036865234
190.4427490234375
36.1362190246582
35.49314880371094
36.1362190246582
34.67003631591797
35.30790710449219
264.6925964355469
43.48257827758789
36.017696380615234
34.83547592163086
36.1362190246582
34.557228088378906
40.249359130859375
35.7203483581543
35.7203483581543
35.44289779663086
35.7203483581543
41.34748840332031
34.964820861816406
36.37275314331055
37.255279541015625
43.48257827758789
35.04830551147461
38.48130798339844
35.82584762573242
34.594547271728516
34.04820251464844
38.59562301635742
40.249359130859375
35.64306640625
34.27253341674805
37.98033905029297
41.34748840332031
33.81289291381836
35.389835357666016
43.48257827758789
38.703887939453125
43.48257827758789
34.4715690612793
34.71987533569336
35.301025390625
34.71987533569336
35.64306640625
35.74240493774414
35.22316360473633
35.74240493774414
35.74240493774414
35.74240493774414
35.74240493774414
35.74240493774414
39.06076431274414
35.74240493774414
40.249359130859375
35.468833923339844
35.74240493774414
34.55337142944336
43.626644134521484
34.56810760498047
43.626644134521484
34.1042594909668
35.74240493774414
34.991634368896484
35.74240493774414
35.74240493774414
35.74240493774414
35.22316360473633
35.74240493774414
35.74186706542969
35.74186706542969
35.74186706542969
35.74186706542969
35.74186706542969
35.74186706542969
35.74186706542969
35.74186706542969
35.22285461425781
34.47150421142578
35.74186706542969
34.4485969543457
35.74186706542969
34.399757385253906
35.74186706542969
35.74186706542969
34.41777420043945
35.74186706542969
34.399757385253906
35.22285461425781
37.38541793823242
34.52472686767578
35.70484161376953
34.399757385253906
34.399757385253906
