10.207283020019531
11.946245193481445
20.180892944335938
17.65265464782715
12.126873016357422
14.217370986938477
1.6009941101074219
19.926795959472656
14.890357971191406
14.13963508605957
6.29779052734375
9.303794860839844
32.847293853759766
1.6409225463867188
12.773870468139648
16.407669067382812
18.92304801940918
10.286365509033203
9.354656219482422
13.412860870361328
18.094558715820312
17.33147430419922
12.511358261108398
14.890357971191406
9.885126113891602
0.8558807373046875
13.86220932006836
18.112289428710938
24.67654800415039
10.468700408935547
4.061885833740234
9.51181411743164
11.25088882446289
12.964702606201172
13.099260330200195
11.412979125976562
14.890357971191406
14.385101318359375
19.527080535888672
44.3624267578125
21.959686279296875
23.830780029296875
16.428831100463867
10.893030166625977
1.6558914184570312
9.206584930419922
3.3607559204101562
12.88780403137207
12.228120803833008
17.698501586914062
12.165079116821289
17.797657012939453
21.097431182861328
14.74197769165039
18.246417999267578
9.482368469238281
13.099260330200195
9.51181411743164
19.83203887939453
18.520936965942383
4.06010627746582
26.162595748901367
13.42435073852539
11.946245193481445
15.407894134521484
13.120046615600586
16.404111862182617
-0.8598213195800781
24.692157745361328
13.099260330200195
13.686267852783203
28.722827911376953
14.858383178710938
11.69671630859375
17.370866775512695
16.088951110839844
9.55343246459961
12.688343048095703
19.128803253173828
7.4012603759765625
19.025188446044922
26.76264190673828
20.77773666381836
16.760196685791016
15.407894134521484
19.600751876831055
3.128643035888672
13.461292266845703
17.351409912109375
17.782638549804688
16.022377014160156
19.926795959472656
15.450521469116211
26.162595748901367
13.765542984008789
23.366191864013672
13.672151565551758
13.42435073852539
17.33147430419922
18.094558715820312
10.875150680541992
5.405494689941406
22.99130630493164
8.86630630493164
21.812236785888672
13.917484283447266
9.531208038330078
14.437610626220703
19.15350341796875
2.801738739013672
9.915435791015625
19.600751876831055
11.160078048706055
14.464818954467773
23.60317611694336
16.98129653930664
11.160078048706055
13.169412612915039
14.646728515625
0.6250267028808594
18.386810302734375
17.782638549804688
3.4051971435546875
16.240440368652344
12.511358261108398
14.882095336914062
6.239830017089844
18.094558715820312
13.573173522949219
12.685546875
7.397865295410156
2.2036819458007812
11.25088882446289
7.691318511962891
22.365663528442383
12.430122375488281
12.669124603271484
26.840181350708008
8.213264465332031
16.680742263793945
19.16663932800293
6.090473175048828
15.283830642700195
23.366191864013672
17.703598022460938
2.1499900817871094
16.760196685791016
29.011959075927734
7.550018310546875
9.206584930419922
12.585433959960938
12.511358261108398
12.86666488647461
16.98129653930664
16.42089080810547
13.04200553894043
11.471405029296875
9.482368469238281
4.6639404296875
10.692455291748047
13.169412612915039
17.170398712158203
9.84512710571289
22.99130630493164
11.878170013427734
-0.07550048828125
11.19955062866211
15.267507553100586
9.51181411743164
26.162595748901367
9.664022445678711
11.25088882446289
5.720394134521484
19.451364517211914
17.782638549804688
17.448713302612305
10.52716064453125
12.318763732910156
22.357967376708984
4.985481262207031
16.65872573852539
11.372598648071289
17.678834915161133
17.797657012939453
19.926795959472656
9.92258071899414
20.83034896850586
26.162595748901367
19.045751571655273
19.926795959472656
2.1499900817871094
10.875150680541992
8.433124542236328
5.323223114013672
11.258810043334961
6.697078704833984
22.357967376708984
13.427906036376953
13.099260330200195
12.146099090576172
13.099260330200195
18.032413482666016
13.108835220336914
22.99130630493164
14.908103942871094
23.366191864013672
19.926795959472656
11.006729125976562
9.482368469238281
24.907291412353516
11.043889999389648
17.782638549804688
6.576221466064453
18.87864875793457
18.878721237182617
14.646438598632812
15.180477142333984
19.045751571655273
14.51077651977539
11.383377075195312
10.300559997558594
26.162595748901367
13.098400115966797
26.815723419189453
10.04959487915039
15.884597778320312
15.407894134521484
40.20283508300781
20.35029411315918
16.680742263793945
8.361528396606445
13.169412612915039
11.25088882446289
17.442272186279297
0.353607177734375
25.429183959960938
37.1599006652832
13.957725524902344
10.697822570800781
15.180477142333984
8.791078567504883
9.482368469238281
14.856538772583008
3.3652610778808594
7.509992599487305
15.407894134521484
4.768001556396484
13.686267852783203
5.975975036621094
4.257114410400391
0.6250267028808594
29.078086853027344
8.948463439941406
10.482921600341797
12.353235244750977
10.207283020019531
23.366191864013672
8.86630630493164
11.117603302001953
15.287429809570312
25.102962493896484
13.202033996582031
15.392887115478516
18.87864875793457
15.407894134521484
6.763458251953125
13.71988296508789
20.105417251586914
18.83271026611328
10.922271728515625
14.890357971191406
16.826358795166016
-0.9762802124023438
13.104900360107422
8.86630630493164
15.203636169433594
12.669124603271484
14.484916687011719
18.520936965942383
14.548309326171875
13.099260330200195
18.38896942138672
13.04200553894043
12.36467170715332
2.3241653442382812
13.178543090820312
10.207283020019531
9.206584930419922
14.548309326171875
14.439926147460938
13.108835220336914
12.511358261108398
16.240440368652344
17.703598022460938
11.160078048706055
14.232437133789062
21.024457931518555
14.437610626220703
8.047611236572266
3.8552894592285156
22.629596710205078
18.19907569885254
11.738384246826172
21.52993392944336
11.267219543457031
8.791078567504883
19.451364517211914
17.205055236816406
18.92304801940918
10.468700408935547
9.885126113891602
11.258810043334961
2.1499900817871094
10.875150680541992
13.832878112792969
11.946245193481445
11.160078048706055
8.86630630493164
3.1618614196777344
13.104900360107422
17.797657012939453
12.511358261108398
33.16720962524414
3.010772705078125
13.04200553894043
14.890357971191406
14.74197769165039
17.657638549804688
19.926795959472656
13.104900360107422
24.989212036132812
12.688343048095703
17.80450439453125
18.92304801940918
11.530132293701172
10.875150680541992
16.804054260253906
12.964702606201172
12.773870468139648
7.041473388671875
14.51077651977539
15.407894134521484
13.672151565551758
21.024457931518555
12.511358261108398
17.27639389038086
15.407894134521484
20.105417251586914
14.413814544677734
11.471405029296875
9.51181411743164
6.576221466064453
16.299161911010742
15.564117431640625
20.01321792602539
13.053068161010742
10.482921600341797
8.86630630493164
25.02984619140625
9.51181411743164
10.875150680541992
25.02984619140625
14.009685516357422
4.798061370849609
17.25798797607422
25.429183959960938
13.04200553894043
23.741790771484375
5.9571685791015625
18.59672737121582
11.618377685546875
19.96567726135254
12.110692977905273
9.51181411743164
39.955902099609375
23.42022132873535
12.461925506591797
12.222166061401367
10.468700408935547
12.27326774597168
7.45396614074707
9.344614028930664
13.099260330200195
15.283830642700195
28.235546112060547
15.95700454711914
29.23269271850586
9.51173210144043
13.764701843261719
15.407249450683594
25.029935836791992
10.034759521484375
6.740842819213867
17.782466888427734
13.042034149169922
22.6812744140625
26.849666595458984
13.08407211303711
9.884014129638672
23.367050170898438
26.974763870239258
25.527172088623047
25.527172088623047
18.343887329101562
18.343887329101562
18.343887329101562
21.64375114440918
29.00174331665039
43.84855270385742
16.269874572753906
20.467544555664062
38.32527160644531
45.49689865112305
36.03925704956055
26.68180274963379
17.761545181274414
17.75735855102539
20.17607307434082
16.16374397277832
18.56747817993164
18.183849334716797
25.47090721130371
25.47090721130371
16.877395629882812
25.47090721130371
18.67382049560547
17.977245330810547
35.217323303222656
14.307554244995117
45.985801696777344
27.18243408203125
13.435060501098633
31.443492889404297
13.416423797607422
10.35205078125
10.362918853759766
10.1024169921875
-0.7500228881835938
13.294486999511719
13.408868789672852
20.63601303100586
10.362918853759766
37.346439361572266
10.362918853759766
27.21647834777832
10.362918853759766
10.362918853759766
10.362918853759766
10.362918853759766
10.362918853759766
10.362918853759766
10.362918853759766
10.362918853759766
10.362918853759766
10.362918853759766
10.362918853759766
10.362918853759766
10.362918853759766
10.362918853759766
10.362918853759766
10.362918853759766
10.362918853759766
10.362918853759766
13.266448974609375
13.599533081054688
13.4490966796875
13.437873840332031
24.572072982788086
13.273311614990234
13.595466613769531
13.522377014160156
34.66582489013672
17.929424285888672
17.929424285888672
15.546089172363281
35.3791618347168
13.111080169677734
13.315357208251953
33.874839782714844
25.31821632385254
-8.931632995605469
-8.931632995605469
66.6288070678711
-8.931632995605469
25.31821632385254
-8.931632995605469
13.495220184326172
10.298137664794922
17.956636428833008
19.388347625732422
29.168365478515625
-8.931632995605469
-8.931632995605469
-8.931632995605469
-8.931632995605469
-8.931632995605469
-8.931632995605469
-8.931632995605469
-8.931632995605469
32.72515869140625
-8.931632995605469
-8.931632995605469
-8.931632995605469
-8.931632995605469
-8.931632995605469
-8.931632995605469
-8.931632995605469
-8.931632995605469
-8.931632995605469
-8.931632995605469
-8.931632995605469
-8.931632995605469
-8.931632995605469
-8.931632995605469
-8.931632995605469
-8.931632995605469
-8.931632995605469
-8.931632995605469
-8.931632995605469
-8.931632995605469
-8.931632995605469
-8.931632995605469
-8.931632995605469
-8.931632995605469
-8.931632995605469
-8.931632995605469
-8.931632995605469
-8.931632995605469
-8.931632995605469
-8.931632995605469
-8.931632995605469
-8.931632995605469
-8.931632995605469
-8.931632995605469
-8.931632995605469
-8.931632995605469
-8.931632995605469
-8.931632995605469
-8.931632995605469
-8.931632995605469
-8.931632995605469
-8.931632995605469
-8.931632995605469
-8.931632995605469
-8.931632995605469
-8.931632995605469
-8.931632995605469
-8.931632995605469
-8.931632995605469
-8.931632995605469
-8.931632995605469
-8.931632995605469
-8.931632995605469
-8.931632995605469
-8.931632995605469
-8.931632995605469
-8.931632995605469
-8.931632995605469
-8.931632995605469
-8.931632995605469
11.645999908447266
8.45157241821289
4.113424301147461
29.289188385009766
20.099645614624023
20.32064437866211
15.929533004760742
20.32064437866211
15.929533004760742
9.429496765136719
8.3355712890625
7.8889312744140625
15.406551361083984
3.090496063232422
13.171567916870117
0.8960189819335938
5.3925018310546875
8.45157241821289
3.933897018432617
14.23286247253418
12.60618782043457
13.171567916870117
12.459468841552734
14.23286247253418
13.48318099975586
12.13345718383789
14.902637481689453
7.364032745361328
36.0596809387207
13.171567916870117
7.839229583740234
4.931346893310547
20.32064437866211
15.929533004760742
4.15301513671875
20.32064437866211
15.929533004760742
4.15301513671875
27.756668090820312
12.070756912231445
12.617193222045898
0.8137474060058594
14.23286247253418
12.60618782043457
13.366405487060547
12.070756912231445
12.617193222045898
10.240615844726562
12.070756912231445
12.617193222045898
10.240615844726562
22.720298767089844
20.90070152282715
20.90070152282715
20.90070152282715
12.27326774597168
12.102401733398438
12.070756912231445
12.617193222045898
10.240615844726562
14.23286247253418
12.60618782043457
14.606611251831055
12.070756912231445
12.617193222045898
10.240615844726562
12.070756912231445
13.507911682128906
12.581201553344727
15.187761306762695
10.692455291748047
8.626073837280273
8.268484115600586
3.4345474243164062
10.692455291748047
8.626073837280273
27.969593048095703
18.858341217041016
27.969593048095703
27.969593048095703
18.858341217041016
45.157630920410156
5.583187103271484
4.686115264892578
11.892417907714844
12.617193222045898
10.240615844726562
3.2875938415527344
13.499244689941406
10.977849960327148
13.499244689941406
27.467697143554688
16.388944625854492
14.323070526123047
10.34138298034668
16.388944625854492
14.323070526123047
16.388944625854492
8.376564025878906
9.696243286132812
14.07577133178711
12.10501480102539
5.553424835205078
12.6712646484375
10.575233459472656
14.423868179321289
12.079349517822266
12.506340026855469
12.079349517822266
17.78436851501465
16.137062072753906
17.78436851501465
12.728330612182617
13.830995559692383
12.728330612182617
9.859319686889648
9.376657485961914
9.859319686889648
10.692455291748047
8.626073837280273
1.8246612548828125
20.529579162597656
43.40204620361328
16.672832489013672
22.96927833557129
16.672832489013672
4.7110595703125
5.35955810546875
2.5497894287109375
12.785717010498047
12.982017517089844
15.053413391113281
16.388944625854492
14.323070526123047
17.953311920166016
13.451278686523438
16.555227279663086
10.99693489074707
1.687286376953125
11.492130279541016
3.4191665649414062
4.497501373291016
12.445552825927734
12.57611083984375
19.191261291503906
12.272619247436523
26.842126846313477
13.063163757324219
12.865760803222656
6.30706787109375
7.232837677001953
2.631389617919922
11.58657455444336
9.018875122070312
13.890806198120117
10.745269775390625
13.890806198120117
13.245918273925781
2.8007431030273438
18.407257080078125
15.79901123046875
14.882843017578125
3.9140892028808594
12.806529998779297
18.64093780517578
16.607227325439453
17.812036514282227
2.4977188110351562
17.3583927154541
13.946550369262695
17.3583927154541
9.112411499023438
15.676761627197266
12.780349731445312
15.676761627197266
15.676761627197266
12.780349731445312
18.180171966552734
17.997447967529297
18.180171966552734
15.676761627197266
12.780349731445312
15.676761627197266
11.322147369384766
14.678653717041016
12.702508926391602
15.676761627197266
12.780349731445312
10.318706512451172
15.676761627197266
12.780349731445312
15.676761627197266
24.450458526611328
11.42393684387207
24.450458526611328
15.676761627197266
12.780349731445312
15.676761627197266
12.780349731445312
15.676761627197266
10.365909576416016
12.53016471862793
10.4697265625
10.870121002197266
24.91925048828125
16.216922760009766
14.84398078918457
1.9521331787109375
11.424236297607422
5.56201171875
18.82322883605957
13.504074096679688
15.725404739379883
13.504074096679688
23.181154251098633
18.520936965942383
23.181154251098633
14.565620422363281
12.420028686523438
14.565620422363281
9.108772277832031
20.086837768554688
0.9636497497558594
11.987052917480469
20.25135040283203
11.987052917480469
15.364425659179688
15.676761627197266
12.780349731445312
20.32064437866211
15.929533004760742
18.91931915283203
15.676761627197266
12.780349731445312
14.565620422363281
12.420028686523438
14.565620422363281
45.12629699707031
13.765542984008789
9.62234115600586
13.765542984008789
9.696243286132812
14.07577133178711
12.10501480102539
3.6486473083496094
13.765542984008789
9.62234115600586
13.765542984008789
13.765542984008789
9.62234115600586
15.676761627197266
12.780349731445312
6.186992645263672
12.125946044921875
14.070255279541016
23.484312057495117
14.07016372680664
2.3629531860351562
5.231681823730469
13.502740859985352
15.723648071289062
49.615753173828125
26.948301315307617
13.315357208251953
16.343366622924805
13.111080169677734
82.84420013427734
28.104948043823242
39.3466796875
16.70306396484375
5.49543571472168
17.839221954345703
7.474918365478516
11.314445495605469
19.1036434173584
20.030868530273438
19.42087745666504
20.322895050048828
18.898643493652344
20.893817901611328
12.97036361694336
8.325103759765625
11.314445495605469
9.25936508178711
14.300117492675781
23.048791885375977
19.423805236816406
12.494327545166016
16.70306396484375
7.4482574462890625
16.70306396484375
10.54266357421875
5.537891387939453
16.70306396484375
14.74407958984375
19.07360076904297
5.901638031005859
17.146390914916992
7.792652130126953
25.707942962646484
13.32748794555664
73.41336059570312
77.38404846191406
19.423805236816406
6.9850921630859375
8.308855056762695
5.195934295654297
19.328777313232422
9.25936508178711
7.5785064697265625
9.25936508178711
19.423805236816406
19.423805236816406
15.666873931884766
15.666873931884766
14.22613525390625
15.666873931884766
10.280323028564453
4.557268142700195
19.42087745666504
5.362373352050781
55.05021667480469
78.21296691894531
11.314445495605469
13.831441879272461
11.314445495605469
3.5265579223632812
22.02819061279297
53.884521484375
17.146390914916992
7.477363586425781
6.111352920532227
11.314445495605469
9.68157958984375
14.300117492675781
2.3403396606445312
2.3403396606445312
1.5820846557617188
2.3403396606445312
16.70306396484375
2.9391555786132812
12.46571159362793
14.246700286865234
17.146390914916992
8.244512557983398
13.32748794555664
4.828754425048828
4.738288879394531
19.1036434173584
9.75053596496582
14.300117492675781
2.196430206298828
6.303932189941406
23.705400466918945
16.70306396484375
7.384307861328125
32.46282958984375
17.146390914916992
16.269874572753906
17.146390914916992
7.659366607666016
6.031644821166992
5.023956298828125
6.031644821166992
2.196430206298828
1.9792709350585938
4.720773696899414
1.9792709350585938
1.9792709350585938
1.9792709350585938
1.9792709350585938
1.9792709350585938
14.916265487670898
1.9792709350585938
14.300117492675781
2.204090118408203
1.9792709350585938
9.565902709960938
19.423805236816406
8.833454132080078
19.423805236816406
6.336784362792969
1.9792709350585938
12.306846618652344
1.9792709350585938
1.9792709350585938
1.9792709350585938
4.720773696899414
1.9792709350585938
1.9799480438232422
1.9799480438232422
1.9799480438232422
1.9799480438232422
1.9799480438232422
1.9799480438232422
1.9799480438232422
1.9799480438232422
4.721136093139648
8.04949951171875
1.9799480438232422
5.564397811889648
1.9799480438232422
5.227140426635742
1.9799480438232422
1.9799480438232422
5.693737030029297
1.9799480438232422
5.227140426635742
4.721136093139648
18.429901123046875
4.576641082763672
11.126901626586914
5.227140426635742
5.227140426635742
