17.051712036132812
19.119033813476562
24.102066040039062
22.54830551147461
18.60062599182129
20.598901748657227
9.296283721923828
27.1917724609375
20.59845733642578
20.433189392089844
12.371536254882812
15.465019226074219
36.98789978027344
8.629829406738281
18.95506477355957
22.11941909790039
23.276397705078125
17.456249237060547
15.075660705566406
19.325363159179688
24.379966735839844
23.257061004638672
20.526334762573242
20.59845733642578
16.426589965820312
9.338085174560547
17.847755432128906
24.489643096923828
27.27780532836914
16.725461959838867
10.739606857299805
16.70400047302246
18.232948303222656
18.90367317199707
19.138784408569336
17.393169403076172
20.59845733642578
20.991104125976562
23.088523864746094
48.888336181640625
24.69623565673828
27.410037994384766
20.04442596435547
16.205921173095703
9.98775863647461
15.03451156616211
10.893381118774414
18.144651412963867
18.146900177001953
21.370567321777344
18.53015899658203
24.04981231689453
25.9210205078125
20.6341495513916
23.61151885986328
15.689241409301758
19.138784408569336
16.70400047302246
25.295516967773438
25.87554931640625
10.226263046264648
29.8969669342041
19.47850799560547
19.119033813476562
22.250160217285156
19.41726303100586
22.808347702026367
6.630241394042969
28.1140079498291
19.138784408569336
19.773963928222656
34.732723236083984
21.77472686767578
17.71316909790039
22.553848266601562
21.50801658630371
14.705253601074219
18.885211944580078
24.411653518676758
13.185745239257812
24.494468688964844
29.500036239624023
26.914241790771484
22.053878784179688
22.250160217285156
24.219926834106445
9.711999893188477
19.485004425048828
24.219606399536133
23.69166374206543
21.39993667602539
27.1917724609375
21.770179748535156
29.8969669342041
21.722238540649414
26.51827621459961
20.084545135498047
19.47850799560547
23.257061004638672
24.379966735839844
17.919113159179688
12.756462097167969
27.14130401611328
15.793235778808594
27.422945022583008
20.18244171142578
15.845970153808594
19.88529396057129
24.2004337310791
11.059814453125
16.464733123779297
24.219926834106445
17.476377487182617
19.744762420654297
28.050159454345703
22.743999481201172
17.476377487182617
19.406322479248047
19.36486053466797
8.462814331054688
24.920339584350586
23.69166374206543
11.18447494506836
21.161136627197266
20.526334762573242
21.917964935302734
12.76667594909668
24.379966735839844
19.660751342773438
18.150989532470703
14.094255447387695
8.905319213867188
18.232948303222656
13.501296997070312
26.980010986328125
18.65289306640625
18.678695678710938
28.937252044677734
15.009269714355469
21.257335662841797
24.21955108642578
12.412569046020508
21.552215576171875
26.51827621459961
23.05599594116211
10.073396682739258
22.053878784179688
34.68059539794922
14.780193328857422
15.03451156616211
18.71611785888672
20.526334762573242
19.190078735351562
22.743999481201172
22.233659744262695
19.666446685791016
17.726600646972656
15.689241409301758
11.877552032470703
16.875911712646484
19.406322479248047
22.272804260253906
17.259674072265625
27.14130401611328
17.874216079711914
7.945159912109375
17.054943084716797
20.700281143188477
16.70400047302246
29.8969669342041
15.945404052734375
18.232948303222656
13.11905288696289
25.20062255859375
23.69166374206543
23.209577560424805
17.600202560424805
18.278989791870117
27.570096969604492
12.050086975097656
22.533164978027344
17.36756134033203
23.338340759277344
24.04981231689453
27.1917724609375
13.523826599121094
27.72317886352539
29.8969669342041
24.908340454101562
27.1917724609375
10.073396682739258
17.919113159179688
14.50535774230957
11.503265380859375
17.61764907836914
12.7806396484375
27.570096969604492
19.453258514404297
19.138784408569336
19.285371780395508
19.138784408569336
22.00147247314453
18.790712356567383
27.14130401611328
21.3580322265625
26.51827621459961
27.1917724609375
15.839241027832031
15.689241409301758
32.94017028808594
17.08737564086914
23.69166374206543
13.684444427490234
22.49439239501953
25.035446166992188
20.336441040039062
22.015361785888672
24.908340454101562
20.91020393371582
18.592025756835938
16.446239471435547
29.8969669342041
19.103303909301758
28.081531524658203
16.016197204589844
22.844070434570312
22.250160217285156
42.602760314941406
23.707305908203125
21.257335662841797
15.387592315673828
19.406322479248047
18.232948303222656
22.983240127563477
7.704324722290039
27.075439453125
39.52810287475586
20.712411880493164
17.765474319458008
22.015361785888672
15.77479362487793
15.689241409301758
22.859169006347656
10.351076126098633
13.901313781738281
22.250160217285156
11.463769912719727
19.773963928222656
12.207508087158203
11.037092208862305
8.462814331054688
32.27542495727539
15.372529983520508
16.629335403442383
18.490928649902344
17.051712036132812
26.51827621459961
15.793235778808594
18.625844955444336
21.092700958251953
28.847530364990234
19.33481216430664
20.097488403320312
22.49439239501953
22.250160217285156
13.245100021362305
19.90753173828125
24.39122772216797
22.873424530029297
16.78951072692871
20.59845733642578
22.71337127685547
7.355094909667969
18.115114212036133
15.793235778808594
20.320167541503906
18.678695678710938
19.88509178161621
25.87554931640625
19.73919105529785
19.138784408569336
24.206199645996094
19.666446685791016
16.25303077697754
10.522415161132812
18.205177307128906
17.051712036132812
15.03451156616211
19.73919105529785
20.523319244384766
18.790712356567383
20.526334762573242
21.161136627197266
23.05599594116211
17.476377487182617
19.999181747436523
25.181772232055664
19.88529396057129
14.33718490600586
11.059417724609375
27.873390197753906
21.980209350585938
17.703811645507812
24.886751174926758
17.180028915405273
15.77479362487793
25.20062255859375
23.589744567871094
23.276397705078125
16.725461959838867
16.426589965820312
17.61764907836914
10.073396682739258
17.919113159179688
20.414278030395508
19.119033813476562
17.476377487182617
15.793235778808594
9.201356887817383
18.115114212036133
24.04981231689453
20.526334762573242
26.531383514404297
10.056655883789062
19.666446685791016
20.59845733642578
20.6341495513916
22.029857635498047
27.1917724609375
18.115114212036133
27.101757049560547
18.885211944580078
23.454936981201172
23.276397705078125
16.59368896484375
17.919113159179688
21.638229370117188
18.90367317199707
18.95506477355957
13.3648681640625
20.91020393371582
22.250160217285156
20.084545135498047
25.181772232055664
20.526334762573242
23.120845794677734
22.250160217285156
24.39122772216797
19.907615661621094
17.726600646972656
16.70400047302246
13.684444427490234
22.272375106811523
20.701120376586914
26.122583389282227
17.807910919189453
16.629335403442383
15.793235778808594
28.715167999267578
16.70400047302246
17.919113159179688
28.715167999267578
20.31757164001465
11.697330474853516
23.1064510345459
27.075439453125
19.666446685791016
28.996870040893555
11.858924865722656
24.521177291870117
19.011648178100586
25.69554901123047
17.781822204589844
16.70400047302246
42.16240310668945
28.550445556640625
17.99552345275879
17.563974380493164
16.725461959838867
18.150325775146484
13.19021987915039
16.664960861206055
19.138784408569336
21.552215576171875
31.541431427001953
23.166454315185547
34.906700134277344
16.703771591186523
21.721731185913086
22.25000762939453
28.714998245239258
17.312850952148438
12.043533325195312
23.69171905517578
19.66651153564453
28.0814208984375
31.747879028320312
19.00238800048828
16.425949096679688
26.518892288208008
31.1190185546875
27.518404006958008
27.518404006958008
25.379131317138672
25.379131317138672
25.379131317138672
26.824615478515625
33.90536880493164
51.161399841308594
22.128345489501953
26.156679153442383
39.66484069824219
41.77351379394531
42.99918746948242
32.42390060424805
24.014280319213867
24.087940216064453
25.960386276245117
22.720243453979492
25.103334426879883
24.56114959716797
30.651304244995117
30.651304244995117
23.484580993652344
30.651304244995117
24.396610260009766
24.82197380065918
39.5272216796875
19.747005462646484
49.117923736572266
31.4334716796875
18.89629554748535
36.825599670410156
18.870521545410156
20.592445373535156
19.243297576904297
19.429569244384766
8.044021606445312
18.642610549926758
18.862773895263672
32.658348083496094
19.243297576904297
40.85853958129883
19.243297576904297
32.70084762573242
19.243297576904297
19.243297576904297
19.243297576904297
19.243297576904297
19.243297576904297
19.243297576904297
19.243297576904297
19.243297576904297
19.243297576904297
19.243297576904297
19.243297576904297
19.243297576904297
19.243297576904297
19.243297576904297
19.243297576904297
19.243297576904297
19.243297576904297
19.243297576904297
18.72764778137207
19.008926391601562
18.913604736328125
18.877254486083984
28.528526306152344
18.861957550048828
19.021060943603516
18.965274810791016
36.27836608886719
22.70254135131836
22.70254135131836
21.139354705810547
37.41192626953125
20.040435791015625
19.520549774169922
36.541160583496094
31.22024154663086
2.2054710388183594
2.2054710388183594
60.78459930419922
2.2054710388183594
31.22024154663086
2.2054710388183594
19.842748641967773
16.933002471923828
23.80203628540039
23.48556137084961
30.818923950195312
2.2054710388183594
2.2054710388183594
2.2054710388183594
2.2054710388183594
2.2054710388183594
2.2054710388183594
2.2054710388183594
2.2054710388183594
39.206825256347656
2.2054710388183594
2.2054710388183594
2.2054710388183594
2.2054710388183594
2.2054710388183594
2.2054710388183594
2.2054710388183594
2.2054710388183594
2.2054710388183594
2.2054710388183594
2.2054710388183594
2.2054710388183594
2.2054710388183594
2.2054710388183594
2.2054710388183594
2.2054710388183594
2.2054710388183594
2.2054710388183594
2.2054710388183594
2.2054710388183594
2.2054710388183594
2.2054710388183594
2.2054710388183594
2.2054710388183594
2.2054710388183594
2.2054710388183594
2.2054710388183594
2.2054710388183594
2.2054710388183594
2.2054710388183594
2.2054710388183594
2.2054710388183594
2.2054710388183594
2.2054710388183594
2.2054710388183594
2.2054710388183594
2.2054710388183594
2.2054710388183594
2.2054710388183594
2.2054710388183594
2.2054710388183594
2.2054710388183594
2.2054710388183594
2.2054710388183594
2.2054710388183594
2.2054710388183594
2.2054710388183594
2.2054710388183594
2.2054710388183594
2.2054710388183594
2.2054710388183594
2.2054710388183594
2.2054710388183594
2.2054710388183594
2.2054710388183594
2.2054710388183594
2.2054710388183594
2.2054710388183594
2.2054710388183594
2.2054710388183594
17.49366569519043
14.916786193847656
10.635580062866211
34.95142364501953
25.957082748413086
26.56096076965332
22.985719680786133
26.56096076965332
22.985719680786133
14.792831420898438
13.379680633544922
12.69388198852539
18.907821655273438
10.72232437133789
19.827404022216797
8.435211181640625
11.686248779296875
14.916786193847656
10.585060119628906
20.384098052978516
18.546241760253906
19.827404022216797
18.097043991088867
20.384098052978516
18.82933807373047
18.28171730041504
19.96167755126953
13.489252090454102
36.47954559326172
19.827404022216797
14.652284622192383
11.751949310302734
26.56096076965332
22.985719680786133
13.270811080932617
26.56096076965332
22.985719680786133
13.270811080932617
29.61159896850586
17.638141632080078
18.114856719970703
8.748437881469727
20.384098052978516
18.546241760253906
19.937923431396484
17.638141632080078
18.114856719970703
18.78229522705078
17.638141632080078
18.114856719970703
18.78229522705078
27.20526885986328
23.73640251159668
23.73640251159668
23.73640251159668
18.150325775146484
18.09302520751953
17.638141632080078
18.114856719970703
18.78229522705078
20.384098052978516
18.546241760253906
20.043170928955078
17.638141632080078
18.114856719970703
18.78229522705078
17.638141632080078
19.368391036987305
18.54670524597168
20.44719886779785
16.875911712646484
15.505594253540039
15.154411315917969
10.10849380493164
16.875911712646484
15.505594253540039
32.83140563964844
26.77614974975586
32.83140563964844
32.83140563964844
26.77614974975586
49.7166748046875
12.814193725585938
11.650251388549805
17.741352081298828
18.114856719970703
18.78229522705078
10.027961730957031
19.061687469482422
16.522186279296875
19.061687469482422
23.527523040771484
22.878870010375977
20.482574462890625
17.74797821044922
22.878870010375977
20.482574462890625
22.878870010375977
15.6044921875
16.097496032714844
19.985166549682617
18.127361297607422
12.360734939575195
18.342308044433594
16.789453506469727
19.808441162109375
18.0006160736084
17.997262954711914
18.0006160736084
23.26459503173828
21.502002716064453
23.26459503173828
18.325130462646484
18.597820281982422
18.325130462646484
16.864356994628906
16.610740661621094
16.864356994628906
16.875911712646484
15.505594253540039
8.714405059814453
24.284652709960938
47.80425262451172
23.699081420898438
29.437000274658203
23.699081420898438
10.94656753540039
12.724016189575195
9.566028594970703
18.081531524658203
19.11448860168457
20.285560607910156
22.878870010375977
20.482574462890625
22.095613479614258
19.566417694091797
23.361034393310547
17.162050247192383
8.843887329101562
15.88650131225586
10.544734954833984
11.253118515014648
18.299421310424805
18.470661163330078
23.844593048095703
18.795873641967773
30.726518630981445
19.517377853393555
21.425037384033203
12.824050903320312
13.155506134033203
9.804283142089844
17.433744430541992
15.056406021118164
20.163082122802734
16.912857055664062
20.163082122802734
19.24822235107422
9.602523803710938
23.68666648864746
21.05487060546875
20.3695068359375
10.751718521118164
16.661163330078125
23.584674835205078
22.114065170288086
20.273487091064453
9.048837661743164
23.1488037109375
19.25469207763672
23.1488037109375
14.219842910766602
20.79718780517578
18.615062713623047
20.79718780517578
20.79718780517578
18.615062713623047
23.793489456176758
23.808948516845703
23.793489456176758
20.79718780517578
18.615062713623047
20.79718780517578
17.447368621826172
20.87227439880371
18.94080924987793
20.79718780517578
18.615062713623047
14.336715698242188
20.79718780517578
18.615062713623047
20.79718780517578
30.474315643310547
16.152055740356445
30.474315643310547
20.79718780517578
18.615062713623047
20.79718780517578
18.615062713623047
20.79718780517578
15.118370056152344
17.813465118408203
16.14521598815918
16.731351852416992
29.98000144958496
22.27047348022461
20.846755981445312
8.729389190673828
16.822301864624023
11.809881210327148
25.842144012451172
21.32781982421875
21.942956924438477
21.32781982421875
27.790666580200195
25.87554931640625
27.790666580200195
20.69432830810547
18.192583084106445
20.69432830810547
15.624399185180664
22.945608139038086
8.25227165222168
18.34331512451172
26.50304412841797
18.34331512451172
18.681861877441406
20.79718780517578
18.615062713623047
26.56096076965332
22.985719680786133
22.798006057739258
20.79718780517578
18.615062713623047
20.69432830810547
18.192583084106445
20.69432830810547
61.151893615722656
21.722238540649414
16.671401977539062
21.722238540649414
16.097496032714844
19.985166549682617
18.127361297607422
10.366512298583984
21.722238540649414
16.671401977539062
21.722238540649414
21.722238540649414
16.671401977539062
20.79718780517578
18.615062713623047
13.129096984863281
18.37255096435547
19.771936416625977
26.171640396118164
19.771923065185547
10.181962966918945
11.463369369506836
21.326416015625
21.941877365112305
49.84471893310547
26.652740478515625
19.520549774169922
18.54079246520996
20.040435791015625
83.27181243896484
31.29825210571289
39.82011032104492
21.99013328552246
12.129753112792969
22.613649368286133
13.658193588256836
17.428377151489258
23.04926300048828
24.814678192138672
25.01837158203125
25.604633331298828
24.270849227905273
27.453781127929688
19.062244415283203
14.652275085449219
17.428377151489258
16.395376205444336
20.33493423461914
27.37982749938965
25.165935516357422
18.572914123535156
21.99013328552246
13.954345703125
21.99013328552246
16.685943603515625
12.207887649536133
21.99013328552246
20.968961715698242
23.048938751220703
12.094295501708984
24.17679786682129
14.274242401123047
38.633209228515625
19.537906646728516
64.47181701660156
67.4617691040039
25.165935516357422
13.57010269165039
14.774946212768555
11.728981018066406
26.8200626373291
16.395376205444336
14.166524887084961
16.395376205444336
25.165935516357422
25.165935516357422
21.582773208618164
21.582773208618164
19.9803466796875
21.582773208618164
16.95121955871582
11.188953399658203
25.01837158203125
12.52618408203125
56.46316146850586
86.8857421875
17.428377151489258
20.167659759521484
17.428377151489258
10.283597946166992
26.826061248779297
77.24273681640625
24.17679786682129
13.845691680908203
12.826692581176758
17.428377151489258
15.673358917236328
20.33493423461914
10.304149627685547
10.304149627685547
9.487361907958984
10.304149627685547
21.99013328552246
10.415185928344727
18.897235870361328
20.35509490966797
24.17679786682129
14.772775650024414
19.537906646728516
11.386360168457031
11.728694915771484
23.04926300048828
15.682361602783203
20.33493423461914
9.982723236083984
12.748947143554688
29.050762176513672
21.99013328552246
13.881826400756836
35.47749328613281
24.17679786682129
22.128345489501953
24.17679786682129
13.735910415649414
12.573856353759766
12.099493026733398
12.573856353759766
9.982723236083984
9.915559768676758
12.012508392333984
9.915559768676758
9.915559768676758
9.915559768676758
9.915559768676758
9.915559768676758
20.92687225341797
9.915559768676758
20.33493423461914
10.053203582763672
9.915559768676758
15.879898071289062
25.165935516357422
15.106954574584961
25.165935516357422
12.51239013671875
9.915559768676758
18.239748001098633
9.915559768676758
9.915559768676758
9.915559768676758
12.012508392333984
9.915559768676758
9.916091918945312
9.916091918945312
9.916091918945312
9.916091918945312
9.916091918945312
9.916091918945312
9.916091918945312
9.916091918945312
12.012971878051758
13.840862274169922
9.916091918945312
12.422176361083984
9.916091918945312
12.242080688476562
9.916091918945312
9.916091918945312
12.51750373840332
9.916091918945312
12.242080688476562
12.012971878051758
23.904842376708984
11.788684844970703
16.680240631103516
12.242080688476562
12.242080688476562
