12.430496215820312
14.242431640625
21.444896697998047
19.232898712158203
14.339412689208984
16.329132080078125
4.050941467285156
22.542213439941406
16.714807510375977
16.165912628173828
8.330513000488281
11.3531494140625
34.99164581298828
3.8536510467529297
14.765480041503906
18.379613876342773
20.189315795898438
12.725677490234375
11.345205307006836
15.154949188232422
19.98732566833496
19.173908233642578
14.997629165649414
16.714807510375977
12.130762100219727
3.5213851928710938
15.209314346313477
20.076190948486328
25.583839416503906
12.492618560791016
6.193414688110352
11.785808563232422
13.538400650024414
14.786575317382812
15.156856536865234
13.506471633911133
16.714807510375977
17.591896057128906
19.537796020507812
46.99010467529297
23.105043411254883
25.212003707885742
17.555557250976562
12.902772903442383
4.458885192871094
11.108287811279297
5.761478424072266
14.572818756103516
14.14076042175293
18.815404891967773
14.286432266235352
19.76194953918457
22.80384063720703
16.586528778076172
20.101318359375
11.57705307006836
15.156856536865234
11.785808563232422
21.970905303955078
21.050506591796875
5.968238830566406
27.061655044555664
15.322563171386719
14.242431640625
17.62940216064453
15.246826171875
18.550453186035156
1.2424583435058594
25.871051788330078
15.156856536865234
15.554889678955078
31.02045249938965
17.211383819580078
13.4564208984375
19.070568084716797
17.97480583190918
9.413078308105469
14.750862121582031
20.98729705810547
10.869003295898438
21.0106143951416
27.58302116394043
22.689350128173828
18.549625396728516
17.62940216064453
21.145803451538086
5.185749053955078
15.49850082397461
19.58090591430664
19.607128143310547
17.936012268066406
22.542213439941406
17.485597610473633
27.061655044555664
16.35232925415039
24.350801467895508
15.727161407470703
15.322563171386719
19.173908233642578
19.98732566833496
13.143775939941406
7.805843353271484
24.480276107788086
11.09018325805664
23.495731353759766
15.996902465820312
11.60207748413086
16.274856567382812
20.891433715820312
5.448966979980469
10.213829040527344
21.145803451538086
13.28164291381836
16.255977630615234
24.947153091430664
18.686803817749023
13.28164291381836
15.242328643798828
16.483139038085938
3.0667381286621094
20.608579635620117
19.607128143310547
6.075927734375
17.876047134399414
14.997629165649414
16.687711715698242
8.399137496948242
19.98732566833496
15.502836227416992
14.323171615600586
9.625
4.272167205810547
13.538400650024414
9.589876174926758
23.862930297851562
14.456558227539062
14.625179290771484
27.15410041809082
10.58443832397461
18.269920349121094
20.816377639770508
8.175619125366211
17.3212947845459
24.350801467895508
19.339862823486328
4.914066314697266
18.549625396728516
31.479045867919922
9.775138854980469
11.108287811279297
14.66585922241211
14.997629165649414
14.98695182800293
18.686803817749023
18.2506160736084
15.053438186645508
13.547992706298828
11.57705307006836
7.120941162109375
12.786527633666992
15.242328643798828
18.919437408447266
12.22787857055664
24.480276107788086
13.79690170288086
2.376220703125
13.134836196899414
17.269611358642578
11.785808563232422
27.061655044555664
11.827503204345703
13.538400650024414
8.240795135498047
21.466550827026367
19.607128143310547
19.29265785217285
12.816320419311523
14.17654800415039
24.327510833740234
7.233356475830078
18.471050262451172
13.299957275390625
19.377899169921875
19.76194953918457
22.542213439941406
9.396980285644531
23.0334415435791
27.061655044555664
20.861539840698242
22.542213439941406
4.914066314697266
13.143775939941406
10.497600555419922
7.218111038208008
13.369012832641602
8.821765899658203
24.327510833740234
15.405044555664062
15.156856536865234
14.480274200439453
15.156856536865234
19.52752113342285
14.729543685913086
24.480276107788086
17.06814193725586
24.350801467895508
22.542213439941406
12.108184814453125
11.57705307006836
25.721221923828125
13.070636749267578
19.607128143310547
8.943288803100586
20.1511287689209
20.8472843170166
16.674753189086914
17.409526824951172
20.861539840698242
16.63987159729004
13.92995834350586
12.332847595214844
27.061655044555664
15.04869270324707
27.075359344482422
12.032848358154297
18.1136531829834
17.62940216064453
40.5570182800293
21.54500389099121
18.269920349121094
10.72946548461914
15.242328643798828
13.538400650024414
19.169002532958984
2.5783843994140625
26.28158950805664
38.250213623046875
16.35871124267578
13.191547393798828
17.409526824951172
11.038837432861328
11.57705307006836
17.594383239746094
5.608158111572266
9.545257568359375
17.62940216064453
6.833454132080078
15.554889678955078
8.42605209350586
6.402425765991211
3.0667381286621094
30.461631774902344
11.196210861206055
12.466035842895508
14.435199737548828
12.430496215820312
24.350801467895508
11.09018325805664
13.555255889892578
17.180923461914062
26.38165283203125
15.1937255859375
16.994976043701172
20.1511287689209
17.62940216064453
8.876932144165039
15.663467407226562
21.370037078857422
20.290678024291992
12.863122940063477
16.714807510375977
18.677583694458008
1.73150634765625
14.744510650634766
11.09018325805664
16.950916290283203
14.625179290771484
16.270387649536133
21.050506591796875
16.282075881958008
15.156856536865234
20.209232330322266
15.053438186645508
13.503334045410156
4.955780029296875
14.858449935913086
12.430496215820312
11.108287811279297
16.282075881958008
16.373394012451172
14.729543685913086
14.997629165649414
17.876047134399414
19.339862823486328
13.28164291381836
16.0400447845459
22.273408889770508
16.274856567382812
9.966066360473633
6.185111999511719
24.491519927978516
19.310657501220703
13.687936782836914
22.446880340576172
13.228487014770508
11.038837432861328
21.466550827026367
19.389183044433594
20.189315795898438
12.492618560791016
12.130762100219727
13.369012832641602
4.914066314697266
13.143775939941406
16.03598976135254
14.242431640625
13.28164291381836
11.09018325805664
5.102199554443359
14.744510650634766
19.76194953918457
14.997629165649414
30.0640869140625
5.205684661865234
15.053438186645508
16.714807510375977
16.586528778076172
19.34323501586914
22.542213439941406
14.744510650634766
25.303447723388672
14.750862121582031
19.563316345214844
20.189315795898438
13.190437316894531
13.143775939941406
18.153461456298828
14.786575317382812
14.765480041503906
9.141305923461914
16.63987159729004
17.62940216064453
15.727161407470703
22.273408889770508
14.997629165649414
19.248693466186523
17.62940216064453
21.370037078857422
16.311140060424805
13.547992706298828
11.785808563232422
8.943288803100586
18.186927795410156
17.425514221191406
22.15684700012207
14.62679672241211
12.466035842895508
11.09018325805664
26.296390533447266
11.785808563232422
13.143775939941406
26.296390533447266
16.082515716552734
7.179998397827148
19.007625579833984
26.28158950805664
15.053438186645508
25.32366180419922
7.815254211425781
20.498517990112305
13.973812103271484
21.792865753173828
13.96196174621582
11.785808563232422
41.17530059814453
25.443584442138672
14.308183670043945
14.024093627929688
12.492618560791016
14.022590637207031
9.325637817382812
11.705476760864258
15.156856536865234
17.3212947845459
29.04119873046875
18.237369537353516
31.59771728515625
11.785648345947266
16.351842880249023
17.6290225982666
26.296390533447266
12.38337516784668
8.52542495727539
19.607072830200195
15.053434371948242
24.51067543029785
28.68804168701172
15.105308532714844
12.129890441894531
24.35150909423828
28.283605575561523
25.767913818359375
25.767913818359375
21.20693588256836
21.20693588256836
21.20693588256836
23.44781494140625
30.766368865966797
44.99164962768555
18.110450744628906
21.809040069580078
37.110748291015625
43.99357986450195
38.055511474609375
28.79046058654785
19.69751739501953
19.76239013671875
22.06247329711914
18.200775146484375
20.691783905029297
20.205467224121094
27.391834259033203
27.391834259033203
19.077621459960938
27.391834259033203
20.626569747924805
20.319324493408203
37.36630630493164
15.803016662597656
47.4999885559082
27.05856704711914
15.075712203979492
33.79172134399414
15.07452392578125
13.087699890136719
11.479179382324219
11.787612915039062
2.264362335205078
15.609375
15.034990310668945
19.979618072509766
11.479179382324219
39.16436767578125
11.479179382324219
29.234561920166016
11.479179382324219
11.479179382324219
11.479179382324219
11.479179382324219
11.479179382324219
11.479179382324219
11.479179382324219
11.479179382324219
11.479179382324219
11.479179382324219
11.479179382324219
11.479179382324219
11.479179382324219
11.479179382324219
11.479179382324219
11.479179382324219
11.479179382324219
11.479179382324219
14.999683380126953
14.987297058105469
14.967771530151367
15.096382141113281
24.36541748046875
15.063058853149414
15.183145523071289
15.115880966186523
35.469844818115234
19.77034568786621
19.77034568786621
17.621116638183594
35.943626403808594
15.341793060302734
15.009712219238281
35.168426513671875
27.558443069458008
-5.502094268798828
-5.502094268798828
64.37271881103516
-5.502094268798828
27.558443069458008
-5.502094268798828
15.687053680419922
12.522663116455078
19.99788475036621
21.25421905517578
30.023162841796875
-5.502094268798828
-5.502094268798828
-5.502094268798828
-5.502094268798828
-5.502094268798828
-5.502094268798828
-5.502094268798828
-5.502094268798828
35.16339111328125
-5.502094268798828
-5.502094268798828
-5.502094268798828
-5.502094268798828
-5.502094268798828
-5.502094268798828
-5.502094268798828
-5.502094268798828
-5.502094268798828
-5.502094268798828
-5.502094268798828
-5.502094268798828
-5.502094268798828
-5.502094268798828
-5.502094268798828
-5.502094268798828
-5.502094268798828
-5.502094268798828
-5.502094268798828
-5.502094268798828
-5.502094268798828
-5.502094268798828
-5.502094268798828
-5.502094268798828
-5.502094268798828
-5.502094268798828
-5.502094268798828
-5.502094268798828
-5.502094268798828
-5.502094268798828
-5.502094268798828
-5.502094268798828
-5.502094268798828
-5.502094268798828
-5.502094268798828
-5.502094268798828
-5.502094268798828
-5.502094268798828
-5.502094268798828
-5.502094268798828
-5.502094268798828
-5.502094268798828
-5.502094268798828
-5.502094268798828
-5.502094268798828
-5.502094268798828
-5.502094268798828
-5.502094268798828
-5.502094268798828
-5.502094268798828
-5.502094268798828
-5.502094268798828
-5.502094268798828
-5.502094268798828
-5.502094268798828
-5.502094268798828
-5.502094268798828
-5.502094268798828
-5.502094268798828
-5.502094268798828
13.547966003417969
10.528369903564453
6.085762023925781
31.2373046875
22.534608840942383
22.504898071289062
18.325780868530273
22.504898071289062
18.325780868530273
9.402305603027344
8.298259735107422
8.205745697021484
14.818443298339844
5.599483489990234
15.297355651855469
3.2309093475341797
7.425115585327148
10.528369903564453
5.967681884765625
16.347801208496094
14.656305313110352
15.297355651855469
14.565727233886719
16.347801208496094
15.78609848022461
14.159374237060547
16.62849998474121
9.26968765258789
36.34628677368164
15.297355651855469
10.120529174804688
7.307626724243164
22.504898071289062
18.325780868530273
7.562381744384766
22.504898071289062
18.325780868530273
7.562381744384766
28.975093841552734
13.87127685546875
14.41998291015625
3.3144149780273438
16.347801208496094
14.656305313110352
16.042415618896484
13.87127685546875
14.41998291015625
13.663280487060547
13.87127685546875
14.41998291015625
13.663280487060547
24.154756546020508
21.338497161865234
21.338497161865234
21.338497161865234
14.022590637207031
13.946418762207031
13.87127685546875
14.41998291015625
13.663280487060547
16.347801208496094
14.656305313110352
16.868440628051758
13.87127685546875
14.41998291015625
13.663280487060547
13.87127685546875
15.369892120361328
14.576274871826172
16.9425048828125
12.786527633666992
10.993400573730469
10.571643829345703
5.50262451171875
12.786527633666992
10.993400573730469
30.206378936767578
21.314720153808594
30.206378936767578
30.206378936767578
21.314720153808594
46.25996780395508
8.111797332763672
7.012483596801758
14.230537414550781
14.41998291015625
13.663280487060547
5.425029754638672
15.346921920776367
12.826610565185547
15.346921920776367
25.595359802246094
18.39697265625
16.425304412841797
12.838436126708984
18.39697265625
16.425304412841797
18.39697265625
10.863853454589844
11.675090789794922
16.107568740844727
14.098392486572266
7.763336181640625
14.53941535949707
12.631277084350586
16.073101043701172
14.020458221435547
14.297100067138672
14.020458221435547
19.628639221191406
17.832094192504883
19.628639221191406
14.309762954711914
15.154666900634766
14.309762954711914
12.146722793579102
11.727840423583984
12.146722793579102
12.786527633666992
10.993400573730469
4.1121826171875
21.85089874267578
45.52524185180664
19.05815315246582
25.224517822265625
19.05815315246582
6.939750671386719
7.854640960693359
4.789726257324219
14.49191665649414
14.890844345092773
16.659534454345703
18.39697265625
16.425304412841797
19.198284149169922
15.138751983642578
18.23593521118164
12.891212463378906
4.048320770263672
12.165550231933594
5.6965789794921875
6.969398498535156
14.129219055175781
14.537837982177734
20.53413200378418
14.504684448242188
28.118696212768555
15.104503631591797
16.54580307006836
8.511817932128906
9.300165176391602
5.070156097412109
13.69354248046875
11.284021377563477
16.129085540771484
12.789108276367188
16.129085540771484
15.605072021484375
4.982879638671875
20.100139617919922
17.51092529296875
16.64464569091797
6.299648284912109
15.29867172241211
20.125186920166016
18.318439483642578
18.67117691040039
4.661893844604492
19.260360717773438
15.71066665649414
19.260360717773438
10.676839828491211
17.51755714416504
14.414525985717773
17.51755714416504
17.51755714416504
14.414525985717773
19.56528091430664
19.36355972290039
19.56528091430664
17.51755714416504
14.414525985717773
17.51755714416504
13.383188247680664
16.62433624267578
14.737176895141602
17.51755714416504
14.414525985717773
11.141101837158203
17.51755714416504
14.414525985717773
17.51755714416504
26.882823944091797
13.167823791503906
26.882823944091797
17.51755714416504
14.414525985717773
17.51755714416504
14.414525985717773
17.51755714416504
11.696964263916016
14.148548126220703
12.258140563964844
12.761983871459961
26.621719360351562
17.781963348388672
16.624706268310547
4.077659606933594
13.547771453857422
7.9438934326171875
21.117454528808594
16.070444107055664
17.69939613342285
16.070444107055664
25.020309448242188
21.050506591796875
25.020309448242188
16.39493751525879
14.159828186035156
16.39493751525879
11.407983779907227
21.317331314086914
3.32171630859375
14.100685119628906
22.511306762695312
14.100685119628906
17.789825439453125
17.51755714416504
14.414525985717773
22.504898071289062
18.325780868530273
20.44089126586914
17.51755714416504
14.414525985717773
16.39493751525879
14.159828186035156
16.39493751525879
51.31748580932617
16.35232925415039
11.851259231567383
16.35232925415039
11.675090789794922
16.107568740844727
14.098392486572266
5.767698287963867
16.35232925415039
11.851259231567383
16.35232925415039
16.35232925415039
11.851259231567383
17.51755714416504
14.414525985717773
8.577199935913086
14.496685028076172
16.0106201171875
24.55390167236328
16.010574340820312
4.999835968017578
7.404571533203125
16.069194793701172
17.697980880737305
49.32172775268555
26.564577102661133
15.009712219238281
16.918447494506836
15.341793060302734
80.28536224365234
28.854248046875
39.487918853759766
18.20384979248047
7.592906951904297
19.347482681274414
9.6307373046875
13.318058013916016
20.629497528076172
21.32622528076172
21.319190979003906
22.255537033081055
20.31649398803711
23.546627044677734
14.853965759277344
10.324857711791992
13.318058013916016
11.590448379516602
16.213003158569336
23.757944107055664
21.433326721191406
14.611576080322266
18.20384979248047
9.523012161254883
18.20384979248047
12.537166595458984
7.817861557006836
18.20384979248047
17.00206756591797
20.491167068481445
7.919811248779297
19.360984802246094
9.880102157592773
31.091144561767578
15.181163787841797
70.59171295166016
74.44912719726562
21.433326721191406
9.177913665771484
10.35721206665039
7.466945648193359
23.228221893310547
11.590448379516602
9.700563430786133
11.590448379516602
21.433326721191406
21.433326721191406
17.74959373474121
17.74959373474121
16.300884246826172
17.74959373474121
12.51401138305664
6.798801422119141
21.319190979003906
7.680213928222656
54.83026885986328
75.87908935546875
13.318058013916016
16.190673828125
13.318058013916016
5.796045303344727
23.862060546875
49.228485107421875
19.360984802246094
9.51553726196289
8.27829360961914
13.318058013916016
11.660253524780273
16.213003158569336
4.93415641784668
4.93415641784668
4.13227653503418
4.93415641784668
18.20384979248047
5.361047744750977
14.572298049926758
16.26142120361328
19.360984802246094
10.377613067626953
15.181163787841797
7.000087738037109
6.970094680786133
20.629497528076172
11.74798583984375
16.213003158569336
4.71708869934082
8.403640747070312
25.69298553466797
18.20384979248047
9.44644546508789
34.275238037109375
19.360984802246094
18.110450744628906
19.360984802246094
9.5673828125
8.107322692871094
7.228691101074219
8.107322692871094
4.71708869934082
4.547016143798828
7.1207427978515625
4.547016143798828
4.547016143798828
4.547016143798828
4.547016143798828
4.547016143798828
16.880126953125
4.547016143798828
16.213003158569336
4.768321990966797
4.547016143798828
11.662435531616211
21.433326721191406
10.95594596862793
21.433326721191406
8.260826110839844
4.547016143798828
14.312294006347656
4.547016143798828
4.547016143798828
4.547016143798828
7.1207427978515625
4.547016143798828
4.547687530517578
4.547687530517578
4.547687530517578
4.547687530517578
4.547687530517578
4.547687530517578
4.547687530517578
4.547687530517578
7.121150970458984
9.902973175048828
4.547687530517578
7.730926513671875
4.547687530517578
7.475561141967773
4.547687530517578
4.547687530517578
7.820255279541016
4.547687530517578
7.475561141967773
7.121150970458984
20.29710578918457
6.883134841918945
12.92105484008789
7.475561141967773
7.475561141967773
