32.17289733886719
35.072471618652344
35.655330657958984
34.62464141845703
32.16596603393555
33.69642639160156
28.978069305419922
41.85346603393555
35.40393829345703
33.28371047973633
30.706329345703125
30.319076538085938
35.179080963134766
30.442001342773438
34.548274993896484
32.3076171875
37.54594421386719
33.78900909423828
29.65506362915039
36.814125061035156
39.465423583984375
39.190250396728516
38.32538986206055
35.40393829345703
31.135066986083984
29.618980407714844
30.418811798095703
39.172569274902344
35.751617431640625
31.52726936340332
30.03448486328125
34.43951416015625
34.93711471557617
35.27263259887695
34.81306076049805
30.84751319885254
35.40393829345703
42.38108444213867
41.11063003540039
37.94579315185547
32.230594635009766
33.120521545410156
36.108070373535156
29.444061279296875
29.779693603515625
30.728717803955078
30.41994857788086
32.93185806274414
34.04417419433594
37.219913482666016
32.2113151550293
39.27532958984375
33.48869323730469
36.302955627441406
36.32939910888672
30.624488830566406
34.81306076049805
34.43951416015625
33.52191162109375
39.88395309448242
30.229450225830078
42.70933532714844
36.2070426940918
35.072471618652344
37.99805450439453
33.16314697265625
35.859554290771484
32.920166015625
36.35189437866211
34.81306076049805
34.974342346191406
41.16807174682617
38.94683074951172
35.4124641418457
34.53086853027344
35.39448547363281
45.02867126464844
32.90189743041992
37.24740982055664
40.694236755371094
33.17719268798828
35.413047790527344
39.860206604003906
33.350093841552734
37.99805450439453
33.90816116333008
29.593189239501953
32.02107620239258
38.850120544433594
39.02880859375
33.39015579223633
41.85346603393555
35.285133361816406
42.70933532714844
35.55996322631836
33.60200881958008
37.10850143432617
36.2070426940918
39.190250396728516
39.465423583984375
34.570159912109375
30.67993927001953
36.19762420654297
33.28285217285156
38.39369583129883
34.44119644165039
30.633134841918945
32.56962966918945
34.652767181396484
30.006534576416016
44.98434829711914
33.90816116333008
32.435035705566406
32.260684967041016
42.02251434326172
36.12319564819336
32.435035705566406
32.98993682861328
30.147594451904297
29.6864013671875
35.50686264038086
39.02880859375
30.184871673583984
34.48326873779297
38.32538986206055
37.11565399169922
28.650035858154297
39.465423583984375
35.67808151245117
33.58155059814453
31.108274459838867
30.07271957397461
34.93711471557617
29.133968353271484
33.559608459472656
33.084049224853516
33.42619323730469
34.92445373535156
33.072792053222656
32.99891662597656
38.04160690307617
28.738325119018555
36.137229919433594
33.60200881958008
37.79664611816406
28.23151397705078
33.350093841552734
61.96162414550781
33.29779052734375
30.728717803955078
33.141117095947266
38.32538986206055
32.81017303466797
36.12319564819336
36.97853088378906
37.63056182861328
32.290245056152344
30.624488830566406
28.845989227294922
31.23895835876465
32.98993682861328
36.284969329833984
34.44297409057617
36.19762420654297
34.30301284790039
30.333498001098633
30.542781829833984
33.608924865722656
34.43951416015625
42.70933532714844
30.512252807617188
34.93711471557617
30.110431671142578
34.84813690185547
39.02880859375
36.93354415893555
34.14616394042969
43.188331604003906
41.53359603881836
31.179378509521484
38.633819580078125
34.178436279296875
37.098106384277344
39.27532958984375
41.85346603393555
39.061119079589844
40.22010040283203
42.70933532714844
38.147071838378906
41.85346603393555
28.23151397705078
34.570159912109375
29.464378356933594
31.52072525024414
32.82527160644531
30.081573486328125
41.53359603881836
34.68057632446289
34.81306076049805
34.76096725463867
34.81306076049805
30.9801025390625
36.05757522583008
36.19762420654297
34.53541564941406
33.60200881958008
41.85346603393555
39.94232177734375
30.624488830566406
70.09758758544922
32.61386489868164
39.02880859375
30.83176040649414
31.296321868896484
33.43165969848633
31.003061294555664
37.69398880004883
38.147071838378906
34.82194519042969
32.28258514404297
30.628623962402344
42.70933532714844
36.362884521484375
32.57282638549805
30.780256271362305
38.09503936767578
37.99805450439453
46.31944274902344
35.588966369628906
32.99891662597656
31.718141555786133
32.98993682861328
34.93711471557617
36.32630157470703
29.650426864624023
35.21692657470703
39.04947280883789
36.53421401977539
31.279237747192383
37.69398880004883
33.250640869140625
30.624488830566406
39.590293884277344
29.89165496826172
30.91082000732422
37.99805450439453
29.92758560180664
34.974342346191406
43.74814224243164
29.880329132080078
29.6864013671875
38.45745086669922
31.08881187438965
32.37788391113281
32.066673278808594
32.17289733886719
33.60200881958008
33.28285217285156
35.33893585205078
35.88172912597656
40.77858352661133
35.80024719238281
30.011159896850586
31.296321868896484
37.99805450439453
30.484560012817383
36.100608825683594
37.16173553466797
34.03279113769531
30.61023712158203
35.40393829345703
39.30377960205078
29.606632232666016
30.814002990722656
33.28285217285156
31.547006607055664
33.42619323730469
31.439285278320312
39.88395309448242
33.10746765136719
34.81306076049805
36.44921112060547
37.63056182861328
32.239158630371094
29.899673461914062
31.107101440429688
32.17289733886719
30.728717803955078
33.10746765136719
36.78145217895508
36.05757522583008
38.32538986206055
34.48326873779297
37.79664611816406
32.435035705566406
34.3096923828125
35.422584533691406
32.56962966918945
30.991918563842773
29.638765335083008
34.07430648803711
36.3156852722168
32.78037643432617
33.9530029296875
31.606027603149414
33.250640869140625
34.84813690185547
38.30818176269531
37.54594421386719
31.52726936340332
31.135066986083984
32.82527160644531
28.23151397705078
34.570159912109375
33.572200775146484
35.072471618652344
32.435035705566406
33.28285217285156
29.28481674194336
30.814002990722656
39.27532958984375
38.32538986206055
34.61189651489258
29.411001205444336
37.63056182861328
35.40393829345703
36.302955627441406
35.7413330078125
41.85346603393555
30.814002990722656
38.934326171875
32.90189743041992
36.884613037109375
37.54594421386719
31.433835983276367
34.570159912109375
37.74980926513672
35.27263259887695
34.548274993896484
31.516132354736328
34.82194519042969
37.99805450439453
37.10850143432617
35.422584533691406
38.32538986206055
33.71728515625
37.99805450439453
37.16173553466797
35.05099105834961
32.290245056152344
34.43951416015625
30.83176040649414
37.279911041259766
33.61418914794922
39.80058670043945
32.36887741088867
32.37788391113281
33.28285217285156
41.75088119506836
34.43951416015625
34.570159912109375
41.75088119506836
33.18498229980469
29.590085983276367
37.150299072265625
35.21692657470703
37.63056182861328
38.448646545410156
30.713729858398438
37.866249084472656
34.89557647705078
38.097259521484375
32.61436462402344
34.43951416015625
37.05397033691406
42.132564544677734
32.06218338012695
30.421493530273438
31.52726936340332
34.93507385253906
29.070335388183594
34.454593658447266
34.81306076049805
36.137229919433594
43.049041748046875
38.797630310058594
35.66510772705078
34.43916702270508
35.55974578857422
37.99807357788086
41.75082778930664
34.31014633178711
30.497539520263672
39.02900695800781
37.630741119384766
37.43382263183594
38.35523986816406
40.4179573059082
31.135074615478516
33.6019287109375
39.29667663574219
33.78211975097656
33.78211975097656
37.84941864013672
37.84941864013672
37.84941864013672
36.98801040649414
38.374366760253906
98.2213134765625
35.301753997802734
43.538570404052734
49.10851287841797
51.20558166503906
91.02720642089844
37.47540283203125
38.708187103271484
38.405277252197266
39.10504150390625
37.79738235473633
38.82389831542969
38.75712966918945
37.80611801147461
37.80611801147461
37.1082763671875
37.80611801147461
35.40959930419922
37.49723434448242
40.0074348449707
47.830299377441406
41.367618560791016
46.98366165161133
47.70669174194336
41.36315155029297
47.687110900878906
70.22264099121094
70.08513641357422
70.11383819580078
28.39522933959961
47.48329162597656
47.70188903808594
66.76350402832031
70.08513641357422
40.822269439697266
70.08513641357422
41.59938049316406
70.08513641357422
70.08513641357422
70.08513641357422
70.08513641357422
70.08513641357422
70.08513641357422
70.08513641357422
70.08513641357422
70.08513641357422
70.08513641357422
70.08513641357422
70.08513641357422
70.08513641357422
70.08513641357422
70.08513641357422
70.08513641357422
70.08513641357422
70.08513641357422
47.672706604003906
47.63792037963867
47.682472229003906
47.69232177734375
46.5709342956543
47.797027587890625
47.61433410644531
47.71189880371094
38.50592803955078
32.61735153198242
32.61735153198242
36.34648132324219
53.367645263671875
34.7481689453125
35.495025634765625
36.411338806152344
35.75116729736328
32.50516128540039
32.50516128540039
52.99747085571289
32.50516128540039
35.75116729736328
32.50516128540039
34.46260070800781
33.98321533203125
33.772850036621094
31.43442726135254
41.89883041381836
32.50516128540039
32.50516128540039
32.50516128540039
32.50516128540039
32.50516128540039
32.50516128540039
32.50516128540039
32.50516128540039
39.149444580078125
32.50516128540039
32.50516128540039
32.50516128540039
32.50516128540039
32.50516128540039
32.50516128540039
32.50516128540039
32.50516128540039
32.50516128540039
32.50516128540039
32.50516128540039
32.50516128540039
32.50516128540039
32.50516128540039
32.50516128540039
32.50516128540039
32.50516128540039
32.50516128540039
32.50516128540039
32.50516128540039
32.50516128540039
32.50516128540039
32.50516128540039
32.50516128540039
32.50516128540039
32.50516128540039
32.50516128540039
32.50516128540039
32.50516128540039
32.50516128540039
32.50516128540039
32.50516128540039
32.50516128540039
32.50516128540039
32.50516128540039
32.50516128540039
32.50516128540039
32.50516128540039
32.50516128540039
32.50516128540039
32.50516128540039
32.50516128540039
32.50516128540039
32.50516128540039
32.50516128540039
32.50516128540039
32.50516128540039
32.50516128540039
32.50516128540039
32.50516128540039
32.50516128540039
32.50516128540039
32.50516128540039
32.50516128540039
32.50516128540039
32.50516128540039
32.50516128540039
32.50516128540039
32.50516128540039
32.50516128540039
30.903535842895508
31.761367797851562
31.229572296142578
42.900733947753906
37.78434753417969
35.98332214355469
33.871219635009766
35.98332214355469
33.871219635009766
44.880409240722656
44.830196380615234
44.582061767578125
46.53343200683594
31.61132049560547
35.54879379272461
29.4644775390625
29.66727066040039
31.761367797851562
30.745668411254883
32.079368591308594
31.431190490722656
35.54879379272461
30.358983993530273
32.079368591308594
29.734004974365234
32.418418884277344
32.00834655761719
30.773317337036133
34.66177749633789
35.54879379272461
30.24531364440918
28.357709884643555
35.98332214355469
33.871219635009766
29.473628997802734
35.98332214355469
33.871219635009766
29.473628997802734
32.995758056640625
35.03217697143555
34.31890106201172
30.880447387695312
32.079368591308594
31.431190490722656
30.0550537109375
35.03217697143555
34.31890106201172
31.0130615234375
35.03217697143555
34.31890106201172
31.0130615234375
36.182838439941406
36.14902114868164
36.14902114868164
36.14902114868164
34.93507385253906
34.869140625
35.03217697143555
34.31890106201172
31.0130615234375
32.079368591308594
31.431190490722656
30.93895721435547
35.03217697143555
34.31890106201172
31.0130615234375
35.03217697143555
33.474952697753906
31.772075653076172
32.18221664428711
31.23895835876465
31.105173110961914
31.56777572631836
29.003149032592773
31.23895835876465
31.105173110961914
44.77488327026367
41.05081558227539
44.77488327026367
44.77488327026367
41.05081558227539
67.3616714477539
33.3247184753418
29.18382453918457
32.590293884277344
34.31890106201172
31.0130615234375
28.48009490966797
34.70568084716797
33.839569091796875
34.70568084716797
33.8234748840332
38.52115249633789
36.00641632080078
31.69506072998047
38.52115249633789
36.00641632080078
38.52115249633789
34.425594329833984
33.63299560546875
32.592498779296875
33.678977966308594
30.39687728881836
31.840866088867188
31.07786750793457
32.86075973510742
33.40298843383789
33.622005462646484
33.40298843383789
34.81528854370117
34.87606430053711
34.81528854370117
34.59135055541992
32.398929595947266
34.59135055541992
35.14046096801758
34.10561752319336
35.14046096801758
31.23895835876465
31.105173110961914
28.77279281616211
35.236656188964844
50.971763610839844
38.44923400878906
43.27519989013672
38.44923400878906
30.283681869506836
33.94968032836914
29.532093048095703
32.88141632080078
35.29047393798828
35.83086013793945
38.52115249633789
36.00641632080078
52.23370361328125
34.66902160644531
37.21776580810547
32.92584991455078
30.926374435424805
46.776336669921875
28.387588500976562
31.514360427856445
35.916805267333984
33.30380630493164
38.382484436035156
36.420589447021484
38.47667694091797
35.83720779418945
46.58938980102539
29.9685115814209
29.121023178100586
29.26688575744629
30.460094451904297
30.689498901367188
34.57962417602539
32.27716827392578
34.57962417602539
35.72250747680664
28.417789459228516
34.850196838378906
34.240970611572266
33.96572494506836
30.134212493896484
41.040443420410156
36.59646224975586
36.20509338378906
32.13949966430664
29.62384796142578
34.91507339477539
32.93361282348633
34.91507339477539
31.12592124938965
37.61566925048828
34.260196685791016
37.61566925048828
37.61566925048828
34.260196685791016
38.05486297607422
37.89650344848633
38.05486297607422
37.61566925048828
34.260196685791016
37.61566925048828
32.321144104003906
32.01542663574219
32.530845642089844
37.61566925048828
34.260196685791016
40.77247619628906
37.61566925048828
34.260196685791016
37.61566925048828
36.393123626708984
29.547161102294922
36.393123626708984
37.61566925048828
34.260196685791016
37.61566925048828
34.260196685791016
37.61566925048828
40.45854949951172
30.85470962524414
30.414443969726562
30.56293296813965
42.93875503540039
38.19789123535156
38.168025970458984
30.24987030029297
46.398109436035156
31.026683807373047
35.4315071105957
38.488468170166016
37.55725860595703
38.488468170166016
41.518184661865234
39.88395309448242
41.518184661865234
36.88362121582031
34.84455871582031
36.88362121582031
34.04486083984375
41.84358596801758
30.963672637939453
32.07814025878906
32.79877471923828
32.07814025878906
45.09099197387695
37.61566925048828
34.260196685791016
35.98332214355469
33.871219635009766
36.67438507080078
37.61566925048828
34.260196685791016
36.88362121582031
34.84455871582031
36.88362121582031
97.04493713378906
35.55996322631836
34.28213882446289
35.55996322631836
33.63299560546875
32.592498779296875
33.678977966308594
30.310684204101562
35.55996322631836
34.28213882446289
35.55996322631836
35.55996322631836
34.28213882446289
37.61566925048828
34.260196685791016
28.667198181152344
35.44301223754883
35.402565002441406
32.92285919189453
35.40267562866211
27.849166870117188
30.449493408203125
38.48720932006836
37.55683517456055
56.231895446777344
34.98746871948242
35.495025634765625
35.96886444091797
34.7481689453125
59.1902961730957
43.343994140625
35.06745910644531
37.750770568847656
31.37232780456543
34.56901550292969
30.836551666259766
32.96979522705078
32.09458923339844
43.448028564453125
38.10740280151367
47.563255310058594
43.37931823730469
45.67333984375
35.47083282470703
34.05668640136719
32.96979522705078
35.66701126098633
36.15924072265625
43.411468505859375
40.70189666748047
31.205482482910156
37.750770568847656
31.618017196655273
37.750770568847656
31.26263999938965
30.224510192871094
37.750770568847656
33.39350891113281
34.13780212402344
30.3106632232666
39.26604080200195
31.920143127441406
69.7323989868164
34.179107666015625
46.51856231689453
46.65436553955078
40.70189666748047
31.10525894165039
31.88630485534668
30.116430282592773
47.73533630371094
35.66701126098633
31.26626205444336
35.66701126098633
40.70189666748047
40.70189666748047
31.88475227355957
31.88475227355957
32.257423400878906
31.88475227355957
33.05057144165039
30.2836971282959
38.10740280151367
31.208505630493164
56.199668884277344
155.8668212890625
32.96979522705078
32.65434265136719
32.96979522705078
29.758480072021484
33.21766662597656
184.49609375
39.26604080200195
31.348403930664062
30.626630783081055
32.96979522705078
30.403995513916016
36.15924072265625
31.114118576049805
31.114118576049805
30.74356460571289
31.114118576049805
37.750770568847656
30.391170501708984
33.29062271118164
34.06797409057617
39.26604080200195
30.950702667236328
34.179107666015625
30.72539520263672
30.270503997802734
32.09458923339844
33.2519645690918
36.15924072265625
30.893375396728516
30.23676300048828
35.68353271484375
37.750770568847656
30.100664138793945
34.234214782714844
39.26604080200195
35.301753997802734
39.26604080200195
30.481279373168945
30.567310333251953
30.952804565429688
30.567310333251953
30.893375396728516
30.982406616210938
30.89046287536621
30.982406616210938
30.982406616210938
30.982406616210938
30.982406616210938
30.982406616210938
35.550174713134766
30.982406616210938
36.15924072265625
30.82564353942871
30.982406616210938
30.578710556030273
40.70189666748047
30.798992156982422
40.70189666748047
29.696292877197266
30.982406616210938
31.270580291748047
30.982406616210938
30.982406616210938
30.982406616210938
30.89046287536621
30.982406616210938
30.98220443725586
30.98220443725586
30.98220443725586
30.98220443725586
30.98220443725586
30.98220443725586
30.98220443725586
30.98220443725586
30.890350341796875
30.229660034179688
30.98220443725586
30.128231048583984
30.98220443725586
30.075153350830078
30.98220443725586
30.98220443725586
30.15096092224121
30.98220443725586
30.075153350830078
30.890350341796875
34.18267822265625
30.173738479614258
31.765228271484375
30.075153350830078
30.075153350830078
