23.913211822509766
26.114810943603516
28.598773956298828
27.720027923583984
24.690906524658203
27.03862953186035
17.246858596801758
32.56825637817383
26.730422973632812
26.3281307220459
18.992874145507812
21.487625122070312
36.19354248046875
17.03385353088379
25.37824249267578
27.095470428466797
28.578744888305664
24.77240753173828
19.96420669555664
26.18624496459961
30.407394409179688
29.052017211914062
28.611572265625
26.730422973632812
22.758241653442383
17.83241081237793
21.842830657958984
30.485801696777344
30.806396484375
22.865333557128906
18.018173217773438
23.89228057861328
25.707040786743164
25.455745697021484
25.080371856689453
23.138633728027344
26.730422973632812
25.187847137451172
27.70368766784668
47.020790100097656
26.806671142578125
29.788801193237305
25.31591796875
21.021595001220703
18.17487907409668
21.313051223754883
18.78667449951172
23.704065322875977
24.495803833007812
26.762184143066406
24.744609832763672
30.018062591552734
29.841045379638672
26.98495101928711
28.591201782226562
21.74847984313965
25.080371856689453
23.89228057861328
29.12169647216797
33.37081527709961
17.987403869628906
34.24566650390625
26.10620880126953
26.114810943603516
28.94062042236328
25.561092376708984
28.798885345458984
16.82345962524414
31.87900733947754
25.080371856689453
26.688541412353516
40.445640563964844
29.249195098876953
24.61615562438965
27.95358657836914
26.612430572509766
21.460952758789062
25.003620147705078
29.263442993164062
21.316267013549805
29.107954025268555
32.27155685424805
33.21488952636719
27.2413330078125
28.94062042236328
28.570255279541016
17.234466552734375
25.12874984741211
30.935466766357422
29.531917572021484
26.942533493041992
32.56825637817383
27.988317489624023
34.24566650390625
29.166839599609375
29.238021850585938
27.68286895751953
26.10620880126953
29.052017211914062
30.407394409179688
24.834436416625977
19.808652877807617
31.200950622558594
23.232803344726562
32.242042541503906
26.279529571533203
22.008481979370117
25.485248565673828
28.651206970214844
18.825550079345703
23.28423309326172
28.570255279541016
23.689395904541016
24.795761108398438
33.313232421875
28.78368377685547
23.689395904541016
25.37076187133789
23.263168334960938
16.97389793395996
30.408920288085938
29.531917572021484
19.23318099975586
26.291412353515625
28.611572265625
29.82177734375
19.430984497070312
30.407394409179688
25.939205169677734
24.21807289123535
21.511260986328125
16.72356605529785
25.707040786743164
19.78974723815918
29.9722957611084
24.922706604003906
24.872554779052734
31.462966918945312
22.369182586669922
25.956310272216797
29.94149398803711
19.112930297851562
28.0953369140625
29.238021850585938
28.552515029907227
17.536884307861328
27.2413330078125
42.73576354980469
22.33499526977539
21.313051223754883
24.73089599609375
28.611572265625
25.221147537231445
28.78368377685547
28.05915069580078
27.003868103027344
23.83953094482422
21.74847984313965
18.5269718170166
23.020084381103516
25.37076187133789
27.62189483642578
24.634326934814453
31.200950622558594
24.334278106689453
17.127241134643555
22.877910614013672
26.033390045166016
23.89228057861328
34.24566650390625
22.240781784057617
25.707040786743164
19.69780921936035
29.959583282470703
29.531917572021484
28.454273223876953
24.964563369750977
25.223447799682617
33.09760284423828
19.919178009033203
28.450321197509766
23.861337661743164
28.68465805053711
30.018062591552734
32.56825637817383
19.609756469726562
34.623905181884766
34.24566650390625
30.42612075805664
32.56825637817383
17.536884307861328
24.834436416625977
19.79666519165039
19.185977935791016
24.092159271240234
19.10905647277832
33.09760284423828
25.969127655029297
25.080371856689453
26.357444763183594
25.080371856689453
25.31404685974121
25.450042724609375
31.200950622558594
27.161659240722656
29.238021850585938
32.56825637817383
23.32413673400879
21.74847984313965
42.544898986816406
23.542743682861328
29.531917572021484
21.309743881225586
26.34453582763672
29.87126922607422
25.253162384033203
28.635398864746094
30.42612075805664
27.2462158203125
25.42669677734375
22.30710792541504
34.24566650390625
26.116466522216797
28.18065643310547
22.09538459777832
30.50739288330078
28.94062042236328
46.61173629760742
27.50483512878418
25.956310272216797
22.43301773071289
25.37076187133789
25.707040786743164
28.442920684814453
16.284748077392578
28.744857788085938
39.70472717285156
27.67462158203125
22.981060028076172
28.635398864746094
23.219572067260742
21.74847984313965
30.5108642578125
17.93182373046875
20.366233825683594
28.94062042236328
18.41708755493164
26.688541412353516
20.12166976928711
18.381080627441406
16.97389793395996
34.292293548583984
21.65781021118164
23.06952476501465
24.118053436279297
23.913211822509766
29.238021850585938
23.232803344726562
26.12535858154297
27.107128143310547
33.080535888671875
26.04591178894043
24.533308029174805
26.34453582763672
28.94062042236328
20.561634063720703
26.472963333129883
30.074851989746094
27.189258575439453
22.70821762084961
26.730422973632812
28.78411102294922
16.47398567199707
23.42765998840332
23.232803344726562
25.258575439453125
24.872554779052734
25.02142906188965
33.37081527709961
25.20379638671875
25.080371856689453
29.949445724487305
27.003868103027344
21.82659912109375
18.6043701171875
23.37843132019043
23.913211822509766
21.313051223754883
25.20379638671875
27.006160736083984
25.450042724609375
28.611572265625
26.291412353515625
28.552515029907227
23.689395904541016
25.887836456298828
29.748273849487305
25.485248565673828
21.231929779052734
18.70904541015625
31.382476806640625
26.960350036621094
23.952545166015625
28.73344612121582
22.906352996826172
23.219572067260742
29.959583282470703
30.58469581604004
28.578744888305664
22.865333557128906
22.758241653442383
24.092159271240234
17.536884307861328
24.834436416625977
26.918609619140625
26.114810943603516
23.689395904541016
23.232803344726562
16.49771499633789
23.42765998840332
30.018062591552734
28.611572265625
27.535972595214844
17.542598724365234
27.003868103027344
26.730422973632812
26.98495101928711
26.92635726928711
32.56825637817383
23.42765998840332
31.68215560913086
25.003620147705078
29.21822738647461
28.578744888305664
22.15329360961914
24.834436416625977
27.575227737426758
25.455745697021484
25.37824249267578
20.428274154663086
27.2462158203125
28.94062042236328
27.68286895751953
29.748273849487305
28.611572265625
28.142391204833984
28.94062042236328
30.074851989746094
25.527040481567383
23.83953094482422
23.89228057861328
21.309743881225586
27.924358367919922
25.951053619384766
32.23448181152344
23.04611587524414
23.06952476501465
23.232803344726562
33.300445556640625
23.89228057861328
24.834436416625977
33.300445556640625
26.600513458251953
18.721336364746094
28.573816299438477
28.744857788085938
27.003868103027344
34.321205139160156
18.833087921142578
29.986045837402344
26.17691993713379
31.112852096557617
23.787389755249023
23.89228057861328
40.86884689331055
33.78832244873047
23.24942970275879
22.70050621032715
22.865333557128906
24.746315002441406
19.345617294311523
24.067951202392578
25.080371856689453
28.0953369140625
35.41889572143555
29.41261100769043
36.80725860595703
23.892044067382812
29.166418075561523
28.940658569335938
33.30027770996094
24.54616928100586
18.538658142089844
29.532062530517578
27.004175186157227
32.845149993896484
35.02531433105469
25.414642333984375
22.757919311523438
29.238330841064453
35.31233215332031
29.207630157470703
29.207630157470703
31.317012786865234
31.317012786865234
31.317012786865234
31.252674102783203
37.468624114990234
63.045860290527344
28.257991790771484
30.469871520996094
40.52580642700195
42.21084976196289
56.43573760986328
36.22552490234375
30.497295379638672
30.310115814208984
31.34798240661621
29.595626831054688
31.402389526367188
31.1297607421875
34.38768768310547
34.38768768310547
29.503498077392578
34.38768768310547
29.436004638671875
30.760839462280273
39.55759811401367
27.881349563598633
47.11298370361328
35.228614807128906
27.36041259765625
39.0224609375
27.303237915039062
31.38288688659668
30.77618408203125
30.769399642944336
16.617353439331055
26.601825714111328
27.315265655517578
35.79551696777344
30.77618408203125
40.00226974487305
30.77618408203125
36.43950653076172
30.77618408203125
30.77618408203125
30.77618408203125
30.77618408203125
30.77618408203125
30.77618408203125
30.77618408203125
30.77618408203125
30.77618408203125
30.77618408203125
30.77618408203125
30.77618408203125
30.77618408203125
30.77618408203125
30.77618408203125
30.77618408203125
30.77618408203125
30.77618408203125
27.189332962036133
27.29922866821289
27.342201232910156
27.306673049926758
33.825050354003906
27.51275634765625
27.217851638793945
27.37490463256836
36.8791618347168
26.856727600097656
26.856727600097656
26.824230194091797
41.51711654663086
26.93195915222168
26.911895751953125
37.25988006591797
35.12641525268555
14.858020782470703
14.858020782470703
56.09127426147461
14.858020782470703
35.12641525268555
14.858020782470703
25.355003356933594
23.709484100341797
27.907899856567383
25.62344741821289
33.765560150146484
14.858020782470703
14.858020782470703
14.858020782470703
14.858020782470703
14.858020782470703
14.858020782470703
14.858020782470703
14.858020782470703
42.42143630981445
14.858020782470703
14.858020782470703
14.858020782470703
14.858020782470703
14.858020782470703
14.858020782470703
14.858020782470703
14.858020782470703
14.858020782470703
14.858020782470703
14.858020782470703
14.858020782470703
14.858020782470703
14.858020782470703
14.858020782470703
14.858020782470703
14.858020782470703
14.858020782470703
14.858020782470703
14.858020782470703
14.858020782470703
14.858020782470703
14.858020782470703
14.858020782470703
14.858020782470703
14.858020782470703
14.858020782470703
14.858020782470703
14.858020782470703
14.858020782470703
14.858020782470703
14.858020782470703
14.858020782470703
14.858020782470703
14.858020782470703
14.858020782470703
14.858020782470703
14.858020782470703
14.858020782470703
14.858020782470703
14.858020782470703
14.858020782470703
14.858020782470703
14.858020782470703
14.858020782470703
14.858020782470703
14.858020782470703
14.858020782470703
14.858020782470703
14.858020782470703
14.858020782470703
14.858020782470703
14.858020782470703
14.858020782470703
14.858020782470703
14.858020782470703
14.858020782470703
14.858020782470703
14.858020782470703
14.858020782470703
23.08515167236328
21.603729248046875
18.514629364013672
37.89165115356445
30.802440643310547
31.63050651550293
28.449352264404297
31.63050651550293
28.449352264404297
22.017841339111328
20.782276153564453
20.147924423217773
24.318641662597656
19.38551139831543
26.454349517822266
16.847597122192383
18.354074478149414
21.603729248046875
18.312213897705078
25.927291870117188
24.236560821533203
26.454349517822266
22.067489624023438
25.927291870117188
22.758193969726562
24.29825210571289
24.779529571533203
20.59196662902832
35.52091979980469
26.454349517822266
20.44915771484375
18.357397079467773
31.63050651550293
28.449352264404297
20.427734375
31.63050651550293
28.449352264404297
20.427734375
29.7764949798584
23.86298179626465
24.071144104003906
17.752233505249023
25.927291870117188
24.236560821533203
22.959293365478516
23.86298179626465
24.071144104003906
24.059131622314453
23.86298179626465
24.071144104003906
24.059131622314453
31.949914932250977
27.679805755615234
27.679805755615234
27.679805755615234
24.746315002441406
24.759326934814453
23.86298179626465
24.071144104003906
24.059131622314453
25.927291870117188
24.236560821533203
24.139806747436523
23.86298179626465
24.071144104003906
24.059131622314453
23.86298179626465
25.341205596923828
24.34140396118164
25.572017669677734
23.020084381103516
22.673892974853516
22.441116333007812
17.326019287109375
23.020084381103516
22.673892974853516
35.822906494140625
33.59701919555664
35.822906494140625
35.822906494140625
33.59701919555664
53.315528869628906
20.696062088012695
18.601613998413086
22.94061851501465
24.071144104003906
24.059131622314453
17.39401626586914
24.853893280029297
22.790802001953125
24.853893280029297
25.18157196044922
30.665193557739258
27.011749267578125
24.5791072845459
30.665193557739258
27.011749267578125
30.665193557739258
23.490371704101562
23.050207138061523
25.388683319091797
24.382015228271484
19.41136932373047
23.878032684326172
22.977066040039062
25.58131980895996
24.492387771606445
24.304073333740234
24.492387771606445
28.69204330444336
27.26236343383789
28.69204330444336
24.941722869873047
23.876819610595703
24.941722869873047
24.2266845703125
23.80523681640625
24.2266845703125
23.020084381103516
22.673892974853516
16.53130531311035
27.79535675048828
49.7860107421875
29.787622451782227
34.81359100341797
29.787622451782227
17.488943099975586
21.014562606811523
17.76388168334961
23.70013999938965
25.66655731201172
26.359670639038086
30.665193557739258
27.011749267578125
31.1396484375
26.497615814208984
31.101064682006836
24.13178062438965
17.321487426757812
23.77872657775879
17.74367332458496
18.475183486938477
25.108444213867188
24.923686981201172
29.438337326049805
26.12382698059082
33.98794174194336
26.32040786743164
28.99144744873047
19.053098678588867
18.746559143066406
17.214162826538086
21.677738189697266
20.350805282592773
26.233591079711914
23.17904281616211
26.233591079711914
25.61611557006836
17.1027774810791
28.927610397338867
26.703372955322266
26.122703552246094
17.834165573120117
23.61189842224121
28.508243560791016
27.496597290039062
23.42205810546875
16.735952377319336
28.824047088623047
24.87785530090332
28.824047088623047
20.175161361694336
27.005512237548828
25.23621940612793
27.005512237548828
27.005512237548828
25.23621940612793
29.85413360595703
29.855138778686523
29.85413360595703
27.005512237548828
25.23621940612793
27.005512237548828
23.583824157714844
26.316408157348633
24.912206649780273
27.005512237548828
25.23621940612793
22.30339813232422
27.005512237548828
25.23621940612793
27.005512237548828
34.89881896972656
21.140869140625
34.89881896972656
27.005512237548828
25.23621940612793
27.005512237548828
25.23621940612793
27.005512237548828
22.261877059936523
22.875980377197266
21.81371307373047
22.32223892211914
34.74159622192383
28.736167907714844
27.407670974731445
16.62752914428711
25.672611236572266
18.787277221679688
31.36886978149414
29.05768585205078
28.707244873046875
29.05768585205078
32.96714782714844
33.37081527709961
32.96714782714844
27.353078842163086
24.71242904663086
27.353078842163086
22.725040435791016
29.030075073242188
16.948917388916016
24.33731460571289
30.168241500854492
24.33731460571289
26.119033813476562
27.005512237548828
25.23621940612793
31.63050651550293
28.449352264404297
27.07527732849121
27.005512237548828
25.23621940612793
27.353078842163086
24.71242904663086
27.353078842163086
76.80043029785156
29.166839599609375
23.772249221801758
29.166839599609375
23.050207138061523
25.388683319091797
24.382015228271484
17.97415542602539
29.166839599609375
23.772249221801758
29.166839599609375
29.166839599609375
23.772249221801758
27.005512237548828
25.23621940612793
19.436302185058594
24.831043243408203
26.02083396911621
27.9206600189209
26.020854949951172
17.364458084106445
18.099773406982422
29.056304931640625
28.706449508666992
50.971534729003906
29.39369773864746
26.911895751953125
23.777347564697266
26.93195915222168
69.7313232421875
35.28322219848633
39.22880554199219
28.190418243408203
19.53160285949707
27.57678985595703
19.87432861328125
23.84354019165039
26.787395477294922
31.128263473510742
30.086776733398438
34.117183685302734
30.33443260192871
34.129302978515625
25.66144561767578
22.123775482177734
23.84354019165039
24.292781829833984
26.517696380615234
32.318599700927734
31.162607192993164
23.150596618652344
28.190418243408203
20.929346084594727
28.190418243408203
22.60015296936035
19.1411190032959
28.190418243408203
26.4145565032959
26.834117889404297
19.120407104492188
30.821937561035156
21.106117248535156
48.81618118286133
26.23436737060547
54.543006896972656
56.62623596191406
31.162607192993164
20.403301239013672
21.61471939086914
18.587322235107422
32.76606369018555
24.292781829833984
21.12194061279297
24.292781829833984
31.162607192993164
31.162607192993164
25.97855567932129
25.97855567932129
24.927431106567383
25.97855567932129
23.665874481201172
18.479076385498047
30.086776733398438
19.859634399414062
56.00600051879883
107.89773559570312
23.84354019165039
25.5333309173584
23.84354019165039
17.772130966186523
30.29025650024414
98.5634536743164
30.821937561035156
20.696922302246094
20.262428283691406
23.84354019165039
21.46230125427246
26.517696380615234
19.13132095336914
19.13132095336914
18.44101333618164
19.13132095336914
28.190418243408203
18.62665367126465
25.256267547607422
26.323192596435547
30.821937561035156
21.221534729003906
26.23436737060547
18.708221435546875
19.32864761352539
26.787395477294922
22.081951141357422
26.517696380615234
18.642074584960938
19.886930465698242
32.70941925048828
28.190418243408203
20.563188552856445
35.181495666503906
30.821937561035156
28.257991790771484
30.821937561035156
20.452037811279297
19.889211654663086
19.940502166748047
19.889211654663086
18.642074584960938
18.74663734436035
19.775110244750977
18.74663734436035
18.74663734436035
18.74663734436035
18.74663734436035
18.74663734436035
27.435611724853516
18.74663734436035
26.517696380615234
18.723169326782227
18.74663734436035
21.723613739013672
31.162607192993164
21.389347076416016
31.162607192993164
19.335063934326172
18.74663734436035
23.074493408203125
18.74663734436035
18.74663734436035
18.74663734436035
19.775110244750977
18.74663734436035
18.746902465820312
18.746902465820312
18.746902465820312
18.746902465820312
18.746902465820312
18.746902465820312
18.746902465820312
18.746902465820312
19.775344848632812
20.3758544921875
18.746902465820312
19.508346557617188
18.746902465820312
19.51120376586914
18.746902465820312
18.746902465820312
19.753719329833984
18.746902465820312
19.51120376586914
19.775344848632812
28.52091407775879
19.300931930541992
22.54391860961914
19.51120376586914
19.51120376586914
