-29.849937438964844
-10.566291809082031
-22.09949493408203
-27.86241912841797
-23.67977523803711
-15.136661529541016
-16.545516967773438
-28.672691345214844
-57.55113983154297
-43.084075927734375
-25.120250701904297
-78.65272521972656
-30.169845581054688
-18.7296142578125
-25.216541290283203
-10.847427368164062
-24.169273376464844
-35.44480514526367
-11.63250732421875
-37.68488693237305
-27.98458480834961
-40.25210189819336
-24.214214324951172
-78.65272521972656
-30.80731201171875
-17.5469970703125
12.557743072509766
-25.747684478759766
-29.807395935058594
-21.426239013671875
-30.074466705322266
-41.14966583251953
-34.43492126464844
-30.074466705322266
-26.869178771972656
-57.55113983154297
-26.10590362548828
-28.852977752685547
-30.074466705322266
-78.65272521972656
-78.65272521972656
-10.983734130859375
-18.315567016601562
-33.19844055175781
-22.151683807373047
-78.65272521972656
-78.65272521972656
-25.225914001464844
-27.935611724853516
-28.27444076538086
-37.41532897949219
-14.70391845703125
-17.862850189208984
-32.92361068725586
-57.55113983154297
5.078533172607422
-37.92537307739258
-25.480743408203125
-30.067001342773438
-23.386688232421875
-24.152023315429688
-23.94886016845703
-24.611068725585938
-32.782955169677734
-21.832962036132812
-25.865928649902344
-26.182113647460938
-34.542877197265625
-15.218940734863281
-20.45822525024414
-32.80970001220703
-36.04096221923828
-32.26246643066406
-15.135616302490234
-28.39258575439453
-28.244155883789062
-40.25210189819336
-27.98458480834961
-32.04066467285156
-33.568477630615234
-35.652557373046875
-32.518577575683594
-5.7519073486328125
-33.971744537353516
-9.9027099609375
-27.879791259765625
-24.36301040649414
-21.071983337402344
-36.25490951538086
-3.818531036376953
-32.434654235839844
-34.728057861328125
-28.938228607177734
-33.055171966552734
-34.65784454345703
-22.729812622070312
-25.56853485107422
-31.606048583984375
-78.65272521972656
-29.927139282226562
-23.67977523803711
-25.865089416503906
-78.65272521972656
-19.756423950195312
-57.55113983154297
-78.65272521972656
-78.65272521972656
-24.50922393798828
-22.541847229003906
-38.44646453857422
-25.87890625
14.914031982421875
-18.86029052734375
-31.861522674560547
-57.55113983154297
-32.518577575683594
-21.071983337402344
-29.219402313232422
-22.94725799560547
-34.55143737792969
-30.016529083251953
-29.927139282226562
-22.256851196289062
-25.800521850585938
-78.65272521972656
-27.052547454833984
11.787406921386719
-31.10155487060547
-24.00823211669922
-24.05954360961914
-78.65272521972656
-31.024856567382812
-78.65272521972656
-41.686126708984375
-37.708099365234375
-31.917678833007812
-37.41532897949219
-22.373802185058594
-32.518577575683594
-21.18023681640625
-9.604652404785156
-3.7540283203125
-43.08375549316406
-24.169273376464844
-43.08375549316406
-38.45698928833008
-18.287334442138672
-37.685794830322266
-20.19983673095703
-30.815814971923828
-14.387962341308594
-35.673274993896484
-22.797840118408203
-11.808032989501953
-3.8254470825195312
-43.08375549316406
-34.648887634277344
-40.63991165161133
-27.829147338867188
-32.659751892089844
32.06233215332031
-4.005092620849609
-32.24778366088867
-23.300277709960938
-57.55113983154297
-31.070789337158203
-78.65272521972656
-32.071937561035156
3.9002418518066406
-30.366188049316406
-78.65272521972656
-29.927139282226562
-57.55113983154297
-23.99981689453125
-9.770008087158203
-78.65272521972656
-29.85540771484375
-28.676071166992188
-34.685794830322266
-25.389263153076172
-24.505115509033203
-30.128135681152344
-37.708099365234375
-14.959041595458984
-18.11666488647461
-24.169273376464844
-31.380691528320312
-30.469894409179688
-27.3690185546875
-30.169845581054688
-31.293075561523438
-25.101943969726562
-19.756423950195312
-31.10155487060547
-39.02249526977539
-21.512916564941406
-39.556644439697266
-6.696918487548828
-27.261085510253906
-30.569602966308594
-26.408729553222656
-29.526111602783203
-30.55998992919922
-26.408729553222656
-78.65272521972656
-15.97894287109375
-54.95431137084961
-26.27581787109375
-24.165599822998047
-78.65272521972656
-23.795242309570312
-30.074466705322266
-36.055973052978516
-19.034912109375
-34.9643440246582
-28.10067367553711
-78.65272521972656
-32.851524353027344
-15.135616302490234
-29.708885192871094
-25.101943969726562
19.530181884765625
-15.87026596069336
-22.931442260742188
-17.862850189208984
-15.306373596191406
-24.116840362548828
-32.64817810058594
-18.402320861816406
-78.65272521972656
-34.823486328125
-16.30432891845703
-26.156978607177734
-31.740543365478516
-32.851524353027344
-31.860122680664062
-18.315567016601562
-24.5286865234375
-32.83156204223633
-36.16691589355469
-30.747451782226562
-30.082763671875
-39.28477096557617
-37.063323974609375
-15.751995086669922
-34.72592544555664
-26.402664184570312
-28.737075805664062
-33.077178955078125
-20.040283203125
-34.0095100402832
-17.991127014160156
-24.629653930664062
-78.65272521972656
-34.43492126464844
-14.673629760742188
-36.95744323730469
-20.563400268554688
-20.902236938476562
-30.166873931884766
-43.084075927734375
-34.738346099853516
-35.33474349975586
-28.50208282470703
-27.966590881347656
-37.708099365234375
35.73556900024414
-78.65272521972656
-2.1534271240234375
-78.65272521972656
-9.019332885742188
-27.80419921875
-33.38475799560547
-21.71076202392578
-6.30780029296875
-19.25867462158203
-25.521453857421875
-78.65272521972656
-25.101943969726562
-19.86557388305664
-5.247722625732422
-24.169273376464844
-32.518577575683594
-23.37302017211914
-31.585311889648438
-24.116840362548828
-28.52197265625
-23.733070373535156
-25.054779052734375
-35.82087326049805
-29.341773986816406
-31.94366455078125
-6.887672424316406
-28.577850341796875
-10.147918701171875
-37.41532897949219
19.84801483154297
-28.676071166992188
-42.97455596923828
-78.65272521972656
-37.81485366821289
-26.268821716308594
-27.70925521850586
-31.001747131347656
-21.91802978515625
-78.65272521972656
-31.861522674560547
-78.65272521972656
-30.259811401367188
-27.086238861083984
-38.838356018066406
14.356796264648438
-28.364749908447266
-22.738285064697266
-28.364749908447266
-37.708099365234375
-26.121925354003906
-36.16691589355469
-78.65272521972656
1.2700119018554688
234.41009521484375
-12.114723205566406
-19.640819549560547
-32.959774017333984
-37.67153549194336
-22.256851196289062
-27.145675659179688
-31.56407928466797
-31.716293334960938
-35.156002044677734
-2.4424591064453125
-78.65272521972656
-36.04096221923828
-22.323509216308594
-24.505115509033203
-43.08375549316406
-36.04096221923828
-25.101943969726562
-37.68488693237305
-35.69440841674805
-30.169845581054688
-34.997718811035156
-31.649425506591797
-28.364749908447266
-24.82048797607422
6.7890472412109375
-57.55113983154297
-35.69440841674805
12.8092041015625
-28.737075805664062
-13.285430908203125
-78.65272521972656
-37.23379135131836
-30.815814971923828
-31.070789337158203
-16.764636993408203
-78.65272521972656
-31.10155487060547
-31.045547485351562
-29.85540771484375
-28.938228607177734
-29.204788208007812
-25.15662384033203
-18.51734161376953
-31.861522674560547
-18.19109344482422
-24.458148956298828
-15.293872833251953
-28.737075805664062
-42.97455596923828
-41.892852783203125
-31.024856567382812
-29.053009033203125
-25.368545532226562
-23.67977523803711
-28.755565643310547
-12.108863830566406
-21.130271911621094
-37.41532897949219
-31.217529296875
-78.65272521972656
-24.214214324951172
-31.37828826904297
-24.214214324951172
-24.214214324951172
-57.55113983154297
-37.41532897949219
-22.80931854248047
-17.976329803466797
-33.48127746582031
-31.070789337158203
-23.67977523803711
-37.41532897949219
-33.12178421020508
-30.067001342773438
-33.971744537353516
-31.86487579345703
-57.55113983154297
4.3485565185546875
-24.54840087890625
-33.89484786987305
-31.37828826904297
-9.333099365234375
-30.92440414428711
-29.913894653320312
-31.142990112304688
-57.55113983154297
-31.944252014160156
-23.37302017211914
-28.849750518798828
-78.65272521972656
-31.917678833007812
-25.532718658447266
6.3153076171875
-25.07012176513672
-34.49285888671875
-28.737075805664062
-5.9205322265625
-6.583038330078125
-25.521453857421875
-31.917678833007812
-38.31334686279297
-18.60694122314453
33.30876159667969
-24.169273376464844
-43.08375549316406
-11.714881896972656
-33.327125549316406
-31.10155487060547
-16.497867584228516
-14.70391845703125
-27.51160430908203
-35.45368957519531
-26.482093811035156
-24.435619354248047
-24.87869644165039
-25.580387115478516
-78.65272521972656
-17.58428955078125
-23.002277374267578
-25.368545532226562
-27.825267791748047
-21.71076202392578
-36.16691589355469
-31.740543365478516
4.175502777099609
-34.43132019042969
-38.45698928833008
-28.35822296142578
-25.690746307373047
0.9096412658691406
-78.65272521972656
-19.489395141601562
-37.19915771484375
-35.45368957519531
-29.818679809570312
-33.892860412597656
-31.070789337158203
-30.89173126220703
-43.08375549316406
-21.426239013671875
-25.36524200439453
-31.070789337158203
-10.853553771972656
-27.45880889892578
-21.015518188476562
-29.045665740966797
-2.1989212036132812
-29.927139282226562
-29.073345184326172
-24.978729248046875
-39.09513854980469
-14.393264770507812
-19.80661392211914
-29.927139282226562
-31.070789337158203
-12.108863830566406
-35.45368957519531
-28.923328399658203
-21.19550323486328
-30.406814575195312
-16.69693374633789
-43.084075927734375
-24.87869644165039
-78.65272521972656
-24.505115509033203
-17.95065689086914
34.11991882324219
-2.3948440551757812
-31.070789337158203
-34.076881408691406
-7.891361236572266
-32.63153839111328
-29.247756958007812
-31.070789337158203
-43.084075927734375
-34.43492126464844
-20.902236938476562
-30.196212768554688
-27.825267791748047
-35.45368957519531
11.739856719970703
-33.971744537353516
-28.737075805664062
-78.65272521972656
-24.167675018310547
-25.29735565185547
15.483596801757812
-78.65272521972656
-41.892852783203125
20.435577392578125
-31.225955963134766
18.256134033203125
-24.723567962646484
-31.225955963134766
-78.65272521972656
-30.2608642578125
-57.55113983154297
-27.721084594726562
-14.69717788696289
-78.65272521972656
-19.063369750976562
-30.17467498779297
-33.28737258911133
-78.65272521972656
-31.917678833007812
-24.505115509033203
-28.990768432617188
-21.962203979492188
-23.975311279296875
-29.72488021850586
-32.00697326660156
-32.538330078125
-34.963741302490234
-23.37302017211914
-23.043113708496094
-36.16691589355469
-25.532718658447266
-38.457889556884766
-28.157447814941406
-17.0633544921875
-25.136150360107422
-22.203907012939453
-24.10924530029297
-36.679073333740234
-30.074466705322266
-3.818531036376953
-32.05023193359375
-31.070789337158203
-27.721084594726562
-14.16495132446289
-37.43137741088867
-35.45368957519531
-35.04937744140625
-20.27808380126953
-23.710304260253906
-30.406814575195312
-24.240554809570312
-78.65272521972656
-29.927139282226562
-33.61113357543945
-31.861522674560547
-16.503196716308594
-28.10067367553711
-31.07442855834961
-78.65272521972656
-78.65272521972656
-23.710304260253906
-31.070789337158203
-30.550800323486328
-21.832962036132812
-27.61846160888672
-27.721084594726562
-78.65272521972656
-21.34424591064453
-31.01361846923828
-21.91802978515625
-24.97679901123047
-38.45698928833008
-30.259811401367188
-12.108863830566406
-27.80419921875
-28.284805297851562
-34.963741302490234
-31.42058563232422
5.691123962402344
-25.273300170898438
-78.65272521972656
-17.719955444335938
-15.825565338134766
25.694488525390625
-36.943511962890625
-41.932762145996094
-32.538330078125
-18.60694122314453
-34.411338806152344
-37.25779724121094
-35.323020935058594
-23.485286712646484
-4.572483062744141
-32.05023193359375
-24.629653930664062
-31.325111389160156
-33.89484786987305
-78.65272521972656
-43.084075927734375
-40.65705871582031
-24.923606872558594
-34.064666748046875
-33.45574951171875
-78.65272521972656
-23.344440460205078
-29.784465789794922
-30.2608642578125
-41.686126708984375
-0.9481430053710938
-26.197738647460938
-33.327125549316406
-24.153945922851562
-34.19302749633789
-78.65272521972656
-24.978729248046875
-32.74118423461914
-25.878257751464844
-32.337093353271484
-32.799678802490234
-25.28681182861328
-27.368057250976562
-40.82267761230469
-23.715621948242188
-34.963741302490234
-35.27470397949219
-57.55113983154297
-78.65272521972656
-30.98986053466797
-28.734268188476562
-34.43492126464844
-28.364749908447266
-78.65272521972656
-28.157447814941406
-16.498397827148438
-35.99272918701172
-11.837207794189453
-6.557106018066406
-37.449649810791016
-27.721084594726562
-28.6749267578125
-15.568939208984375
-9.073898315429688
-43.084075927734375
-16.946819305419922
23.33954620361328
-3.349834442138672
-20.660770416259766
-26.197738647460938
-11.583526611328125
-22.723182678222656
-30.196212768554688
-78.65272521972656
-15.376895904541016
-78.65272521972656
-14.673629760742188
-23.899688720703125
-32.705223083496094
-18.60694122314453
-10.063434600830078
-38.45698928833008
-0.9481430053710938
-32.071937561035156
-38.44646453857422
-24.87869644165039
-57.55113983154297
-31.99199676513672
-10.701305389404297
-21.512916564941406
-78.65272521972656
-31.10155487060547
-31.10155487060547
-34.57688522338867
-33.001346588134766
-78.65272521972656
-25.400230407714844
-24.169273376464844
-28.39258575439453
-8.177177429199219
-26.408729553222656
-20.126190185546875
-25.475486755371094
-23.0318603515625
-5.075229644775391
-43.08375549316406
-78.65272521972656
-34.441287994384766
-38.31334686279297
-27.355003356933594
-32.06201171875
-20.652992248535156
-29.025592803955078
-27.355003356933594
-34.13805389404297
-78.65272521972656
-43.08375549316406
-0.5147705078125
-78.65272521972656
-25.389263153076172
-43.08375549316406
-31.21368408203125
-38.31334686279297
-30.318626403808594
-20.795452117919922
-8.177177429199219
-43.084075927734375
-18.7296142578125
-7.705207824707031
-30.80731201171875
-34.02663803100586
-31.881752014160156
-78.65272521972656
-24.507408142089844
-13.2591552734375
-57.55113983154297
-26.580604553222656
-30.406814575195312
-27.337814331054688
17.454986572265625
-32.11907958984375
-31.070789337158203
-23.300277709960938
-21.203277587890625
-30.769542694091797
-28.047454833984375
-40.63991165161133
-35.45368957519531
2.9805068969726562
-26.492725372314453
-30.169845581054688
-19.86557388305664
-21.105606079101562
-43.084075927734375
-31.10155487060547
-26.580604553222656
-21.51259994506836
-37.11869812011719
-30.536705017089844
-38.45698928833008
-29.85540771484375
-26.182113647460938
-31.070789337158203
-32.05023193359375
-30.828933715820312
6.9436492919921875
-27.91771697998047
-23.37302017211914
-12.757415771484375
-6.714466094970703
-41.2496337890625
-33.51308822631836
-30.32619857788086
-33.971744537353516
-29.889549255371094
-78.65272521972656
-24.214214324951172
-31.056121826171875
-20.618839263916016
-34.43492126464844
-34.43492126464844
-29.084747314453125
-23.92708969116211
-34.466400146484375
-57.55113983154297
-27.472240447998047
-24.87869644165039
-32.05023193359375
-1.9941291809082031
-28.923328399658203
-34.738346099853516
-30.542984008789062
-25.66535186767578
-16.64197540283203
-23.78756332397461
-43.08375549316406
-21.91802978515625
16.34356689453125
-23.37302017211914
-10.466426849365234
-8.607830047607422
-31.585311889648438
-11.68759536743164
-14.025894165039062
-27.472240447998047
-3.2060546875
-28.2252197265625
-29.818679809570312
-32.32097244262695
-24.629653930664062
-22.263214111328125
-78.65272521972656
6.9436492919921875
-43.08375549316406
0.594207763671875
-19.16537094116211
-33.82436752319336
-31.861522674560547
-31.070789337158203
-31.497291564941406
-38.31334686279297
10.883888244628906
-12.114723205566406
-23.733070373535156
-23.427734375
-29.402381896972656
-32.5444450378418
-30.803558349609375
-78.65272521972656
-26.156978607177734
-30.259811401367188
-41.892852783203125
-31.07442855834961
-38.44646453857422
-30.80731201171875
-25.389263153076172
-26.844310760498047
-43.80298614501953
-30.621963500976562
-15.841495513916016
-30.169845581054688
-27.80419921875
-29.11267852783203
-78.65272521972656
-34.091182708740234
-23.67977523803711
-29.83377456665039
-24.731895446777344
-33.11512756347656
20.06390380859375
-34.57688522338867
-23.732929229736328
-78.65272521972656
-34.542877197265625
-34.542877197265625
-32.52254104614258
-36.16691589355469
-57.55113983154297
-17.862850189208984
-43.084075927734375
-22.180862426757812
-27.472240447998047
-14.673629760742188
-28.736324310302734
-23.1046142578125
-24.833019256591797
-24.355815887451172
-37.708099365234375
-22.94725799560547
-7.701488494873047
-40.228851318359375
-30.32619857788086
-36.41828155517578
-1.5164527893066406
-78.65272521972656
-29.377910614013672
-31.5745849609375
-31.10155487060547
-21.91802978515625
-30.17467498779297
-5.7519073486328125
-78.65272521972656
-36.56519317626953
-17.543655395507812
-23.747299194335938
-21.274612426757812
-23.87822723388672
-43.084075927734375
-43.084075927734375
-10.914886474609375
-13.178276062011719
-34.728057861328125
-30.181053161621094
-20.652992248535156
-26.250511169433594
-4.287178039550781
-14.469791412353516
-20.17950439453125
-21.97249984741211
-18.808345794677734
-78.65272521972656
-43.08375549316406
-78.65272521972656
-18.608463287353516
-32.851524353027344
-31.070789337158203
-15.588638305664062
-24.219257354736328
-21.426239013671875
-25.532718658447266
-34.757057189941406
-34.81388854980469
-43.1065673828125
-20.040283203125
-43.084075927734375
0.01540374755859375
-30.815814971923828
-25.51131820678711
-27.721084594726562
-57.55113983154297
-37.07276153564453
-31.10155487060547
-23.78756332397461
-43.08375549316406
-29.85540771484375
-30.720054626464844
-34.728057861328125
-34.728057861328125
-28.807048797607422
-25.747684478759766
-32.05023193359375
-20.795452117919922
-24.214214324951172
-24.923606872558594
-28.266063690185547
-57.55113983154297
-36.64042282104492
-28.737075805664062
-57.55113983154297
-24.87869644165039
-37.685794830322266
-23.632007598876953
-24.435619354248047
-33.14738082885742
-32.6490592956543
-29.925411224365234
-18.60694122314453
-27.472240447998047
-31.214675903320312
-21.098312377929688
-23.42534637451172
-78.65272521972656
-78.65272521972656
-78.65272521972656
-24.400344848632812
-31.10155487060547
-15.637882232666016
-26.156978607177734
-57.55113983154297
-23.710304260253906
58.307464599609375
-24.214214324951172
-33.57839584350586
-22.48574447631836
-78.65272521972656
-31.861522674560547
-33.14738082885742
-43.084075927734375
-29.818679809570312
-34.43492126464844
-23.0318603515625
-23.665454864501953
-38.45698928833008
-25.273300170898438
-4.3049468994140625
-19.86557388305664
-22.256851196289062
-30.383827209472656
-28.708755493164062
-29.85540771484375
-6.583038330078125
-33.548152923583984
-23.42534637451172
-22.719940185546875
-32.851524353027344
-23.67977523803711
-35.389007568359375
-27.794654846191406
-42.97455596923828
