58.50749206542969
1833.7037353515625
3.20941162109375
-18.272384643554688
-6.191047668457031
17.966205596923828
-12.458744049072266
13.178237915039062
6971690772856832.0
-26.705921173095703
-14.36184310913086
43.91387176513672
2.782604217529297
15.26348876953125
19.993492126464844
229.58880615234375
1.3809700012207031
-26.826995849609375
220.73765563964844
-25.1846923828125
-7.9896392822265625
-27.877464294433594
33.09740447998047
43.91387176513672
-2.508087158203125
18.767181396484375
110.95631408691406
35.064117431640625
-15.867252349853516
21.32074737548828
3.5651626586914062
-32.32689666748047
-12.118026733398438
3.5651626586914062
-20.962642669677734
6971690772856832.0
36.20569610595703
7.133930206298828
3.5651626586914062
43.91387176513672
43.91387176513672
9.304443359375
-1.6215705871582031
210312.890625
4.9787139892578125
43.91387176513672
43.91387176513672
-6.257953643798828
-20.00811767578125
-14.76953125
-49.484214782714844
-9.480186462402344
9.826347351074219
210289.09375
6971690772856832.0
213.1475830078125
-19.59527587890625
5.159820556640625
-24.293434143066406
25.12109375
210161.5625
33.417579650878906
35.243736267089844
209686.765625
16.067115783691406
-15.675666809082031
68.87208557128906
-14.180168151855469
27.934646606445312
-22.50182342529297
-29.15020751953125
-26.09814453125
-14.716911315917969
17.965816497802734
9.870643615722656
28.799659729003906
-27.877464294433594
-7.9896392822265625
-17.00960922241211
-20.07904815673828
0.363311767578125
-13.856269836425781
128.89312744140625
-12.82415771484375
30.57318115234375
-2.41400146484375
62.865631103515625
-10.398639678955078
-20.433761596679688
40.82130432128906
210371.84375
45.76036834716797
17.34439468383789
210356.046875
-28.008941650390625
3033.703857421875
-16.13465118408203
-27.009010314941406
43.91387176513672
30.041961669921875
-6.191047668457031
13.213481903076172
43.91387176513672
-10.807212829589844
6971690772856832.0
43.91387176513672
43.91387176513672
-14.178333282470703
-10.952293395996094
-22.16283416748047
0.6579475402832031
23.38042449951172
-10.087406158447266
-25.743759155273438
6971690772856832.0
-13.856269836425781
-10.398639678955078
-4.118907928466797
9.933406829833984
-29.304107666015625
112.59317016601562
30.041961669921875
0.61407470703125
113.58709716796875
43.91387176513672
34.457618713378906
94.2501220703125
-18.43597412109375
71.12286376953125
-16.88336944580078
43.91387176513672
-16.213977813720703
43.91387176513672
-28.320690155029297
116.68766021728516
-10.66116714477539
-49.484214782714844
-32.066375732421875
-13.856269836425781
-13.563308715820312
-0.8793449401855469
36.384979248046875
-26.705909729003906
1.3809700012207031
-26.705909729003906
-21.243064880371094
-33.239219665527344
-25.18825912475586
-22.22943878173828
-18.036460876464844
500.9373779296875
-18.257770538330078
-16.067184448242188
103.26213073730469
21.17046356201172
-26.705909729003906
-26.852500915527344
48.47200012207031
-1.0843658447265625
-31.548171997070312
180.173095703125
24.79924774169922
-6.400074005126953
-30.16241455078125
6971690772856832.0
-22.783405303955078
43.91387176513672
-19.80071258544922
456.61859130859375
-16.325958251953125
43.91387176513672
30.041961669921875
6971690772856832.0
20.351303100585938
103.26245880126953
43.91387176513672
-8.629379272460938
-14.425285339355469
-15.59177017211914
-5.6932373046875
2.720703125
-26.16071319580078
116.68766021728516
-0.5899581909179688
51.15462875366211
1.3809700012207031
-14.204933166503906
-26.520042419433594
9.64419937133789
2.782604217529297
-26.890689849853516
-13.628044128417969
-10.807212829589844
-18.43597412109375
-31.537635803222656
-3.72540283203125
-25.479812622070312
26.710426330566406
-27.51416015625
-19.704730987548828
105.00569152832031
-26.877647399902344
-30.285518646240234
105.00569152832031
43.91387176513672
97.68306732177734
8081877004976128.0
-17.76142120361328
-17.298843383789062
43.91387176513672
-14.43682861328125
3.5651626586914062
-19.328182220458984
560.8641357421875
-22.217498779296875
77.23709869384766
43.91387176513672
-7.439983367919922
17.965816497802734
36.94352722167969
-13.628044128417969
955.2793579101562
-9.156448364257812
-9.223953247070312
9.826347351074219
54.77635192871094
-4.593528747558594
-26.39411163330078
-7.177753448486328
43.91387176513672
-18.749488830566406
21633.626953125
3.075531005859375
-15.063785552978516
-7.439983367919922
-25.747447967529297
-1.6215705871582031
90.818359375
-22.076004028320312
-20.169658660888672
-1.27447509765625
-7.6978607177734375
-30.151718139648438
-12.746871948242188
87.9677734375
45.750396728515625
-15.668228149414062
-14.937339782714844
210064.921875
-16.593292236328125
-22.629329681396484
464.9342041015625
6.13775634765625
43.91387176513672
-12.118026733398438
79.74807739257812
-22.11139678955078
14.335498809814453
21.27552032470703
-25.82323455810547
-26.705921173095703
-22.254680633544922
-20.742328643798828
-16.616283416748047
-30.392799377441406
116.68766021728516
1509.455810546875
43.91387176513672
30.110595703125
43.91387176513672
5.6068572998046875
1.0087089538574219
-23.64560317993164
-21.2711181640625
11.992431640625
62.249755859375
17.113330841064453
43.91387176513672
-13.628044128417969
268.41583251953125
118.49005126953125
1.3809700012207031
-13.856269836425781
54.317649841308594
-0.0344390869140625
-4.593528747558594
-16.250102996826172
6.781566619873047
-0.7066192626953125
-26.043289184570312
1.9720115661621094
-12.783817291259766
29.80859375
-24.044628143310547
44.60974884033203
-49.484214782714844
412.7777099609375
-14.425285339355469
-6.662181854248047
43.91387176513672
-14.2225341796875
-10.228267669677734
-20.276092529296875
13.262420654296875
-17.497982025146484
43.91387176513672
-25.743759155273438
43.91387176513672
-11.342052459716797
-6.955463409423828
-15.436660766601562
128.5838623046875
-3.619098663330078
-7.9285736083984375
-3.619098663330078
116.68766021728516
-12.404808044433594
-20.169658660888672
43.91387176513672
293.53521728515625
1754.208740234375
8.623054504394531
13.272953033447266
-23.712112426757812
-29.415889739990234
0.61407470703125
-22.364830017089844
-8.589111328125
83.47865295410156
-13.558979034423828
74.8573989868164
43.91387176513672
-26.09814453125
-18.80887222290039
2.720703125
-26.705909729003906
-26.09814453125
-13.628044128417969
-25.1846923828125
-19.21197509765625
2.782604217529297
-19.90782928466797
-24.153785705566406
-3.619098663330078
-1.3233489990234375
70558.1953125
6971690772856832.0
-19.21197509765625
112.69550323486328
-14.937339782714844
0.8654098510742188
43.91387176513672
-14.62875747680664
-18.036460876464844
-22.783405303955078
5.721138000488281
43.91387176513672
-18.43597412109375
-29.634319305419922
-8.629379272460938
17.34439468383789
-22.914901733398438
-2.6532440185546875
17.141693115234375
-25.743759155273438
44.35363006591797
-24.32964324951172
9.153022766113281
-14.937339782714844
-6.662181854248047
-30.732131958007812
-16.213977813720703
15.379806518554688
-15.081520080566406
-6.191047668457031
-21.07427978515625
-35.738380432128906
-15.676589965820312
-49.484214782714844
-20.66864776611328
43.91387176513672
33.09740447998047
-14.205276489257812
33.09740447998047
33.09740447998047
6971690772856832.0
-49.484214782714844
-13.924610137939453
-0.043651580810546875
-16.430171966552734
-22.783405303955078
-6.191047668457031
-49.484214782714844
-24.79608917236328
-24.293434143066406
-12.82415771484375
-17.579391479492188
6971690772856832.0
40.32330322265625
-7.046875
-24.015716552734375
-14.205276489257812
17451.3828125
12.18368148803711
-8.768882751464844
88.55115509033203
6971690772856832.0
-20.575084686279297
54.317649841308594
15.191024780273438
43.91387176513672
-10.66116714477539
6.424694061279297
30.899147033691406
-1.5058860778808594
-20.14356231689453
-14.937339782714844
-13.527721405029297
3.862163543701172
17.113330841064453
-10.66116714477539
-23.479164123535156
97.7722396850586
36.118621826171875
1.3809700012207031
-26.705909729003906
31.206798553466797
-14.608367919921875
-18.43597412109375
85.53001403808594
-9.480186462402344
-8.178985595703125
687.0693359375
-10.996707916259766
3.148670196533203
-0.17734909057617188
-27.33819580078125
43.91387176513672
98.67638397216797
0.8522796630859375
-15.081520080566406
46.905792236328125
-21.2711181640625
-20.169658660888672
-15.063785552978516
39.96665954589844
-28.396251678466797
-21.243064880371094
-16.601947784423828
88.52749633789062
80089.8359375
43.91387176513672
0.8390045166015625
92224658341888.0
687.0693359375
16.751605987548828
-16.03631591796875
-22.783405303955078
-3.5372085571289062
-26.705909729003906
21.32074737548828
114.78421783447266
-22.783405303955078
178.76028442382812
4.214664459228516
29.90044403076172
-18.02092742919922
30.79769515991211
30.041961669921875
-13.615203857421875
36.07593536376953
-27.05718994140625
19087.376953125
11.020156860351562
30.041961669921875
-22.783405303955078
-35.738380432128906
687.0693359375
-12.841445922851562
17.973567962646484
0.765960693359375
21.969242095947266
-26.705921173095703
-0.17734909057617188
43.91387176513672
2.720703125
24461.892578125
29251.47265625
1.209716796875
-22.783405303955078
-24.04468536376953
5.326301574707031
13.49981689453125
2.2150421142578125
-22.783405303955078
-26.705921173095703
-12.118026733398438
21.27552032470703
-17.028690338134766
46.905792236328125
687.0693359375
1908.7218017578125
-12.82415771484375
-14.937339782714844
43.91387176513672
-17.29930877685547
45.0362548828125
4.8045654296875
43.91387176513672
-30.732131958007812
815.6314086914062
-28.720909118652344
259494.9375
24.774219512939453
-28.720909118652344
43.91387176513672
-6.5509185791015625
6971690772856832.0
-15.85134506225586
26.722705841064453
43.91387176513672
16066.8701171875
-37.35047149658203
-7.701450347900391
43.91387176513672
-10.66116714477539
2.720703125
11.791572570800781
-14.75616455078125
-11.151351928710938
-9.59450912475586
-24.754310607910156
-19.175880432128906
-17.303634643554688
54.317649841308594
-13.973487854003906
-20.169658660888672
6.424694061279297
-21.250198364257812
-9.586612701416016
85.828857421875
-11.057518005371094
27.97509765625
-26.73659896850586
-12.920616149902344
3.5651626586914062
40.82130432128906
1.2447929382324219
-22.783405303955078
-15.85134506225586
-0.9869918823242188
-25.652328491210938
687.0693359375
-22.628448486328125
0.9434738159179688
-8.447681427001953
0.765960693359375
-5.593475341796875
43.91387176513672
30.041961669921875
-8.474845886230469
-25.743759155273438
60.51988220214844
77.23709869384766
-22.03160858154297
43.91387176513672
43.91387176513672
-8.447681427001953
-22.783405303955078
-12.552127838134766
16.067115783691406
-16.317935943603516
-15.85134506225586
43.91387176513672
3896.316162109375
-26.204113006591797
-17.497982025146484
-25.16089630126953
-21.243064880371094
-11.342052459716797
-35.738380432128906
1.0087089538574219
-22.24994659423828
-17.303634643554688
9.448047637939453
371.62347412109375
0.6931076049804688
43.91387176513672
223.70323181152344
257.131103515625
48.1097297668457
-26.86687469482422
-16.327957153320312
-19.175880432128906
97.7722396850586
-27.645706176757812
-22.246658325195312
-18.40766143798828
-20.56487274169922
82.06177520751953
1.2447929382324219
6.13775634765625
-19.702171325683594
-24.015716552734375
43.91387176513672
-26.705921173095703
-28.67967987060547
-41.71766662597656
-22.805213928222656
-25.074562072753906
43.91387176513672
-5.851593017578125
2.0428237915039062
-6.5509185791015625
-28.320690155029297
8.1116943359375
47.4400634765625
-14.608367919921875
-18.413127899169922
-7.06768798828125
43.91387176513672
36.07593536376953
-21.1812744140625
6.391563415527344
210216.765625
-24.616008758544922
-22.00653076171875
-23.53042984008789
-32.718536376953125
-5.0010223388671875
-17.303634643554688
-27.141475677490234
6971690772856832.0
43.91387176513672
-24.05362319946289
-19.588123321533203
-12.118026733398438
-3.619098663330078
43.91387176513672
-9.586612701416016
15.489505767822266
-10.378158569335938
9.695121765136719
7910.009765625
-21.9718017578125
-15.85134506225586
99.17108917236328
320.3959045410156
-10.350120544433594
-26.705921173095703
11376.0712890625
59973.515625
36.60490798950195
73.21858215332031
47.4400634765625
100.63273620605469
11.562019348144531
-17.028690338134766
43.91387176513672
24.21710205078125
43.91387176513672
79.74807739257812
10.467239379882812
-21.880233764648438
97.7722396850586
-6.575763702392578
-21.243064880371094
8.1116943359375
-19.80071258544922
-22.16283416748047
-0.17734909057617188
6971690772856832.0
-7.686195373535156
36137.74609375
-3.72540283203125
43.91387176513672
-18.43597412109375
-18.43597412109375
-18.743141174316406
210453.296875
43.91387176513672
-19.348106384277344
1.3809700012207031
9.870643615722656
143.24990844726562
105.00569152832031
-2.6584205627441406
84.63245391845703
-2.5703277587890625
5.484130859375
-26.705909729003906
43.91387176513672
-9.978557586669922
-23.479164123535156
-8.502552032470703
-19.8262939453125
6.671577453613281
-8.860527038574219
-8.502552032470703
-16.901451110839844
43.91387176513672
-26.705909729003906
339.8336486816406
43.91387176513672
-5.6932373046875
-26.705909729003906
-18.204193115234375
-23.479164123535156
-2.4817123413085938
5.744209289550781
143.24990844726562
-26.705921173095703
15.26348876953125
29.218040466308594
-2.508087158203125
-17.761947631835938
2.8845901489257812
43.91387176513672
2.7218856811523438
-6.2340545654296875
6971690772856832.0
-8.439949035644531
0.765960693359375
-25.416805267333984
6757.38427734375
-15.160747528076172
-22.783405303955078
-30.16241455078125
45.30252456665039
-14.542892456054688
3.6714096069335938
48.47200012207031
687.0693359375
3468.44921875
-22.824710845947266
2.782604217529297
268.41583251953125
-5.2496490478515625
-26.705921173095703
-18.43597412109375
-8.439949035644531
6.231620788574219
-24.845497131347656
-19.028091430664062
-21.243064880371094
-8.629379272460938
68.87208557128906
-22.783405303955078
1.2447929382324219
-13.504974365234375
185.03684997558594
-15.886760711669922
54.317649841308594
2.0485153198242188
48.853755950927734
-31.113994598388672
-16.272315979003906
5.014488220214844
-12.82415771484375
-11.296173095703125
43.91387176513672
33.09740447998047
-12.997467041015625
52.56800842285156
-12.118026733398438
-12.118026733398438
-24.007091522216797
116.76359558105469
-20.114517211914062
6971690772856832.0
82.31046295166016
-0.17734909057617188
1.2447929382324219
957.6023559570312
-12.841445922851562
-22.254680633544922
7.134357452392578
-2.911346435546875
9.743274688720703
2.2731170654296875
-26.705909729003906
-17.497982025146484
55.506324768066406
54.317649841308594
19.96753692626953
14.111576080322266
-0.0344390869140625
-33.6391716003418
26.473129272460938
82.31046295166016
25.78677749633789
-23.585247039794922
16.751605987548828
-15.118202209472656
6.13775634765625
-0.4486083984375
43.91387176513672
185.03684997558594
-26.705909729003906
30.600265502929688
111.96757507324219
-14.186031341552734
-25.743759155273438
-22.783405303955078
-17.412853240966797
-23.479164123535156
61480.17578125
8.623054504394531
6.781566619873047
34.362754821777344
103.2278060913086
-11.903205871582031
-13.791851043701172
43.91387176513672
3.075531005859375
-11.342052459716797
-30.732131958007812
-22.03160858154297
-22.16283416748047
-2.508087158203125
-5.6932373046875
4.057975769042969
9522131473793024.0
941.004638671875
-6.52105712890625
2.782604217529297
1.0087089538574219
210260.21875
43.91387176513672
-20.781951904296875
-6.191047668457031
-33.90121841430664
-19.958251953125
210292.921875
12221.4501953125
-18.743141174316406
-25.200714111328125
43.91387176513672
-14.180168151855469
-14.180168151855469
-9.844547271728516
-20.169658660888672
6971690772856832.0
9.826347351074219
-26.705921173095703
-4.089611053466797
82.31046295166016
79.74807739257812
-25.820846557617188
36.62980651855469
2.789886474609375
19.456985473632812
116.68766021728516
9.933406829833984
1149.9442138671875
-31.198619842529297
5.014488220214844
-20.533737182617188
5720.97998046875
43.91387176513672
-16.870800018310547
-28.54328155517578
-18.43597412109375
-17.497982025146484
-37.35047149658203
128.89312744140625
43.91387176513672
-20.51073455810547
116.05562591552734
-1.4685440063476562
-14.340370178222656
2.9411773681640625
-26.705921173095703
-26.705921173095703
16.49981689453125
48.44646453857422
45.76036834716797
-10.162300109863281
6.671577453613281
-13.128807067871094
81.45231628417969
5787.87109375
279764.21875
0.4777565002441406
4.943489074707031
43.91387176513672
-26.705909729003906
43.91387176513672
97.7686996459961
-7.439983367919922
-22.783405303955078
13.327594757080078
33.11143493652344
21.32074737548828
6.424694061279297
-23.680797576904297
-20.764205932617188
-32.81864929199219
-16.593292236328125
-26.705921173095703
346.4537048339844
-18.036460876464844
0.5676498413085938
-15.85134506225586
6971690772856832.0
-29.70154571533203
-18.43597412109375
2.2731170654296875
-26.705909729003906
-8.629379272460938
-14.040580749511719
45.76036834716797
45.76036834716797
66.40963745117188
35.064117431640625
1.2447929382324219
5.744209289550781
33.09740447998047
-41.71766662597656
-29.070026397705078
6971690772856832.0
-29.988765716552734
-14.937339782714844
6971690772856832.0
-0.17734909057617188
-25.18825912475586
147.60281372070312
3.148670196533203
-8.880180358886719
209821.734375
108.40591430664062
97.7722396850586
82.31046295166016
95.78636932373047
-5.246120452880859
-28.334815979003906
43.91387176513672
43.91387176513672
43.91387176513672
-19.802459716796875
-18.43597412109375
-11.21685791015625
3.075531005859375
6971690772856832.0
-8.447681427001953
108346.0625
33.09740447998047
22.36773681640625
107.85655975341797
43.91387176513672
-25.743759155273438
-8.880180358886719
-26.705921173095703
16.751605987548828
-12.118026733398438
-2.5703277587890625
-9.369037628173828
-21.243064880371094
0.6931076049804688
4.934940338134766
268.41583251953125
0.61407470703125
-18.07080078125
105.9116439819336
-8.629379272460938
3.862163543701172
-14.187088012695312
-28.334815979003906
-13.315654754638672
-7.439983367919922
-6.191047668457031
-25.069503784179688
-12.427234649658203
-6.662181854248047
