47.27996826171875
47.73428726196289
39.140899658203125
47.60548782348633
47.73428726196289
36.536991119384766
47.23324966430664
35.26420974731445
37.58527374267578
33.10128402709961
32.800880432128906
35.17486572265625
41.94068908691406
41.94068908691406
32.39719772338867
31.84204864501953
32.598575592041016
38.561767578125
38.561767578125
35.17486572265625
44.57490539550781
33.374183654785156
34.86725616455078
32.67472457885742
62.38835144042969
33.040557861328125
37.14951705932617
43.750335693359375
45.7542610168457
39.41973114013672
47.73428726196289
47.459259033203125
37.17096710205078
47.126190185546875
46.821468353271484
46.876792907714844
46.821468353271484
42.478214263916016
54.96520233154297
44.734535217285156
46.160621643066406
42.80472946166992
47.18540954589844
53.01890182495117
49.32692337036133
53.838401794433594
44.10000228881836
36.334434509277344
37.54798126220703
34.65994644165039
36.73910903930664
53.92045211791992
34.91379928588867
37.210227966308594
45.265724182128906
36.8917236328125
35.00778579711914
36.440040588378906
33.70464324951172
37.6773681640625
42.087642669677734
50.60785675048828
38.04496383666992
51.66815185546875
34.247032165527344
33.252994537353516
41.34720993041992
37.21118927001953
33.7488899230957
32.99209213256836
31.17031478881836
34.14874267578125
32.78346252441406
32.78346252441406
32.78346252441406
34.14874267578125
34.14874267578125
44.853389739990234
44.853389739990234
33.14546585083008
33.14546585083008
34.14874267578125
43.04536437988281
47.00984191894531
47.30416488647461
33.63642501831055
32.78346252441406
32.61537170410156
45.43146896362305
40.715389251708984
34.475006103515625
33.645511627197266
35.084800720214844
33.646724700927734
33.63642501831055
33.50389099121094
32.443115234375
32.43965148925781
33.7488899230957
33.7488899230957
33.7488899230957
33.70464324951172
38.10755157470703
35.50088119506836
35.03242874145508
34.14874267578125
34.542030334472656
31.17031478881836
31.17031478881836
34.14874267578125
51.774803161621094
51.252655029296875
52.26203536987305
33.7488899230957
33.70464324951172
38.28479766845703
33.7488899230957
33.63642501831055
33.198524475097656
35.9924201965332
35.974891662597656
36.81984329223633
33.70464324951172
35.057037353515625
52.154022216796875
34.84914779663086
49.52938461303711
33.31419372558594
50.97383499145508
33.19138717651367
33.14659118652344
40.83731460571289
33.70464324951172
33.7488899230957
37.673465728759766
37.92952346801758
32.344173431396484
38.81034851074219
38.47816467285156
33.55083465576172
33.70464324951172
33.39162826538086
34.027503967285156
48.774131774902344
41.924285888671875
47.86871337890625
49.15564727783203
44.81147003173828
42.042327880859375
48.690155029296875
47.324398040771484
40.08478546142578
45.7542610168457
35.646705627441406
42.4539794921875
44.10000228881836
45.265724182128906
36.8917236328125
37.210227966308594
36.8917236328125
36.73910903930664
34.65994644165039
36.73910903930664
38.36101150512695
35.614891052246094
33.991519927978516
37.54798126220703
36.334434509277344
37.54798126220703
51.473079681396484
45.43146896362305
64.39213562011719
36.10251235961914
34.557281494140625
36.10251235961914
34.667877197265625
36.10251235961914
34.557281494140625
36.10251235961914
33.395652770996094
34.325626373291016
32.99824905395508
32.15077209472656
37.65095901489258
37.971012115478516
38.67184829711914
39.87127685546875
36.166473388671875
39.87127685546875
39.87127685546875
36.166473388671875
31.50506591796875
36.21449279785156
34.09408187866211
36.21449279785156
54.6456298828125
54.267189025878906
54.15201950073242
53.827484130859375
53.883079528808594
38.84716796875
35.01338577270508
38.84716796875
36.28374099731445
39.5490608215332
36.28374099731445
50.060020446777344
33.25159454345703
42.443504333496094
37.960697174072266
37.63475036621094
33.14546585083008
33.14546585083008
33.14546585083008
44.853389739990234
44.853389739990234
44.853389739990234
44.853389739990234
33.14546585083008
44.853389739990234
33.14546585083008
33.14546585083008
33.14546585083008
33.14546585083008
44.853389739990234
44.853389739990234
44.853389739990234
31.94038963317871
35.38316345214844
36.21449279785156
34.09408187866211
36.21449279785156
52.3886833190918
34.333587646484375
39.87127685546875
36.166473388671875
39.87127685546875
47.49483871459961
39.87127685546875
36.166473388671875
41.36316680908203
40.72216796875
41.36316680908203
35.189476013183594
36.093990325927734
36.9948844909668
36.9948844909668
33.43313980102539
39.87127685546875
36.166473388671875
39.87127685546875
36.166473388671875
39.87127685546875
42.35556411743164
33.37698745727539
33.38222122192383
40.21418380737305
39.13716125488281
33.28171157836914
39.45082473754883
37.58895492553711
39.45082473754883
37.084739685058594
36.58625030517578
37.084739685058594
34.779815673828125
35.88634490966797
34.18461608886719
35.630714416503906
34.03464126586914
39.45082473754883
37.58895492553711
39.45082473754883
44.104679107666016
41.94068908691406
44.104679107666016
46.22311019897461
34.04705047607422
37.084739685058594
36.58625030517578
37.084739685058594
37.084739685058594
36.58625030517578
39.87127685546875
36.166473388671875
34.50229263305664
35.66850280761719
40.21418380737305
39.13716125488281
40.21418380737305
39.87127685546875
33.11953353881836
37.35036087036133
34.30320358276367
37.35036087036133
37.64903259277344
33.34737777709961
37.64903259277344
37.64903259277344
47.00984191894531
43.04536437988281
47.00984191894531
47.00984191894531
43.04536437988281
40.97466278076172
33.64662170410156
35.903892517089844
36.06509780883789
36.4472770690918
36.06509780883789
40.715389251708984
45.43146896362305
40.715389251708984
34.37382507324219
35.55126190185547
35.47197723388672
35.07664489746094
36.07693099975586
35.51924514770508
33.68864059448242
34.17405319213867
35.903892517089844
36.22445297241211
33.82844161987305
31.68816375732422
35.03242874145508
34.032920837402344
37.69863510131836
33.94785690307617
31.3644962310791
33.14546585083008
33.14546585083008
33.14546585083008
35.758052825927734
36.801021575927734
38.49237823486328
32.413063049316406
33.14546585083008
33.14546585083008
33.14546585083008
33.14546585083008
33.14546585083008
35.17486572265625
33.523651123046875
32.94291305541992
32.971797943115234
47.00984191894531
43.04536437988281
31.755645751953125
35.921600341796875
34.60681915283203
45.622535705566406
35.88573455810547
187.54385375976562
45.622535705566406
187.54385375976562
188.75875854492188
227.5928955078125
187.54385375976562
187.54385375976562
187.54385375976562
187.54385375976562
38.28453826904297
187.54385375976562
187.54385375976562
187.54385375976562
187.54385375976562
187.54385375976562
187.54385375976562
187.54385375976562
187.54385375976562
187.54385375976562
187.54385375976562
37.84331130981445
187.43988037109375
45.622535705566406
187.54385375976562
187.54385375976562
37.84331130981445
187.54385375976562
187.54385375976562
187.54385375976562
37.84331130981445
187.54385375976562
187.54385375976562
34.70283889770508
187.54385375976562
187.54385375976562
37.84331130981445
40.21038818359375
35.18593215942383
187.54385375976562
187.54385375976562
37.84331130981445
187.54385375976562
187.54385375976562
187.54385375976562
37.84331130981445
187.54385375976562
187.54385375976562
187.54385375976562
187.54385375976562
37.84331130981445
34.69429016113281
33.999393463134766
187.54385375976562
32.29836654663086
37.31707763671875
187.54385375976562
37.84331130981445
187.54385375976562
187.54385375976562
187.54385375976562
187.54385375976562
37.84331130981445
36.95782470703125
35.46741485595703
187.54385375976562
187.54385375976562
37.84331130981445
32.37822723388672
187.54385375976562
187.54385375976562
31.974069595336914
33.568397521972656
42.411014556884766
34.38961410522461
187.54385375976562
187.54385375976562
37.84331130981445
58.17988586425781
58.17988586425781
37.94685745239258
32.354103088378906
58.17988586425781
37.84331130981445
58.17988586425781
58.17988586425781
37.84331130981445
52.29180908203125
52.29180908203125
40.21038818359375
35.43440246582031
52.29180908203125
52.29180908203125
39.6881103515625
33.894126892089844
39.6881103515625
33.740482330322266
37.84331130981445
49.19038391113281
49.19038391113281
38.368682861328125
34.819419860839844
37.84331130981445
49.19038391113281
49.19038391113281
37.981502532958984
34.144432067871094
32.960357666015625
49.19038391113281
47.27385711669922
37.84331130981445
36.95782470703125
34.40978240966797
35.22323989868164
41.180538177490234
47.3455810546875
37.5378303527832
33.28314208984375
38.368682861328125
33.20718765258789
37.14951705932617
33.13473892211914
32.678306579589844
47.3455810546875
31.811885833740234
39.6881103515625
33.57207489013672
32.97610855102539
32.97610855102539
32.46720886230469
33.12794876098633
42.411014556884766
32.96039581298828
32.679161071777344
33.307823181152344
32.42084884643555
37.84331130981445
32.69949722290039
39.6881103515625
35.407203674316406
47.3455810546875
32.85463333129883
33.30924987792969
33.139610290527344
46.075103759765625
33.12794876098633
32.9937858581543
33.29405212402344
32.904354095458984
32.449920654296875
32.69998550415039
46.075103759765625
32.85546112060547
46.075103759765625
37.84331130981445
46.075103759765625
42.411014556884766
33.39750289916992
46.075103759765625
41.511573791503906
32.098854064941406
32.93056106567383
46.07422637939453
41.510494232177734
