80.6146240234375
83.8826904296875
34.177310943603516
81.17049407958984
83.8826904296875
22.9447021484375
80.53837585449219
22.007125854492188
26.954845428466797
20.538888931274414
17.300697326660156
31.032255172729492
30.68076515197754
30.68076515197754
17.708524703979492
15.944038391113281
16.808504104614258
26.224063873291016
26.224063873291016
31.032255172729492
37.185791015625
17.78478240966797
28.4802188873291
17.722198486328125
59.907432556152344
21.28594970703125
26.17643928527832
43.1422119140625
69.56764221191406
35.222877502441406
83.8826904296875
81.21229553222656
13.141181945800781
78.00838470458984
77.16862487792969
77.60873413085938
77.16862487792969
69.21331787109375
113.2356185913086
49.646141052246094
72.03006744384766
50.73434066772461
67.33341979980469
138.187255859375
96.70482635498047
110.61026000976562
31.118457794189453
21.43501091003418
21.75054168701172
22.130783081054688
22.69645881652832
24.844650268554688
22.50944709777832
26.632652282714844
33.16950988769531
25.968334197998047
17.896041870117188
19.521148681640625
25.08165740966797
20.72365951538086
25.376670837402344
27.294048309326172
22.383195877075195
33.92258834838867
24.78538703918457
18.821121215820312
31.500164031982422
21.991003036499023
23.33930015563965
16.89420509338379
17.00950813293457
33.74422073364258
24.944284439086914
24.944284439086914
24.944284439086914
33.74422073364258
33.74422073364258
35.13806915283203
35.13806915283203
19.517017364501953
19.517017364501953
33.74422073364258
31.593578338623047
34.646087646484375
36.0985107421875
21.499061584472656
24.944284439086914
15.146514892578125
33.179786682128906
27.888641357421875
18.249752044677734
17.336854934692383
19.749021530151367
17.35597038269043
21.499061584472656
17.40340232849121
18.169387817382812
23.929309844970703
23.33930015563965
23.33930015563965
23.33930015563965
25.08165740966797
23.05054473876953
22.124645233154297
21.779748916625977
33.74422073364258
19.018585205078125
17.00950813293457
17.00950813293457
33.74422073364258
34.666709899902344
23.801868438720703
17.992511749267578
23.33930015563965
25.08165740966797
28.921661376953125
23.33930015563965
21.499061584472656
16.085670471191406
21.89663314819336
23.19891357421875
24.156145095825195
25.08165740966797
19.917232513427734
18.42869758605957
22.415050506591797
31.28948211669922
19.5654354095459
32.52220916748047
23.530630111694336
16.13283920288086
33.382713317871094
25.08165740966797
23.33930015563965
20.877334594726562
26.2559757232666
19.902929306030273
26.928089141845703
25.727127075195312
17.965778350830078
25.08165740966797
17.137731552124023
28.915117263793945
102.11865997314453
55.70320129394531
84.08390808105469
90.6472396850586
64.56011962890625
62.034271240234375
87.72129821777344
80.71603393554688
38.24003982543945
69.56764221191406
21.916229248046875
33.16924285888672
31.118457794189453
33.16950988769531
25.968334197998047
26.632652282714844
25.968334197998047
22.69645881652832
22.130783081054688
22.69645881652832
20.78936004638672
17.952320098876953
17.822721481323242
21.75054168701172
21.43501091003418
21.75054168701172
39.20323181152344
33.179786682128906
54.51020050048828
26.954124450683594
22.915420532226562
26.954124450683594
17.882410049438477
26.954124450683594
22.915420532226562
26.954124450683594
17.597719192504883
28.103816986083984
22.387805938720703
16.673797607421875
26.48984718322754
24.14020538330078
23.995115280151367
24.74444580078125
22.964996337890625
24.74444580078125
24.74444580078125
22.964996337890625
13.916683197021484
24.063793182373047
21.02690315246582
24.063793182373047
24.09836769104004
23.318347930908203
20.278621673583984
24.189804077148438
20.210102081298828
24.83649253845215
22.747995376586914
24.83649253845215
25.930845260620117
30.054628372192383
25.930845260620117
24.185604095458984
20.281267166137695
30.280017852783203
24.724651336669922
20.27760887145996
19.517017364501953
19.517017364501953
19.517017364501953
35.13806915283203
35.13806915283203
35.13806915283203
35.13806915283203
19.517017364501953
35.13806915283203
19.517017364501953
19.517017364501953
19.517017364501953
19.517017364501953
35.13806915283203
35.13806915283203
35.13806915283203
14.583934783935547
19.353673934936523
24.063793182373047
21.02690315246582
24.063793182373047
21.774150848388672
23.526737213134766
24.74444580078125
22.964996337890625
24.74444580078125
19.715084075927734
24.74444580078125
22.964996337890625
29.16330909729004
28.63724708557129
29.16330909729004
19.97042465209961
29.502933502197266
31.958419799804688
31.958419799804688
20.434391021728516
24.74444580078125
22.964996337890625
24.74444580078125
22.964996337890625
24.74444580078125
22.53453254699707
23.760046005249023
18.434926986694336
26.57015609741211
26.425241470336914
14.918872833251953
25.191354751586914
22.482851028442383
25.191354751586914
26.926654815673828
21.41661262512207
26.926654815673828
14.644548416137695
20.684303283691406
23.65677261352539
22.153839111328125
25.185026168823242
25.191354751586914
22.482851028442383
25.191354751586914
31.16080665588379
30.68076515197754
31.16080665588379
24.454593658447266
24.163230895996094
26.926654815673828
21.41661262512207
26.926654815673828
26.926654815673828
21.41661262512207
24.74444580078125
22.964996337890625
28.232805252075195
19.17945671081543
26.57015609741211
26.425241470336914
26.57015609741211
24.74444580078125
19.119855880737305
23.920148849487305
27.209064483642578
23.920148849487305
29.70807647705078
23.824874877929688
29.70807647705078
29.70807647705078
34.646087646484375
31.593578338623047
34.646087646484375
34.646087646484375
31.593578338623047
42.437042236328125
21.91429328918457
22.244779586791992
26.862516403198242
25.31093978881836
26.862516403198242
27.888641357421875
33.179786682128906
27.888641357421875
23.116493225097656
21.342144012451172
24.13361167907715
25.447782516479492
27.185169219970703
17.07305335998535
33.56999206542969
23.571531295776367
22.244779586791992
22.1151180267334
23.087299346923828
14.659549713134766
21.779748916625977
20.24649429321289
24.25680923461914
18.63222312927246
14.839447021484375
19.517017364501953
19.517017364501953
19.517017364501953
28.45488739013672
22.445568084716797
28.185890197753906
16.648914337158203
19.517017364501953
19.517017364501953
19.517017364501953
19.517017364501953
19.517017364501953
31.032255172729492
24.205801010131836
22.366741180419922
22.82223129272461
34.646087646484375
31.593578338623047
20.464954376220703
30.67167854309082
26.16935920715332
33.87301254272461
20.54000473022461
595.2083129882812
33.87301254272461
595.2083129882812
433.9088439941406
2142.320068359375
595.2083129882812
595.2083129882812
595.2083129882812
595.2083129882812
21.555959701538086
595.2083129882812
595.2083129882812
595.2083129882812
595.2083129882812
595.2083129882812
595.2083129882812
595.2083129882812
595.2083129882812
595.2083129882812
595.2083129882812
33.89247512817383
521.4346923828125
33.87301254272461
595.2083129882812
595.2083129882812
33.89247512817383
595.2083129882812
595.2083129882812
595.2083129882812
33.89247512817383
595.2083129882812
595.2083129882812
35.483272552490234
595.2083129882812
595.2083129882812
33.89247512817383
28.30571937561035
19.79153060913086
595.2083129882812
595.2083129882812
33.89247512817383
595.2083129882812
595.2083129882812
595.2083129882812
33.89247512817383
595.2083129882812
595.2083129882812
595.2083129882812
595.2083129882812
33.89247512817383
21.63888168334961
18.02001190185547
595.2083129882812
20.19225311279297
21.222026824951172
595.2083129882812
33.89247512817383
595.2083129882812
595.2083129882812
595.2083129882812
595.2083129882812
33.89247512817383
23.089282989501953
18.65918731689453
595.2083129882812
595.2083129882812
33.89247512817383
29.22529411315918
595.2083129882812
595.2083129882812
20.947263717651367
17.321826934814453
29.07879066467285
16.118032455444336
595.2083129882812
595.2083129882812
33.89247512817383
63.645668029785156
63.645668029785156
24.09787368774414
18.524320602416992
63.645668029785156
33.89247512817383
63.645668029785156
63.645668029785156
33.89247512817383
56.56415939331055
56.56415939331055
28.30571937561035
18.390796661376953
56.56415939331055
56.56415939331055
26.102291107177734
22.82712745666504
26.102291107177734
24.045900344848633
33.89247512817383
53.14262390136719
53.14262390136719
24.385208129882812
28.419139862060547
33.89247512817383
53.14262390136719
53.14262390136719
23.04282569885254
26.8231143951416
15.797636032104492
53.14262390136719
60.81434631347656
33.89247512817383
23.089282989501953
18.353641510009766
28.55810546875
30.985383987426758
51.22908401489258
23.44759750366211
17.131690979003906
24.385208129882812
21.667137145996094
26.17643928527832
25.465478897094727
17.03227424621582
51.22908401489258
18.130767822265625
26.102291107177734
21.84324073791504
18.583820343017578
18.583820343017578
16.568775177001953
16.898414611816406
29.07879066467285
16.916778564453125
17.470947265625
17.664554595947266
16.86331558227539
33.89247512817383
17.521072387695312
26.102291107177734
20.62955093383789
51.22908401489258
16.20712661743164
17.50284194946289
16.496488571166992
49.96127700805664
16.898414611816406
16.663854598999023
18.54397201538086
17.87764549255371
17.461761474609375
17.685096740722656
49.96127700805664
17.947607040405273
49.96127700805664
33.89247512817383
49.96127700805664
29.07879066467285
24.13421630859375
49.96127700805664
28.767528533935547
16.614652633666992
16.633163452148438
49.954803466796875
28.766023635864258
