133.93609619140625
140.13157653808594
31.816009521484375
134.96279907226562
140.13157653808594
14.698772430419922
133.50416564941406
11.934144973754883
18.657163619995117
11.597122192382812
5.668292999267578
27.862281799316406
18.520936965942383
18.520936965942383
6.849842071533203
3.9885025024414062
4.84782600402832
20.900697708129883
20.900697708129883
27.862281799316406
29.289196014404297
5.797145843505859
21.41567611694336
7.157707214355469
64.16775512695312
11.749198913574219
16.269874572753906
65.52976989746094
111.5884017944336
33.918365478515625
140.13157653808594
135.19607543945312
-0.8598213195800781
128.60028076171875
126.35831451416016
127.96363067626953
126.35831451416016
119.74935913085938
173.43563842773438
52.04707717895508
103.1011962890625
67.12993621826172
85.26319885253906
285.514404296875
164.8688201904297
172.6659698486328
23.566652297973633
9.376657485961914
9.859321594238281
13.830995559692383
12.728330612182617
11.685279846191406
17.005374908447266
18.81736183166504
24.91925048828125
17.766860961914062
11.77705192565918
13.348522186279297
15.13093376159668
12.151922225952148
20.256206512451172
24.262880325317383
14.405845642089844
32.664432525634766
17.60382843017578
6.830104827880859
26.415904998779297
12.11691665649414
15.22967529296875
3.8301925659179688
7.529029846191406
34.88677978515625
19.296642303466797
19.296642303466797
19.296642303466797
34.88677978515625
34.88677978515625
24.436321258544922
24.436321258544922
7.9942474365234375
7.9942474365234375
34.88677978515625
18.85833740234375
27.96959686279297
34.87220764160156
11.921382904052734
19.296642303466797
2.988981246948242
22.969274520874023
16.672832489013672
10.345561981201172
6.069862365722656
8.817058563232422
6.365264892578125
11.921382904052734
5.733955383300781
6.3479156494140625
19.468219757080078
15.22967529296875
15.22967529296875
15.22967529296875
15.13093376159668
15.026002883911133
12.835577011108398
12.78571891784668
34.88677978515625
11.304916381835938
7.529029846191406
7.529029846191406
34.88677978515625
29.307483673095703
17.546733856201172
9.26123046875
15.22967529296875
15.13093376159668
24.68375587463379
15.22967529296875
11.921382904052734
3.9318580627441406
11.14657211303711
14.818870544433594
16.41977310180664
15.13093376159668
9.385074615478516
9.612442016601562
15.464248657226562
24.261215209960938
8.410171508789062
25.299400329589844
17.197010040283203
3.3224449157714844
24.090909957885742
15.13093376159668
15.22967529296875
12.810201644897461
19.521224975585938
9.4638671875
18.64093589782715
16.607227325439453
9.033302307128906
15.13093376159668
5.742240905761719
24.930715560913086
192.96597290039062
85.69651794433594
140.64004516601562
152.2896270751953
92.16305541992188
104.1363296508789
147.31517028808594
133.85440063476562
42.538414001464844
111.5884017944336
12.079353332519531
23.523975372314453
23.566652297973633
24.91925048828125
17.766860961914062
18.81736183166504
17.766860961914062
12.728330612182617
13.830995559692383
12.728330612182617
13.383756637573242
8.741466522216797
6.993110656738281
9.859321594238281
9.376657485961914
9.859321594238281
35.17462158203125
22.969274520874023
51.430992126464844
17.3583927154541
13.946548461914062
17.3583927154541
9.356891632080078
17.3583927154541
13.946548461914062
17.3583927154541
5.473880767822266
25.061006546020508
15.54488754272461
5.077411651611328
16.98645782470703
13.93040657043457
13.353105545043945
15.676765441894531
12.780351638793945
15.676765441894531
15.676765441894531
12.780351638793945
2.4255142211914062
13.890806198120117
10.745269775390625
13.890806198120117
12.732688903808594
12.044059753417969
13.001148223876953
12.286128997802734
12.333335876464844
14.439926147460938
13.811870574951172
14.439926147460938
16.328121185302734
21.40831756591797
16.328121185302734
12.897071838378906
9.791213989257812
20.008310317993164
17.49110221862793
9.330589294433594
7.9942474365234375
7.9942474365234375
7.9942474365234375
24.436321258544922
24.436321258544922
24.436321258544922
24.436321258544922
7.9942474365234375
24.436321258544922
7.9942474365234375
7.9942474365234375
7.9942474365234375
7.9942474365234375
24.436321258544922
24.436321258544922
24.436321258544922
2.4622154235839844
8.203384399414062
13.890806198120117
10.745269775390625
13.890806198120117
10.006332397460938
15.501293182373047
15.676765441894531
12.780351638793945
15.676765441894531
10.975578308105469
15.676765441894531
12.780351638793945
20.204566955566406
19.12814712524414
20.204566955566406
9.086345672607422
20.93722915649414
21.944202423095703
21.944202423095703
12.836418151855469
15.676765441894531
12.780351638793945
15.676765441894531
12.780351638793945
15.676765441894531
17.309873580932617
13.633121490478516
9.975372314453125
13.504077911376953
15.725408554077148
3.1780357360839844
14.565620422363281
12.420028686523438
14.565620422363281
13.765542984008789
9.62234115600586
13.765542984008789
4.8463287353515625
9.696243286132812
14.07577133178711
12.10501480102539
19.011821746826172
14.565620422363281
12.420028686523438
14.565620422363281
23.1811580657959
18.520936965942383
23.1811580657959
17.63709259033203
17.92617416381836
13.765542984008789
9.62234115600586
13.765542984008789
13.765542984008789
9.62234115600586
15.676765441894531
12.780351638793945
21.690732955932617
8.991931915283203
13.504077911376953
15.725408554077148
13.504077911376953
15.676765441894531
10.387836456298828
14.070255279541016
23.484315872192383
14.070255279541016
21.1516056060791
16.484477996826172
21.1516056060791
21.1516056060791
27.96959686279297
18.85833740234375
27.96959686279297
27.96959686279297
18.85833740234375
42.64250183105469
12.6712646484375
12.079353332519531
17.78437042236328
16.137062072753906
17.78437042236328
16.672832489013672
22.969274520874023
16.672832489013672
13.99810791015625
11.55029296875
14.882843017578125
15.690906524658203
18.407258987426758
5.944362640380859
33.704933166503906
14.423868179321289
12.079353332519531
12.506340026855469
15.956216812133789
2.3979835510253906
12.78571891784668
9.763042449951172
15.053413391113281
11.432247161865234
3.2875900268554688
7.9942474365234375
7.9942474365234375
7.9942474365234375
20.063159942626953
10.609626770019531
19.021936416625977
7.429828643798828
7.9942474365234375
7.9942474365234375
7.9942474365234375
7.9942474365234375
7.9942474365234375
27.862281799316406
14.232864379882812
12.60618782043457
14.606611251831055
27.96959686279297
18.85833740234375
15.06582260131836
26.840185165405273
18.764013290405273
28.104951858520508
10.215154647827148
945.7676391601562
28.104951858520508
945.7676391601562
664.6356811523438
2806.598388671875
945.7676391601562
945.7676391601562
945.7676391601562
945.7676391601562
9.25936508178711
945.7676391601562
945.7676391601562
945.7676391601562
945.7676391601562
945.7676391601562
945.7676391601562
945.7676391601562
945.7676391601562
945.7676391601562
945.7676391601562
26.84459686279297
773.8704833984375
28.104951858520508
945.7676391601562
945.7676391601562
26.84459686279297
945.7676391601562
945.7676391601562
945.7676391601562
26.84459686279297
945.7676391601562
945.7676391601562
32.46282958984375
945.7676391601562
945.7676391601562
26.84459686279297
19.420873641967773
12.557113647460938
945.7676391601562
945.7676391601562
26.84459686279297
945.7676391601562
945.7676391601562
945.7676391601562
26.84459686279297
945.7676391601562
945.7676391601562
945.7676391601562
945.7676391601562
26.84459686279297
11.314445495605469
6.780035018920898
945.7676391601562
9.965160369873047
11.631549835205078
945.7676391601562
26.84459686279297
945.7676391601562
945.7676391601562
945.7676391601562
945.7676391601562
26.84459686279297
11.595041275024414
7.750530242919922
945.7676391601562
945.7676391601562
26.84459686279297
36.58232498168945
945.7676391601562
945.7676391601562
10.83270263671875
5.993011474609375
19.423797607421875
2.1694679260253906
945.7676391601562
945.7676391601562
26.84459686279297
70.89047241210938
70.89047241210938
14.737836837768555
9.798858642578125
70.89047241210938
26.84459686279297
70.89047241210938
70.89047241210938
26.84459686279297
64.77235412597656
64.77235412597656
19.420873641967773
8.853515625
64.77235412597656
64.77235412597656
16.70306396484375
12.321550369262695
16.70306396484375
26.89513397216797
26.84459686279297
61.7398567199707
61.7398567199707
14.300117492675781
19.141382217407227
26.84459686279297
61.7398567199707
61.7398567199707
12.715961456298828
16.57703399658203
2.939157485961914
61.7398567199707
78.95418548583984
26.84459686279297
11.595041275024414
7.942861557006836
20.790712356567383
24.672266006469727
60.16035842895508
12.97036361694336
6.62310791015625
14.300117492675781
13.061408996582031
16.269874572753906
19.1036434173584
4.9283599853515625
60.16035842895508
8.15864372253418
16.70306396484375
13.67692756652832
7.905662536621094
7.905662536621094
4.218311309814453
4.351354598999023
19.423797607421875
6.049049377441406
7.005977630615234
5.974109649658203
4.909425735473633
26.84459686279297
5.716152191162109
16.70306396484375
10.445772171020508
60.16035842895508
3.2668914794921875
5.940860748291016
3.761188507080078
59.77760314941406
4.351354598999023
4.4710845947265625
8.368806838989258
6.523956298828125
5.782722473144531
7.227937698364258
59.77760314941406
7.105873107910156
59.77760314941406
26.84459686279297
59.77760314941406
19.423797607421875
14.52199935913086
59.77760314941406
17.146390914916992
5.041193008422852
4.332691192626953
59.76203918457031
17.14498519897461
