91.53273010253906
95.63760375976562
33.77436447143555
92.17993927001953
95.63760375976562
21.201961517333984
91.58870697021484
19.950178146362305
25.181671142578125
19.01070785522461
15.084110260009766
30.475324630737305
28.365800857543945
28.365800857543945
15.518056869506836
13.47366714477539
14.353658676147461
24.78814697265625
24.78814697265625
30.475324630737305
35.8701171875
15.34941291809082
27.44332504272461
15.518472671508789
60.63434982299805
19.372343063354492
24.177318572998047
44.32347106933594
77.84325408935547
35.05506134033203
95.63760375976562
92.26799011230469
9.83961296081543
88.26512145996094
87.17459106445312
87.7928695678711
87.17459106445312
80.6854476928711
129.22239685058594
50.70622253417969
80.15678405761719
55.1509895324707
72.58967590332031
167.87928771972656
111.92881774902344
126.6292724609375
29.521949768066406
19.022197723388672
19.299480438232422
20.341150283813477
20.445228576660156
21.205583572387695
21.113889694213867
25.053043365478516
31.654083251953125
24.3299560546875
16.107810974121094
17.748794555664062
23.201641082763672
18.753116607666016
24.247303009033203
25.923351287841797
20.747276306152344
31.14228057861328
23.860658645629883
16.680208206176758
30.8282413482666
19.909305572509766
22.29945182800293
14.437995910644531
15.227363586425781
35.1333122253418
24.4267635345459
24.4267635345459
24.4267635345459
35.1333122253418
35.1333122253418
32.96209716796875
32.96209716796875
17.15260887145996
17.15260887145996
35.1333122253418
29.319732666015625
33.82240295410156
36.34117889404297
19.997251510620117
24.4267635345459
12.572452545166016
31.488122940063477
25.8283634185791
16.376209259033203
15.010711669921875
17.721107482910156
15.087444305419922
19.997251510620117
15.05416488647461
16.190624237060547
23.326007843017578
22.29945182800293
22.29945182800293
22.29945182800293
23.201641082763672
21.40269660949707
20.15269660949707
19.924345016479492
35.1333122253418
17.271251678466797
15.227363586425781
15.227363586425781
35.1333122253418
32.31654357910156
24.059829711914062
17.145071029663086
22.29945182800293
23.201641082763672
27.66437339782715
22.29945182800293
19.997251510620117
13.687332153320312
19.83307647705078
21.564746856689453
22.626375198364258
23.201641082763672
17.730377197265625
17.210067749023438
21.349342346191406
28.493831634521484
17.667837142944336
30.85200309753418
22.670656204223633
13.583415985107422
31.806955337524414
23.201641082763672
22.29945182800293
19.00284194946289
25.08368682861328
17.851085662841797
25.33487892150879
23.993572235107422
16.05621910095215
23.201641082763672
14.7738037109375
28.39800262451172
120.39797973632812
61.39289093017578
95.82410430908203
103.72262573242188
70.46661376953125
70.44481658935547
100.06716918945312
91.54377746582031
39.26191711425781
77.84325408935547
19.83685874938965
31.269290924072266
29.521949768066406
31.654083251953125
24.3299560546875
25.053043365478516
24.3299560546875
20.445228576660156
20.341150283813477
20.445228576660156
18.91751480102539
15.728507995605469
15.593070983886719
19.299480438232422
19.022197723388672
19.299480438232422
38.524444580078125
31.488122940063477
54.849430084228516
25.074058532714844
21.115314483642578
25.074058532714844
15.942314147949219
25.074058532714844
21.115314483642578
25.074058532714844
15.093936920166016
27.814273834228516
21.128849029541016
14.380874633789062
24.592557907104492
22.034570693969727
21.779464721679688
22.775333404541016
20.80926513671875
22.775333404541016
22.775333404541016
20.80926513671875
11.447803497314453
22.127586364746094
19.01611328125
22.127586364746094
19.94774627685547
19.498003005981445
17.34539222717285
20.517780303955078
17.2515811920166
22.63187599182129
20.95766830444336
22.63187599182129
23.995378494262695
28.441146850585938
23.995378494262695
21.051532745361328
18.241073608398438
28.324974060058594
23.087955474853516
18.102224349975586
17.15260887145996
17.15260887145996
17.15260887145996
32.96209716796875
32.96209716796875
32.96209716796875
32.96209716796875
17.15260887145996
32.96209716796875
17.15260887145996
17.15260887145996
17.15260887145996
17.15260887145996
32.96209716796875
32.96209716796875
32.96209716796875
12.000072479248047
17.158239364624023
22.127586364746094
19.01611328125
22.127586364746094
19.225879669189453
22.31430435180664
22.775333404541016
20.80926513671875
22.775333404541016
17.592832565307617
22.775333404541016
20.80926513671875
27.297443389892578
26.79229736328125
27.297443389892578
17.804237365722656
28.03761863708496
30.43323516845703
30.43323516845703
19.085817337036133
22.775333404541016
20.80926513671875
22.775333404541016
20.80926513671875
22.775333404541016
20.9808292388916
22.04571533203125
16.647897720336914
23.9678897857666
24.131967544555664
12.336322784423828
22.910686492919922
20.304264068603516
22.910686492919922
24.44406509399414
19.018768310546875
24.44406509399414
12.040788650512695
18.364877700805664
21.839574813842773
20.128360748291016
24.215850830078125
22.910686492919922
20.304264068603516
22.910686492919922
29.510066986083984
28.365800857543945
29.510066986083984
22.655292510986328
23.21958351135254
24.44406509399414
19.018768310546875
24.44406509399414
24.44406509399414
19.018768310546875
22.775333404541016
20.80926513671875
27.529695510864258
17.160205841064453
23.9678897857666
24.131967544555664
23.9678897857666
22.775333404541016
17.278160095214844
21.79738426208496
26.753629684448242
21.79738426208496
28.42586326599121
22.371471405029297
28.42586326599121
28.42586326599121
33.82240295410156
29.319732666015625
33.82240295410156
33.82240295410156
29.319732666015625
42.82893753051758
20.22368621826172
20.119766235351562
25.096044540405273
23.423871994018555
25.096044540405273
25.8283634185791
31.488122940063477
25.8283634185791
21.69272804260254
19.525880813598633
22.264198303222656
23.545284271240234
25.451587677001953
14.711074829101562
33.921993255615234
21.726959228515625
20.119766235351562
20.030227661132812
21.752857208251953
12.102317810058594
19.924345016479492
18.14064598083496
22.202655792236328
17.0203800201416
12.409605026245117
17.15260887145996
17.15260887145996
17.15260887145996
26.884506225585938
20.10743522644043
26.332935333251953
14.677383422851562
17.15260887145996
17.15260887145996
17.15260887145996
17.15260887145996
17.15260887145996
30.475324630737305
22.2974853515625
20.459732055664062
21.527507781982422
33.82240295410156
29.319732666015625
19.765968322753906
29.645423889160156
24.700439453125
32.579715728759766
18.30095863342285
547.1656494140625
32.579715728759766
547.1656494140625
381.66815185546875
2298.799560546875
547.1656494140625
547.1656494140625
547.1656494140625
547.1656494140625
18.911640167236328
547.1656494140625
547.1656494140625
547.1656494140625
547.1656494140625
547.1656494140625
547.1656494140625
547.1656494140625
547.1656494140625
547.1656494140625
547.1656494140625
32.90953826904297
520.2027587890625
32.579715728759766
547.1656494140625
547.1656494140625
32.90953826904297
547.1656494140625
547.1656494140625
547.1656494140625
32.90953826904297
547.1656494140625
547.1656494140625
35.85479736328125
547.1656494140625
547.1656494140625
32.90953826904297
26.79281234741211
18.022512435913086
547.1656494140625
547.1656494140625
32.90953826904297
547.1656494140625
547.1656494140625
547.1656494140625
32.90953826904297
547.1656494140625
547.1656494140625
547.1656494140625
547.1656494140625
32.90953826904297
19.564327239990234
15.753101348876953
547.1656494140625
18.1717529296875
19.072708129882812
547.1656494140625
32.90953826904297
547.1656494140625
547.1656494140625
547.1656494140625
547.1656494140625
32.90953826904297
20.731035232543945
16.282812118530273
547.1656494140625
547.1656494140625
32.90953826904297
30.930965423583984
547.1656494140625
547.1656494140625
18.970809936523438
14.933450698852539
27.08939552307129
13.088476181030273
547.1656494140625
547.1656494140625
32.90953826904297
66.91075134277344
66.91075134277344
22.114879608154297
16.824052810668945
66.91075134277344
32.90953826904297
66.91075134277344
66.91075134277344
32.90953826904297
59.411781311035156
59.411781311035156
26.79281234741211
16.331207275390625
59.411781311035156
59.411781311035156
23.91671371459961
20.962526321411133
23.91671371459961
24.002670288085938
32.90953826904297
55.967254638671875
55.967254638671875
22.29723358154297
26.909021377563477
32.90953826904297
55.967254638671875
55.967254638671875
20.809967041015625
25.215190887451172
13.008337020874023
55.967254638671875
66.14956665039062
32.90953826904297
20.731035232543945
16.1554012298584
27.419830322265625
30.32997703552246
54.10532760620117
21.213289260864258
14.88698959350586
22.29723358154297
20.008766174316406
24.177318572998047
24.33977508544922
14.530315399169922
54.10532760620117
16.30408477783203
23.91671371459961
20.25594139099121
16.38767433166504
16.38767433166504
14.003471374511719
14.265857696533203
27.08939552307129
14.575773239135742
15.400218963623047
15.20406723022461
14.391792297363281
32.90953826904297
15.086042404174805
23.91671371459961
18.433162689208984
54.10532760620117
13.46920394897461
15.080770492553711
13.838932037353516
52.893043518066406
14.265857696533203
14.017780303955078
16.549541473388672
15.53537368774414
15.097330093383789
15.638528823852539
52.893043518066406
15.717887878417969
52.893043518066406
32.90953826904297
52.893043518066406
27.08939552307129
22.524606704711914
52.893043518066406
26.502883911132812
14.243812561035156
14.0557861328125
52.88404846191406
26.50139617919922
