47.94208526611328
48.378807067871094
35.58888626098633
48.26384353637695
48.378807067871094
31.78955078125
47.55637741088867
31.019641876220703
34.25922775268555
28.208742141723633
27.136934280395508
33.843238830566406
38.093406677246094
38.093406677246094
27.408523559570312
26.66452407836914
27.498004913330078
33.68754577636719
33.68754577636719
33.843238830566406
41.63043212890625
28.303586959838867
32.48066711425781
27.52747344970703
59.64686584472656
29.553123474121094
33.49618148803711
39.796226501464844
45.3087043762207
36.688079833984375
48.378807067871094
48.14933776855469
28.698328018188477
47.49851608276367
47.63433074951172
47.250980377197266
47.63433074951172
39.11045455932617
60.219215393066406
42.90411376953125
45.68355178833008
40.39164733886719
47.026756286621094
58.745018005371094
51.9102783203125
58.42030334472656
39.240535736083984
31.57342529296875
32.464439392089844
30.044641494750977
32.20813751220703
39.80606460571289
29.810237884521484
33.86857223510742
40.720462799072266
33.470909118652344
28.367828369140625
29.800434112548828
30.90806770324707
30.777240753173828
34.5306396484375
37.80119323730469
31.383708953857422
40.38858413696289
29.866985321044922
27.764705657958984
36.40055465698242
31.464962005615234
29.074615478515625
27.035404205322266
25.89988136291504
31.311767578125
28.73202896118164
28.73202896118164
28.73202896118164
31.311767578125
31.311767578125
41.527774810791016
41.527774810791016
29.425386428833008
29.425386428833008
31.311767578125
39.182559967041016
42.319862365722656
39.583011627197266
28.660686492919922
28.73202896118164
26.59847640991211
41.04187774658203
36.084224700927734
28.229310989379883
27.632774353027344
29.148571014404297
27.620986938476562
28.660686492919922
27.595273971557617
26.94287872314453
28.278182983398438
29.074615478515625
29.074615478515625
29.074615478515625
30.90806770324707
31.670005798339844
30.99732208251953
30.415475845336914
31.311767578125
28.625877380371094
25.89988136291504
25.89988136291504
31.311767578125
40.473297119140625
38.07777404785156
36.16988754272461
29.074615478515625
30.90806770324707
33.531654357910156
29.074615478515625
28.660686492919922
26.905698776245117
30.411270141601562
30.735578536987305
31.564401626586914
30.90806770324707
29.422256469726562
36.0305290222168
29.613449096679688
39.825435638427734
27.876859664916992
40.81532287597656
29.023866653442383
26.92565155029297
37.81834411621094
30.90806770324707
29.074615478515625
30.83132553100586
32.72415542602539
28.568429946899414
34.30888366699219
33.85719680786133
28.217443466186523
30.90806770324707
27.50434112548828
31.720006942749023
50.98435974121094
40.36679458618164
48.85151672363281
50.90132141113281
44.23908996582031
40.03179168701172
50.15680694580078
48.347354888916016
37.12019348144531
45.3087043762207
31.358154296875
38.297218322753906
39.240535736083984
40.720462799072266
33.470909118652344
33.86857223510742
33.470909118652344
32.20813751220703
30.044641494750977
32.20813751220703
30.86826515197754
29.034814834594727
28.224218368530273
32.464439392089844
31.57342529296875
32.464439392089844
46.17056655883789
41.04187774658203
58.48094177246094
33.60508728027344
31.0595645904541
33.60508728027344
28.044410705566406
33.60508728027344
31.0595645904541
33.60508728027344
27.92217254638672
31.681676864624023
29.13125228881836
26.612823486328125
33.96044158935547
33.49915313720703
33.99262619018555
35.055721282958984
32.09812545776367
35.055721282958984
35.055721282958984
32.09812545776367
25.181150436401367
32.71966552734375
30.16210174560547
32.71966552734375
38.64532470703125
38.34714126586914
37.249061584472656
38.575199127197266
37.216514587402344
34.342185974121094
30.65929412841797
34.342185974121094
33.45794677734375
36.717926025390625
33.45794677734375
36.5196533203125
28.398311614990234
38.332679748535156
33.08174133300781
30.943878173828125
29.425386428833008
29.425386428833008
29.425386428833008
41.527774810791016
41.527774810791016
41.527774810791016
41.527774810791016
29.425386428833008
41.527774810791016
29.425386428833008
29.425386428833008
29.425386428833008
29.425386428833008
41.527774810791016
41.527774810791016
41.527774810791016
25.941600799560547
29.445812225341797
32.71966552734375
30.16210174560547
32.71966552734375
37.2629280090332
29.623029708862305
35.055721282958984
32.09812545776367
35.055721282958984
34.329505920410156
35.055721282958984
32.09812545776367
37.49317932128906
36.79420852661133
37.49317932128906
29.509151458740234
34.00211715698242
35.499855041503906
35.499855041503906
28.183727264404297
35.055721282958984
32.09812545776367
35.055721282958984
32.09812545776367
35.055721282958984
32.51702117919922
29.60948944091797
27.757526397705078
36.21611785888672
35.515830993652344
26.89229965209961
34.4593391418457
32.0619010925293
34.4593391418457
33.947418212890625
31.69332504272461
33.947418212890625
27.93218231201172
31.055925369262695
30.84575843811035
31.459117889404297
30.078519821166992
34.4593391418457
32.0619010925293
34.4593391418457
39.03767013549805
38.093406677246094
39.03767013549805
35.380855560302734
29.612869262695312
33.947418212890625
31.69332504272461
33.947418212890625
33.947418212890625
31.69332504272461
35.055721282958984
32.09812545776367
31.192007064819336
29.441497802734375
36.21611785888672
35.515830993652344
36.21611785888672
35.055721282958984
27.959688186645508
33.19366455078125
31.395458221435547
33.19366455078125
35.555233001708984
30.319080352783203
35.555233001708984
35.555233001708984
42.319862365722656
39.182559967041016
42.319862365722656
42.319862365722656
39.182559967041016
40.40121841430664
29.817428588867188
30.99335479736328
33.4453010559082
33.06654739379883
33.4453010559082
36.084224700927734
41.04187774658203
36.084224700927734
29.791576385498047
29.944232940673828
32.19224548339844
32.301490783691406
33.51016616821289
28.88467788696289
32.85745620727539
31.327777862548828
30.99335479736328
31.050655364990234
29.164403915405273
25.725948333740234
30.415475845336914
29.327167510986328
33.52562713623047
27.829614639282227
25.568893432617188
29.425386428833008
29.425386428833008
29.425386428833008
33.3772087097168
32.230064392089844
35.102386474609375
26.704666137695312
29.425386428833008
29.425386428833008
29.425386428833008
29.425386428833008
29.425386428833008
33.843238830566406
30.549365997314453
29.72213363647461
28.849315643310547
42.319862365722656
39.182559967041016
26.58200454711914
34.187767028808594
32.56732177734375
41.154666900634766
30.80400848388672
261.22216796875
41.154666900634766
261.22216796875
197.43496704101562
728.6150512695312
261.22216796875
261.22216796875
261.22216796875
261.22216796875
32.974185943603516
261.22216796875
261.22216796875
261.22216796875
261.22216796875
261.22216796875
261.22216796875
261.22216796875
261.22216796875
261.22216796875
261.22216796875
36.27798843383789
235.99423217773438
41.154666900634766
261.22216796875
261.22216796875
36.27798843383789
261.22216796875
261.22216796875
261.22216796875
36.27798843383789
261.22216796875
261.22216796875
34.22850036621094
261.22216796875
261.22216796875
36.27798843383789
35.885108947753906
30.01856231689453
261.22216796875
261.22216796875
36.27798843383789
261.22216796875
261.22216796875
261.22216796875
36.27798843383789
261.22216796875
261.22216796875
261.22216796875
261.22216796875
36.27798843383789
30.858152389526367
28.623756408691406
261.22216796875
28.464229583740234
31.47344207763672
261.22216796875
36.27798843383789
261.22216796875
261.22216796875
261.22216796875
261.22216796875
36.27798843383789
32.817771911621094
29.778390884399414
261.22216796875
261.22216796875
36.27798843383789
29.346973419189453
261.22216796875
261.22216796875
28.618690490722656
28.144126892089844
38.39580535888672
28.74371337890625
261.22216796875
261.22216796875
36.27798843383789
54.043983459472656
54.043983459472656
33.12437438964844
27.30198860168457
54.043983459472656
36.27798843383789
54.043983459472656
54.043983459472656
36.27798843383789
48.33197021484375
48.33197021484375
35.885108947753906
29.416385650634766
48.33197021484375
48.33197021484375
35.427162170410156
30.188623428344727
35.427162170410156
28.85718536376953
36.27798843383789
45.57929229736328
45.57929229736328
33.74669647216797
32.41254425048828
36.27798843383789
45.57929229736328
45.57929229736328
32.50626754760742
31.420726776123047
27.608562469482422
45.57929229736328
46.442771911621094
36.27798843383789
32.817771911621094
28.77822494506836
32.940250396728516
35.96586608886719
43.907440185546875
33.02654266357422
27.84613800048828
33.74669647216797
29.271120071411133
33.49618148803711
30.790403366088867
27.756427764892578
43.907440185546875
26.932697296142578
35.427162170410156
29.498350143432617
28.16413116455078
28.16413116455078
27.492292404174805
28.0567569732666
38.39580535888672
27.6416015625
27.405548095703125
28.262691497802734
27.496559143066406
36.27798843383789
27.94557762145996
35.427162170410156
30.49830436706543
43.907440185546875
27.73558807373047
28.162357330322266
27.90172576904297
42.79409408569336
28.0567569732666
27.865772247314453
28.06501007080078
27.988632202148438
27.688692092895508
27.47524642944336
42.79409408569336
27.812652587890625
42.79409408569336
36.27798843383789
42.79409408569336
38.39580535888672
30.18044662475586
42.79409408569336
37.030357360839844
27.055646896362305
27.82817840576172
42.79302215576172
37.02901077270508
