69.99989318847656
72.60682678222656
34.23035430908203
70.51480102539062
72.60682678222656
24.895126342773438
69.92472839355469
24.06692886352539
28.56674575805664
22.18125343322754
19.623043060302734
31.700645446777344
33.37081527709961
33.37081527709961
19.877676010131836
18.539283752441406
19.316408157348633
27.6798038482666
27.6798038482666
31.700645446777344
37.89164733886719
20.275468826293945
29.467958450317383
20.023372650146484
59.74544143676758
23.222240447998047
28.257991790771484
40.83545684814453
61.35911560058594
35.10529327392578
72.60682678222656
70.49624633789062
16.82345962524414
67.99375915527344
67.34564208984375
67.60969543457031
67.34564208984375
59.38229751586914
98.60729217529297
47.53636932373047
64.75688171386719
47.138912200927734
60.954681396484375
112.41102600097656
83.01248168945312
95.8551025390625
32.788230895996094
23.80523681640625
24.2266845703125
23.876819610595703
24.941722869873047
27.752216339111328
23.995512008666992
28.324851989746094
34.74159622192383
27.72381019592285
19.995264053344727
21.780986785888672
26.796226501464844
22.97093391418457
27.328598022460938
28.06580352783203
24.405834197998047
34.317317962646484
25.764816284179688
20.955421447753906
32.70604705810547
24.40618133544922
24.45601463317871
19.361238479614258
18.963394165039062
32.414207458496094
25.493913650512695
25.493913650512695
25.493913650512695
32.414207458496094
32.414207458496094
37.339256286621094
37.339256286621094
21.986352920532227
21.986352920532227
32.414207458496094
33.597015380859375
35.822906494140625
36.37622833251953
23.05377197265625
25.493913650512695
17.90416145324707
34.81359100341797
29.787622451782227
20.229787826538086
19.76643180847168
21.96824073791504
19.76938247680664
23.05377197265625
19.831300735473633
20.23175811767578
24.732494354248047
24.45601463317871
24.45601463317871
24.45601463317871
26.796226501464844
24.95160675048828
24.15483856201172
23.70013999938965
32.414207458496094
20.956483840942383
18.963394165039062
18.963394165039062
32.414207458496094
35.01158905029297
28.61620330810547
22.91200065612793
24.45601463317871
26.796226501464844
29.89519500732422
24.45601463317871
23.05377197265625
18.65488052368164
24.305885314941406
25.047245025634766
25.931262969970703
26.796226501464844
22.283126831054688
22.854469299316406
23.934955596923828
32.200992584228516
21.499019622802734
33.88824462890625
24.57499885559082
18.749658584594727
36.487144470214844
26.796226501464844
24.45601463317871
23.11088752746582
27.850290298461914
21.934677124023438
28.50824737548828
27.496597290039062
20.126964569091797
26.796226501464844
19.67938995361328
29.56315803527832
85.53611755371094
50.01311492919922
72.77325439453125
78.15676879882812
57.931129455566406
54.33795166015625
75.7947006225586
70.16184997558594
37.20491027832031
61.35911560058594
23.982086181640625
35.26073455810547
32.788230895996094
34.74159622192383
27.72381019592285
28.324851989746094
27.72381019592285
24.941722869873047
23.876819610595703
24.941722869873047
22.798782348632812
20.342185974121094
20.153825759887695
24.2266845703125
23.80523681640625
24.2266845703125
40.6162109375
34.81359100341797
55.21421813964844
28.824047088623047
24.87785530090332
28.824047088623047
20.123504638671875
28.824047088623047
24.87785530090332
28.824047088623047
20.062129974365234
28.665334701538086
23.753679275512695
18.93318748474121
28.277284622192383
26.29959487915039
26.303123474121094
27.005512237548828
25.23621940612793
27.005512237548828
27.005512237548828
25.23621940612793
16.553508758544922
26.233591079711914
23.17904281616211
26.233591079711914
25.525487899780273
25.105966567993164
22.474681854248047
26.001068115234375
22.564342498779297
27.006160736083984
24.564376831054688
27.006160736083984
27.93698501586914
31.7056941986084
27.93698501586914
26.08013343811035
22.233049392700195
32.14317321777344
26.492773056030273
22.867170333862305
21.986352920532227
21.986352920532227
21.986352920532227
37.339256286621094
37.339256286621094
37.339256286621094
37.339256286621094
21.986352920532227
37.339256286621094
21.986352920532227
21.986352920532227
21.986352920532227
21.986352920532227
37.339256286621094
37.339256286621094
37.339256286621094
17.27691650390625
21.609920501708984
26.233591079711914
23.17904281616211
26.233591079711914
24.897388458251953
24.603132247924805
27.005512237548828
25.23621940612793
27.005512237548828
22.361927032470703
27.005512237548828
25.23621940612793
31.08447265625
30.51446533203125
31.08447265625
22.11321258544922
30.894323348999023
33.234920501708984
33.234920501708984
21.69063377380371
27.005512237548828
25.23621940612793
27.005512237548828
25.23621940612793
27.005512237548828
24.094623565673828
25.311323165893555
20.477827072143555
29.05768585205078
28.707242965698242
17.736473083496094
27.353078842163086
24.71242904663086
27.353078842163086
29.16683578491211
23.772249221801758
29.16683578491211
17.52781105041504
23.050207138061523
25.388683319091797
24.382015228271484
25.96845054626465
27.353078842163086
24.71242904663086
27.353078842163086
32.96714782714844
33.37081527709961
32.96714782714844
26.228656768798828
24.89108657836914
29.16683578491211
23.772249221801758
29.16683578491211
29.16683578491211
23.772249221801758
27.005512237548828
25.23621940612793
28.663433074951172
21.43463897705078
29.05768585205078
28.707242965698242
29.05768585205078
27.005512237548828
21.191726684570312
26.020832061767578
27.920663833618164
26.020832061767578
31.089618682861328
25.23824691772461
31.089618682861328
31.089618682861328
35.822906494140625
33.597015380859375
35.822906494140625
35.822906494140625
33.597015380859375
42.52928924560547
23.878032684326172
24.492387771606445
28.69204330444336
27.26236343383789
28.69204330444336
29.787622451782227
34.81359100341797
29.787622451782227
24.417987823486328
23.05354881286621
26.122703552246094
27.34941864013672
28.927610397338867
19.71799659729004
33.47297286987305
25.58131980895996
24.492387771606445
24.304073333740234
24.291950225830078
17.291208267211914
23.70013999938965
22.32941436767578
26.359670639038086
20.378353118896484
17.39401626586914
21.986352920532227
21.986352920532227
21.986352920532227
29.997615814208984
24.738895416259766
29.930908203125
18.96268081665039
21.986352920532227
21.986352920532227
21.986352920532227
21.986352920532227
21.986352920532227
31.700645446777344
25.927291870117188
24.236560821533203
24.13980484008789
35.822906494140625
33.597015380859375
21.33090591430664
31.462966918945312
27.85831642150879
35.28322219848633
22.902488708496094
517.4882202148438
35.28322219848633
517.4882202148438
344.55780029296875
1684.4619140625
517.4882202148438
517.4882202148438
517.4882202148438
517.4882202148438
24.29278564453125
517.4882202148438
517.4882202148438
517.4882202148438
517.4882202148438
517.4882202148438
517.4882202148438
517.4882202148438
517.4882202148438
517.4882202148438
517.4882202148438
35.192665100097656
426.8584899902344
35.28322219848633
517.4882202148438
517.4882202148438
35.192665100097656
517.4882202148438
517.4882202148438
517.4882202148438
35.192665100097656
517.4882202148438
517.4882202148438
35.18149948120117
517.4882202148438
517.4882202148438
35.192665100097656
30.086776733398438
21.85576820373535
517.4882202148438
517.4882202148438
35.192665100097656
517.4882202148438
517.4882202148438
517.4882202148438
35.192665100097656
517.4882202148438
517.4882202148438
517.4882202148438
517.4882202148438
35.192665100097656
23.84354019165039
20.372722625732422
517.4882202148438
22.126914978027344
23.4803409576416
517.4882202148438
35.192665100097656
517.4882202148438
517.4882202148438
517.4882202148438
517.4882202148438
35.192665100097656
25.387269973754883
21.17279052734375
517.4882202148438
517.4882202148438
35.192665100097656
28.649473190307617
517.4882202148438
517.4882202148438
22.868295669555664
19.803802490234375
31.162607192993164
19.3084774017334
517.4882202148438
517.4882202148438
35.192665100097656
61.92485427856445
61.92485427856445
26.0281982421875
20.262786865234375
61.92485427856445
35.192665100097656
61.92485427856445
61.92485427856445
35.192665100097656
54.751861572265625
54.751861572265625
30.086776733398438
20.648481369018555
54.751861572265625
54.751861572265625
28.190418243408203
24.638065338134766
28.190418243408203
24.52458381652832
35.192665100097656
51.167320251464844
51.167320251464844
26.517696380615234
29.567733764648438
35.192665100097656
51.167320251464844
51.167320251464844
25.29943084716797
28.179162979125977
18.62665367126465
51.167320251464844
56.872501373291016
35.192665100097656
25.387269973754883
20.638303756713867
29.64569854736328
31.92444610595703
49.16441345214844
25.661441802978516
19.45932388305664
26.517696380615234
23.35195541381836
28.257991790771484
26.787395477294922
19.69715118408203
49.16441345214844
19.956756591796875
28.190418243408203
23.5425968170166
20.84735679626465
20.84735679626465
19.26289176940918
19.69759750366211
31.162607192993164
19.270891189575195
19.609241485595703
20.247121810913086
19.453996658325195
35.192665100097656
20.14868927001953
28.190418243408203
22.813186645507812
49.16441345214844
19.09547996520996
20.076156616210938
19.246917724609375
47.83738708496094
19.69759750366211
19.348617553710938
20.562944412231445
20.308639526367188
20.028898239135742
19.77676010131836
47.83738708496094
20.185054779052734
47.83738708496094
35.192665100097656
47.83738708496094
31.162607192993164
25.59656524658203
47.83738708496094
30.821937561035156
19.060998916625977
19.33194923400879
47.83251190185547
30.820419311523438
