46.622989654541016
46.99830627441406
37.03291320800781
46.93022918701172
46.99830627441406
34.17870330810547
46.40378189086914
33.2442626953125
36.05735778808594
30.73995590209961
30.038414001464844
34.434852600097656
39.88395309448242
39.88395309448242
30.01067352294922
29.374364852905273
30.16973876953125
36.14902114868164
36.14902114868164
34.434852600097656
42.900733947753906
30.947649002075195
33.654232025146484
30.206077575683594
60.32756805419922
31.4567928314209
35.301753997802734
41.3131103515625
44.75288772583008
37.93505096435547
46.99830627441406
46.80213165283203
32.920166015625
46.38127136230469
46.30232238769531
46.143184661865234
46.30232238769531
40.06394577026367
55.784908294677734
43.177001953125
44.91376495361328
41.02326583862305
46.22450256347656
53.995445251464844
49.244354248046875
54.41529083251953
41.62055206298828
34.105621337890625
35.14046096801758
32.398929595947266
34.59135055541992
46.18037033081055
32.252105712890625
35.659690856933594
42.93875503540039
35.300662994384766
31.635318756103516
32.97707748413086
32.37200927734375
34.046966552734375
38.00632095336914
43.36906814575195
34.479881286621094
44.889305114746094
32.0621337890625
30.520252227783203
38.61447525024414
34.28777313232422
31.401697158813477
30.000486373901367
28.60685920715332
32.594173431396484
30.744564056396484
30.744564056396484
30.744564056396484
32.594173431396484
32.594173431396484
43.036136627197266
43.036136627197266
31.440628051757812
31.440628051757812
32.594173431396484
41.05081558227539
44.77488327026367
42.723304748535156
31.173551559448242
30.744564056396484
29.70557403564453
43.27519989013672
38.44923400878906
31.350805282592773
30.62379264831543
32.06748962402344
30.60429573059082
31.173551559448242
30.548357009887695
29.715675354003906
30.326269149780273
31.401697158813477
31.401697158813477
31.401697158813477
32.37200927734375
34.65403747558594
33.423038482666016
32.88141632080078
32.594173431396484
31.625396728515625
28.60685920715332
28.60685920715332
32.594173431396484
45.06264877319336
44.34808349609375
43.9784049987793
31.401697158813477
32.37200927734375
35.45122146606445
31.401697158813477
31.173551559448242
30.090404510498047
33.013572692871094
33.24312973022461
34.054630279541016
32.37200927734375
32.18762969970703
43.78600311279297
32.171836853027344
43.952239990234375
30.612276077270508
44.97071075439453
31.142292022705078
30.047801971435547
38.465667724609375
32.37200927734375
31.401697158813477
34.07474136352539
35.12051010131836
30.57948875427246
36.59646224975586
36.20509338378906
31.054670333862305
32.37200927734375
30.44768524169922
32.791839599609375
48.54924774169922
40.55805587768555
47.29328536987305
48.82940673828125
43.732791900634766
40.343833923339844
48.288597106933594
46.832237243652344
38.46348571777344
44.75288772583008
33.668357849121094
40.14456558227539
41.62055206298828
42.93875503540039
35.300662994384766
35.659690856933594
35.300662994384766
34.59135055541992
32.398929595947266
34.59135055541992
34.452308654785156
32.322967529296875
31.138986587524414
35.14046096801758
34.105621337890625
35.14046096801758
48.6497802734375
43.27519989013672
61.061275482177734
34.91507339477539
32.93361282348633
34.91507339477539
31.278596878051758
34.91507339477539
32.93361282348633
34.91507339477539
30.70492172241211
33.0731315612793
31.189311981201172
29.40271759033203
35.946311950683594
35.922203063964844
36.55198287963867
37.61566925048828
34.260196685791016
37.61566925048828
37.61566925048828
34.260196685791016
28.354528427124023
34.57962417602539
32.27716827392578
34.57962417602539
46.06266784667969
45.806007385253906
45.35029602050781
45.61822509765625
45.20512390136719
36.78145217895508
32.96834945678711
36.78145217895508
34.950077056884766
38.289554595947266
34.950077056884766
42.91710662841797
30.778886795043945
40.425010681152344
35.566375732421875
34.151939392089844
31.440628051757812
31.440628051757812
31.440628051757812
43.036136627197266
43.036136627197266
43.036136627197266
43.036136627197266
31.440628051757812
43.036136627197266
31.440628051757812
31.440628051757812
31.440628051757812
31.440628051757812
43.036136627197266
43.036136627197266
43.036136627197266
28.960723876953125
32.42252731323242
34.57962417602539
32.27716827392578
34.57962417602539
44.51375198364258
32.000972747802734
37.61566925048828
34.260196685791016
37.61566925048828
40.64548110961914
37.61566925048828
34.260196685791016
39.54194641113281
38.85960388183594
39.54194641113281
32.347625732421875
35.04444885253906
36.250511169433594
36.250511169433594
30.845806121826172
37.61566925048828
34.260196685791016
37.61566925048828
34.260196685791016
37.61566925048828
36.87029266357422
31.463275909423828
30.605806350708008
38.488468170166016
37.5572624206543
30.154560089111328
36.88362503051758
34.84455871582031
36.88362503051758
35.55996322631836
34.282135009765625
35.55996322631836
31.499082565307617
33.63299560546875
32.592498779296875
33.678977966308594
31.944772720336914
36.88362503051758
34.84455871582031
36.88362503051758
41.5181884765625
39.88395309448242
41.5181884765625
40.047508239746094
31.790977478027344
35.55996322631836
34.282135009765625
35.55996322631836
35.55996322631836
34.282135009765625
37.61566925048828
34.260196685791016
32.76508331298828
32.511959075927734
38.488468170166016
37.5572624206543
38.488468170166016
37.61566925048828
30.53289031982422
35.402565002441406
32.92285919189453
35.402565002441406
36.729026794433594
31.93385887145996
36.729026794433594
36.729026794433594
44.77488327026367
41.05081558227539
44.77488327026367
44.77488327026367
41.05081558227539
40.481082916259766
31.840866088867188
33.40298843383789
34.81528854370117
34.87606430053711
34.81528854370117
38.44923400878906
43.27519989013672
38.44923400878906
32.1083984375
32.7376823425293
33.96572494506836
33.75492477416992
34.850196838378906
32.241416931152344
33.22077941894531
32.86075973510742
33.40298843383789
33.622005462646484
31.44495964050293
28.724794387817383
32.88141632080078
31.792381286621094
35.83086013793945
30.893009185791016
28.48009490966797
31.440628051757812
31.440628051757812
31.440628051757812
34.58496856689453
34.62208938598633
36.80072784423828
29.59966468811035
31.440628051757812
31.440628051757812
31.440628051757812
31.440628051757812
31.440628051757812
34.434852600097656
32.079368591308594
31.431190490722656
30.93895721435547
44.77488327026367
41.05081558227539
29.078079223632812
34.92445373535156
33.578102111816406
43.343994140625
33.38407897949219
193.70834350585938
43.343994140625
193.70834350585938
175.56491088867188
331.4033508300781
193.70834350585938
193.70834350585938
193.70834350585938
193.70834350585938
35.66701126098633
193.70834350585938
193.70834350585938
193.70834350585938
193.70834350585938
193.70834350585938
193.70834350585938
193.70834350585938
193.70834350585938
193.70834350585938
193.70834350585938
36.8731689453125
191.50132751464844
43.343994140625
193.70834350585938
193.70834350585938
36.8731689453125
193.70834350585938
193.70834350585938
193.70834350585938
36.8731689453125
193.70834350585938
193.70834350585938
34.234214782714844
193.70834350585938
193.70834350585938
36.8731689453125
38.10740280151367
32.75718307495117
193.70834350585938
193.70834350585938
36.8731689453125
193.70834350585938
193.70834350585938
193.70834350585938
36.8731689453125
193.70834350585938
193.70834350585938
193.70834350585938
193.70834350585938
36.8731689453125
32.96979522705078
31.45313262939453
193.70834350585938
30.475780487060547
34.40890884399414
193.70834350585938
36.8731689453125
193.70834350585938
193.70834350585938
193.70834350585938
193.70834350585938
36.8731689453125
35.047569274902344
32.716365814208984
193.70834350585938
193.70834350585938
36.8731689453125
30.646835327148438
193.70834350585938
193.70834350585938
30.40471076965332
30.9768123626709
40.70189666748047
31.64937973022461
193.70834350585938
193.70834350585938
36.8731689453125
54.43012237548828
54.43012237548828
35.71760940551758
29.92853546142578
54.43012237548828
36.8731689453125
54.43012237548828
54.43012237548828
36.8731689453125
49.003849029541016
49.003849029541016
38.10740280151367
32.54792022705078
49.003849029541016
49.003849029541016
37.750770568847656
32.11383056640625
37.750770568847656
31.300291061401367
36.8731689453125
46.279998779296875
46.279998779296875
36.15924072265625
33.5589599609375
36.8731689453125
46.279998779296875
46.279998779296875
35.25334167480469
32.742496490478516
30.391170501708984
46.279998779296875
45.927494049072266
36.8731689453125
35.047569274902344
31.679439544677734
34.11796188354492
38.408302307128906
44.670223236083984
35.470829010009766
30.6861515045166
36.15924072265625
31.309864044189453
35.301753997802734
32.09458923339844
30.313880920410156
44.670223236083984
29.488178253173828
37.750770568847656
31.607589721679688
30.616966247558594
30.616966247558594
30.102516174316406
30.688570022583008
40.70189666748047
30.38945198059082
30.169618606567383
30.86100196838379
30.071264266967773
36.8731689453125
30.42574691772461
37.750770568847656
33.01495361328125
44.670223236083984
30.414581298828125
30.811473846435547
30.64441680908203
43.5825080871582
30.688570022583008
30.5043888092041
30.779115676879883
30.516895294189453
30.155216217041016
30.207698822021484
43.5825080871582
30.416810989379883
43.5825080871582
36.8731689453125
43.5825080871582
40.70189666748047
31.815763473510742
43.5825080871582
39.26604080200195
29.69129180908203
30.517480850219727
43.5816650390625
39.2647590637207
