52.081512451171875
52.81491470336914
34.695220947265625
52.433258056640625
52.81491470336914
29.31808853149414
51.620933532714844
28.658916473388672
32.32966613769531
25.897329330444336
24.442232131958008
33.212135314941406
36.591461181640625
36.591461181640625
24.78531837463379
23.926496505737305
24.74551773071289
31.3576717376709
31.3576717376709
33.212135314941406
40.478172302246094
25.58909797668457
31.359214782714844
24.897518157958984
59.28749465942383
27.420711517333984
31.765872955322266
39.401756286621094
48.15045166015625
35.75168991088867
52.81491470336914
52.34571838378906
24.69417953491211
51.30183410644531
51.534732818603516
51.039222717285156
51.534732818603516
41.2536506652832
68.46847534179688
43.601783752441406
49.036434173583984
41.105655670166016
49.61583709716797
69.07464599609375
58.08882522583008
66.24747467041016
36.88276290893555
28.917123794555664
29.645896911621094
27.800537109375
29.753259658813477
35.859840393066406
27.664003372192383
32.02593231201172
38.529212951660156
31.570201873779297
25.302719116210938
26.911245346069336
29.515289306640625
27.96196174621582
31.751937866210938
34.01708984375
28.784133911132812
38.5399169921875
28.08743667602539
25.282333374023438
34.88067626953125
28.972274780273438
27.140581130981445
24.333730697631836
23.36865234375
30.760883331298828
27.12833023071289
27.12833023071289
27.12833023071289
30.760883331298828
30.760883331298828
40.15644836425781
40.15644836425781
27.03833770751953
27.03833770751953
30.760883331298828
37.19417190551758
39.76438522338867
37.67893981933594
26.473072052001953
27.12833023071289
23.579090118408203
38.71731185913086
33.75537109375
25.279993057250977
24.87109375
26.53104591369629
24.859712600708008
26.473072052001953
24.866680145263672
24.452091217041016
26.70001220703125
27.140581130981445
27.140581130981445
27.140581130981445
29.515289306640625
29.169631958007812
28.55642318725586
27.967103958129883
30.760883331298828
25.787513732910156
23.36865234375
23.36865234375
30.760883331298828
38.49705123901367
34.35470199584961
30.941425323486328
27.140581130981445
29.515289306640625
32.331417083740234
27.140581130981445
26.473072052001953
23.96282958984375
28.341472625732422
28.635862350463867
29.48723602294922
29.515289306640625
26.92269515991211
30.86210060119629
27.344097137451172
36.72297668457031
25.479442596435547
38.12518310546875
27.186553955078125
24.051340103149414
38.352088928222656
29.515289306640625
27.140581130981445
28.03110122680664
30.87023162841797
26.337177276611328
32.170738220214844
31.597625732421875
25.318862915039062
29.515289306640625
24.780467987060547
30.799219131469727
57.3935661315918
41.825382232666016
53.39265441894531
56.22862243652344
46.92861557006836
42.0475959777832
55.14479064941406
52.644859313964844
36.464508056640625
48.15045166015625
28.829248428344727
37.0691032409668
36.88276290893555
38.529212951660156
31.570201873779297
32.02593231201172
31.570201873779297
29.753259658813477
27.800537109375
29.753259658813477
27.686031341552734
25.890247344970703
25.38574981689453
29.645896911621094
28.917123794555664
29.645896911621094
44.13412857055664
38.71731185913086
56.684844970703125
32.156917572021484
29.02916717529297
32.156917572021484
25.073076248168945
32.156917572021484
29.02916717529297
32.156917572021484
25.21053695678711
30.421730041503906
27.102781295776367
23.969284057617188
32.02775955200195
31.038864135742188
31.381715774536133
32.22752380371094
29.854793548583984
32.22752380371094
32.22752380371094
29.854793548583984
22.16109848022461
30.525012969970703
27.7452392578125
30.525012969970703
33.25898742675781
32.947715759277344
30.833555221557617
33.58910369873047
30.982574462890625
31.776535034179688
28.435476303100586
31.776535034179688
31.77277946472168
35.037628173828125
31.77277946472168
32.727054595947266
26.23862075805664
36.12495803833008
30.70265007019043
28.065750122070312
27.03833770751953
27.03833770751953
27.03833770751953
40.15644836425781
40.15644836425781
40.15644836425781
40.15644836425781
27.03833770751953
40.15644836425781
27.03833770751953
27.03833770751953
27.03833770751953
27.03833770751953
40.15644836425781
40.15644836425781
40.15644836425781
23.00194549560547
26.614734649658203
30.525012969970703
27.7452392578125
30.525012969970703
32.52665710449219
27.53213882446289
32.22752380371094
29.854793548583984
32.22752380371094
29.717744827270508
32.22752380371094
29.854793548583984
35.29403305053711
34.603782653808594
35.29403305053711
26.84428596496582
33.069847106933594
34.833412170410156
34.833412170410156
25.696699142456055
32.22752380371094
29.854793548583984
32.22752380371094
29.854793548583984
32.22752380371094
28.952735900878906
28.056537628173828
25.114002227783203
33.87701416015625
33.38499069213867
23.71263885498047
32.01652526855469
29.496273040771484
32.01652526855469
32.40377426147461
28.977237701416016
32.40377426147461
24.288787841796875
28.291183471679688
28.98935890197754
29.026470184326172
28.564029693603516
32.01652526855469
29.496273040771484
32.01652526855469
36.795902252197266
36.591461181640625
36.795902252197266
31.735822677612305
27.729480743408203
32.40377426147461
28.977237701416016
32.40377426147461
32.40377426147461
28.977237701416016
32.22752380371094
29.854793548583984
30.02425765991211
26.57488441467285
33.87701416015625
33.38499069213867
33.87701416015625
32.22752380371094
25.58175277709961
30.778377532958984
30.001855850219727
30.778377532958984
34.03373336791992
28.549816131591797
34.03373336791992
34.03373336791992
39.76438522338867
37.19417190551758
39.76438522338867
39.76438522338867
37.19417190551758
41.10034942626953
27.752716064453125
28.759803771972656
31.974592208862305
31.186676025390625
31.974592208862305
33.75537109375
38.71731185913086
33.75537109375
27.70780372619629
27.37606430053711
30.25499725341797
30.754552841186523
32.096492767333984
25.62213134765625
32.87513732910156
29.535106658935547
28.759803771972656
28.68222999572754
27.235397338867188
22.821685791015625
27.967103958129883
26.80643653869629
31.053760528564453
25.000816345214844
22.747325897216797
27.03833770751953
27.03833770751953
27.03833770751953
32.246437072753906
29.692279815673828
33.36159133911133
23.988107681274414
27.03833770751953
27.03833770751953
27.03833770751953
27.03833770751953
27.03833770751953
33.212135314941406
29.033275604248047
27.918378829956055
27.022968292236328
39.76438522338867
37.19417190551758
24.403377532958984
33.371421813964844
31.2072696685791
38.96696853637695
28.129375457763672
367.6220703125
38.96696853637695
367.6220703125
227.38681030273438
1311.5224609375
367.6220703125
367.6220703125
367.6220703125
367.6220703125
30.115385055541992
367.6220703125
367.6220703125
367.6220703125
367.6220703125
367.6220703125
367.6220703125
367.6220703125
367.6220703125
367.6220703125
367.6220703125
36.08582305908203
285.219482421875
38.96696853637695
367.6220703125
367.6220703125
36.08582305908203
367.6220703125
367.6220703125
367.6220703125
36.08582305908203
367.6220703125
367.6220703125
34.465309143066406
367.6220703125
367.6220703125
36.08582305908203
33.7030143737793
27.154932022094727
367.6220703125
367.6220703125
36.08582305908203
367.6220703125
367.6220703125
367.6220703125
36.08582305908203
367.6220703125
367.6220703125
367.6220703125
367.6220703125
36.08582305908203
28.499774932861328
25.72885513305664
367.6220703125
26.32196807861328
28.604061126708984
367.6220703125
36.08582305908203
367.6220703125
367.6220703125
367.6220703125
367.6220703125
36.08582305908203
30.3431453704834
26.781856536865234
367.6220703125
367.6220703125
36.08582305908203
28.582366943359375
367.6220703125
367.6220703125
26.74481773376465
25.253389358520508
35.967437744140625
25.700847625732422
367.6220703125
367.6220703125
36.08582305908203
55.152862548828125
55.152862548828125
30.497310638427734
24.747703552246094
55.152862548828125
36.08582305908203
55.152862548828125
55.152862548828125
36.08582305908203
49.14525604248047
49.14525604248047
33.7030143737793
26.27474594116211
49.14525604248047
49.14525604248047
32.94631576538086
28.24608039855957
32.94631576538086
26.84044647216797
36.08582305908203
46.251712799072266
46.251712799072266
31.289499282836914
31.428482055664062
36.08582305908203
46.251712799072266
46.251712799072266
30.000734329223633
30.269275665283203
24.694988250732422
46.251712799072266
48.49264144897461
36.08582305908203
30.3431453704834
25.869884490966797
31.815587997436523
34.00452423095703
44.487945556640625
30.460948944091797
24.93362808227539
31.289499282836914
27.19687843322754
31.765872955322266
29.426158905029297
25.095993041992188
44.487945556640625
24.41585922241211
32.94631576538086
27.39291000366211
25.685861587524414
25.685861587524414
24.77397346496582
25.3098201751709
35.967437744140625
24.826194763183594
24.64344596862793
25.597217559814453
24.829801559448242
36.08582305908203
25.37384033203125
32.94631576538086
27.851091384887695
44.487945556640625
24.923934936523438
25.454423904418945
25.046829223632812
43.31273651123047
25.3098201751709
25.10993194580078
25.390148162841797
25.417844772338867
25.141130447387695
24.747709274291992
43.31273651123047
25.16891860961914
43.31273651123047
36.08582305908203
43.31273651123047
35.967437744140625
28.569904327392578
43.31273651123047
34.945335388183594
24.346704483032227
25.009857177734375
43.31104278564453
34.94392013549805
