139.99026489257812
146.1922149658203
30.18496322631836
140.94345092773438
146.1922149658203
13.212148666381836
139.3309326171875
10.045970916748047
17.070959091186523
9.916881561279297
3.5817413330078125
27.453853607177734
16.618717193603516
16.618717193603516
4.909740447998047
1.9152755737304688
2.6306381225585938
19.608047485351562
19.608047485351562
27.453853607177734
26.71088409423828
3.4443817138671875
20.109638214111328
5.473426818847656
65.7552261352539
9.834453582763672
14.545652389526367
70.05819702148438
116.51274871826172
33.473167419433594
146.1922149658203
141.33348083496094
-3.52838134765625
134.3402099609375
132.1432342529297
133.76580810546875
132.1432342529297
127.10591125488281
182.19381713867188
51.581016540527344
107.10539245605469
68.07771301269531
85.08273315429688
310.9376525878906
174.14266967773438
181.3992462158203
21.74233055114746
7.181644439697266
7.90031623840332
12.082313537597656
10.88039779663086
11.497207641601562
16.748023986816406
17.356292724609375
23.097881317138672
16.30548095703125
11.526714324951172
13.041961669921875
13.409149169921875
10.61386489868164
19.531108856201172
23.649194717407227
12.843353271484375
26.493423461914062
16.132476806640625
4.68170166015625
24.663558959960938
10.15475845336914
13.61984634399414
1.2775917053222656
6.268409729003906
34.962894439697266
18.417129516601562
18.417129516601562
18.417129516601562
34.962894439697266
34.962894439697266
22.718835830688477
22.718835830688477
5.962688446044922
5.962688446044922
34.962894439697266
16.460174560546875
26.29141616821289
33.4345703125
10.022502899169922
18.417129516601562
0.8930892944335938
21.2441463470459
14.378763198852539
9.370719909667969
3.8402976989746094
6.603477478027344
4.122314453125
10.022502899169922
3.5199432373046875
4.221248626708984
19.398426055908203
13.61984634399414
13.61984634399414
13.61984634399414
13.409149169921875
13.48504638671875
11.060882568359375
10.9910888671875
34.962894439697266
9.815170288085938
6.268409729003906
6.268409729003906
34.962894439697266
26.770164489746094
16.412281036376953
8.455276489257812
13.61984634399414
13.409149169921875
24.128986358642578
13.61984634399414
10.022502899169922
1.7215347290039062
8.760284423828125
12.984931945800781
14.59946060180664
13.409149169921875
7.26055908203125
9.492481231689453
13.89864730834961
20.797897338867188
6.446636199951172
24.17165184020996
15.925113677978516
0.9686851501464844
22.532943725585938
13.409149169921875
13.61984634399414
11.625255584716797
17.598175048828125
7.587488174438477
17.25758934020996
14.828987121582031
7.626869201660156
13.409149169921875
3.7611618041992188
24.414039611816406
206.96090698242188
89.02609252929688
147.03883361816406
159.14312744140625
93.5833740234375
109.16084289550781
153.81053161621094
140.19480895996094
44.01507568359375
116.51274871826172
10.305469512939453
22.072221755981445
21.74233055114746
23.097881317138672
16.30548095703125
17.356292724609375
16.30548095703125
10.88039779663086
12.082313537597656
10.88039779663086
12.417251586914062
7.698108673095703
5.300434112548828
7.90031623840332
7.181644439697266
7.90031623840332
34.875362396240234
21.2441463470459
51.37996292114258
15.68836784362793
12.348522186279297
15.68836784362793
7.81085205078125
15.68836784362793
12.348522186279297
15.68836784362793
3.2354965209960938
24.05040168762207
14.041875839233398
3.238037109375
14.922277450561523
11.999383926391602
11.338651657104492
14.309295654296875
10.907890319824219
14.309295654296875
14.309295654296875
10.907890319824219
0.6202659606933594
12.169866561889648
8.803722381591797
12.169866561889648
10.921947479248047
10.629405975341797
11.986614227294922
11.20547866821289
11.35628890991211
12.46014404296875
12.057432174682617
12.46014404296875
14.308330535888672
19.5689754486084
14.308330535888672
12.82779312133789
8.242870330810547
18.139982223510742
16.230262756347656
7.225482940673828
5.962688446044922
5.962688446044922
5.962688446044922
22.718835830688477
22.718835830688477
22.718835830688477
22.718835830688477
5.962688446044922
22.718835830688477
5.962688446044922
5.962688446044922
5.962688446044922
5.962688446044922
22.718835830688477
22.718835830688477
22.718835830688477
0.6036415100097656
6.047821044921875
12.169866561889648
8.803722381591797
12.169866561889648
9.823966979980469
13.547649383544922
14.309295654296875
10.907890319824219
14.309295654296875
9.327640533447266
14.309295654296875
10.907890319824219
19.038860321044922
17.797142028808594
19.038860321044922
7.1040496826171875
19.07980728149414
20.011600494384766
20.011600494384766
11.608207702636719
14.309295654296875
10.907890319824219
14.309295654296875
10.907890319824219
14.309295654296875
16.57681655883789
11.90909194946289
8.514511108398438
11.20083236694336
13.836040496826172
1.3911170959472656
12.840349197387695
10.532182693481445
12.840349197387695
11.683204650878906
7.370180130004883
11.683204650878906
4.1860504150390625
7.6732330322265625
12.032379150390625
10.26548957824707
18.215225219726562
12.840349197387695
10.532182693481445
12.840349197387695
21.601673126220703
16.618717193603516
21.601673126220703
16.6810302734375
16.978477478027344
11.683204650878906
7.370180130004883
11.683204650878906
11.683204650878906
7.370180130004883
14.309295654296875
10.907890319824219
19.989925384521484
6.959613800048828
11.20083236694336
13.836040496826172
11.20083236694336
14.309295654296875
9.011852264404297
12.706872940063477
22.391677856445312
12.706872940063477
19.504661560058594
15.012489318847656
19.504661560058594
19.504661560058594
26.29141616821289
16.460174560546875
26.29141616821289
26.29141616821289
16.460174560546875
43.977806091308594
10.7354736328125
10.51947021484375
16.381649017333984
14.524118423461914
16.381649017333984
14.378763198852539
21.2441463470459
14.378763198852539
11.775169372558594
9.235809326171875
13.302680969238281
14.030338287353516
16.839195251464844
3.9967041015625
32.98726272583008
12.58389663696289
10.51947021484375
11.22506332397461
14.325977325439453
0.223114013671875
10.9910888671875
7.690816879272461
13.282852172851562
10.153564453125
1.3015556335449219
5.962688446044922
5.962688446044922
5.962688446044922
18.76449966430664
8.314050674438477
17.894207000732422
5.8253021240234375
5.962688446044922
5.962688446044922
5.962688446044922
5.962688446044922
5.962688446044922
27.453853607177734
12.350885391235352
10.793155670166016
13.466697692871094
26.29141616821289
16.460174560546875
13.842708587646484
25.88471221923828
17.250106811523438
26.46995735168457
8.40469741821289
873.1455688476562
26.46995735168457
873.1455688476562
498.27252197265625
3191.313720703125
873.1455688476562
873.1455688476562
873.1455688476562
873.1455688476562
6.978496551513672
873.1455688476562
873.1455688476562
873.1455688476562
873.1455688476562
873.1455688476562
873.1455688476562
873.1455688476562
873.1455688476562
873.1455688476562
873.1455688476562
25.269596099853516
628.295654296875
26.46995735168457
873.1455688476562
873.1455688476562
25.269596099853516
873.1455688476562
873.1455688476562
873.1455688476562
25.269596099853516
873.1455688476562
873.1455688476562
31.32110023498535
873.1455688476562
873.1455688476562
25.269596099853516
17.959339141845703
11.225753784179688
873.1455688476562
873.1455688476562
25.269596099853516
873.1455688476562
873.1455688476562
873.1455688476562
25.269596099853516
873.1455688476562
873.1455688476562
873.1455688476562
873.1455688476562
25.269596099853516
9.353849411010742
4.559228897094727
873.1455688476562
7.921375274658203
10.10799789428711
873.1455688476562
25.269596099853516
873.1455688476562
873.1455688476562
873.1455688476562
873.1455688476562
25.269596099853516
9.450637817382812
5.818592071533203
873.1455688476562
873.1455688476562
25.269596099853516
37.70362854003906
873.1455688476562
873.1455688476562
8.809192657470703
3.8991527557373047
17.48181915283203
-0.33683013916015625
873.1455688476562
873.1455688476562
25.269596099853516
72.93556213378906
72.93556213378906
12.987655639648438
8.39944839477539
72.93556213378906
25.269596099853516
72.93556213378906
72.93556213378906
25.269596099853516
66.40403747558594
66.40403747558594
17.959339141845703
6.989753723144531
66.40403747558594
66.40403747558594
15.021053314208984
10.655597686767578
15.021053314208984
28.045326232910156
25.269596099853516
62.864898681640625
62.864898681640625
12.311538696289062
17.365652084350586
25.269596099853516
62.864898681640625
62.864898681640625
10.826114654541016
14.748476028442383
0.6399078369140625
62.864898681640625
81.71764373779297
25.269596099853516
9.450637817382812
6.023948669433594
19.123149871826172
22.55231475830078
61.221519470214844
10.872335433959961
4.867000579833984
12.311538696289062
11.281208038330078
14.545652389526367
17.862396240234375
2.6481189727783203
61.221519470214844
6.221160888671875
15.021053314208984
12.13334846496582
5.881378173828125
5.881378173828125
1.8964958190917969
1.9922599792480469
17.48181915283203
4.158420562744141
5.052970886230469
3.8100738525390625
2.6620254516601562
25.269596099853516
3.4861602783203125
15.021053314208984
8.679628372192383
61.221519470214844
0.875457763671875
3.7593822479248047
1.4150314331054688
60.91141128540039
1.9922599792480469
2.5542640686035156
6.551578521728516
4.365198135375977
3.553140640258789
5.241029739379883
60.91141128540039
5.145542144775391
60.91141128540039
25.269596099853516
60.91141128540039
17.48181915283203
12.642158508300781
60.91141128540039
14.784685134887695
2.8531932830810547
2.025575637817383
60.89543533325195
14.783309936523438
