102.93018341064453
107.73223876953125
33.58841323852539
103.6202392578125
107.73223876953125
19.571428298950195
102.95745849609375
17.963064193725586
23.58451271057129
17.350597381591797
12.822742462158203
29.688663482666016
25.87554931640625
25.87554931640625
13.364870071411133
10.993255615234375
11.9066162109375
23.73640251159668
23.73640251159668
29.688663482666016
34.951419830322266
12.90228271484375
26.165851593017578
13.34294319152832
61.974952697753906
17.46971321105957
22.128345489501953
48.2824592590332
86.61901092529297
34.89008331298828
107.73223876953125
103.76402282714844
6.6302490234375
98.98272705078125
97.74174499511719
98.50360107421875
97.74174499511719
91.4666976928711
144.0503692626953
52.06357955932617
87.72250366210938
59.18398666381836
77.97933197021484
199.17901611328125
127.20765686035156
141.57293701171875
27.889467239379883
16.61073875427246
16.864356994628906
18.597820281982422
18.325130462646484
19.861980438232422
19.96978759765625
23.448040008544922
29.979997634887695
22.654767990112305
14.580738067626953
16.140958786010742
21.277816772460938
16.887496948242188
23.03490447998047
24.585180282592773
19.133445739746094
33.264739990234375
22.59661102294922
14.390680313110352
29.96675682067871
17.88187026977539
20.994491577148438
11.923049926757812
13.402828216552734
36.07343673706055
23.65251922607422
23.65251922607422
23.65251922607422
36.07343673706055
36.07343673706055
30.595985412597656
30.595985412597656
14.785873413085938
14.785873413085938
36.07343673706055
26.77614974975586
32.83140563964844
36.240013122558594
18.261966705322266
23.65251922607422
9.97459602355957
29.43700408935547
23.699081420898438
14.669427871704102
12.77284049987793
15.656595230102539
12.925670623779297
18.261966705322266
12.750255584716797
14.039718627929688
22.627853393554688
20.994491577148438
20.994491577148438
20.994491577148438
21.277816772460938
19.838802337646484
18.240278244018555
18.08153533935547
36.07343673706055
15.644754409790039
13.402828216552734
13.402828216552734
36.07343673706055
32.55912780761719
22.972652435302734
15.044506072998047
20.994491577148438
21.277816772460938
26.956165313720703
20.994491577148438
18.261966705322266
11.232051849365234
17.80280303955078
19.9721622467041
21.141223907470703
21.277816772460938
15.644952774047852
15.94681167602539
20.131977081298828
26.98517608642578
15.556034088134766
29.296871185302734
21.659530639648438
10.99763298034668
29.728757858276367
21.277816772460938
20.994491577148438
17.104963302612305
23.783458709716797
15.785333633422852
23.584674835205078
22.11406135559082
14.255779266357422
21.277816772460938
12.463813781738281
27.53533363342285
139.33522033691406
67.73338317871094
107.92312622070312
116.999267578125
76.46037292480469
79.2245864868164
112.81613159179688
102.90644836425781
40.09147262573242
86.61901092529297
17.878679275512695
29.064167022705078
27.889467239379883
29.979997634887695
22.654767990112305
23.448040008544922
22.654767990112305
18.325130462646484
18.597820281982422
18.325130462646484
17.04277992248535
13.611196517944336
13.494598388671875
16.864356994628906
16.61073875427246
16.864356994628906
38.01622772216797
29.43700408935547
54.60957336425781
23.1488037109375
19.25469207763672
23.1488037109375
13.941959381103516
23.1488037109375
19.25469207763672
23.1488037109375
12.694599151611328
27.385828018188477
19.822906494140625
12.19047737121582
22.657672882080078
19.957759857177734
19.64288330078125
20.797183990478516
18.61506462097168
20.797183990478516
20.797183990478516
18.61506462097168
9.08047866821289
20.16307830810547
16.912857055664062
20.16307830810547
19.271804809570312
18.343421936035156
16.380878448486328
18.998435974121094
15.602130889892578
20.523319244384766
19.126224517822266
20.523319244384766
22.021883010864258
26.74359893798828
22.021883010864258
18.244014739990234
16.22083854675293
26.218294143676758
21.576263427734375
15.749082565307617
14.785873413085938
14.785873413085938
14.785873413085938
30.595985412597656
30.595985412597656
30.595985412597656
30.595985412597656
14.785873413085938
30.595985412597656
14.785873413085938
14.785873413085938
14.785873413085938
14.785873413085938
30.595985412597656
30.595985412597656
30.595985412597656
9.469053268432617
14.954893112182617
20.16307830810547
16.912857055664062
20.16307830810547
16.012203216552734
20.930667877197266
20.797183990478516
18.61506462097168
20.797183990478516
14.751974105834961
20.797183990478516
18.61506462097168
25.52767562866211
24.941804885864258
25.52767562866211
15.71762466430664
26.403339385986328
28.615089416503906
28.615089416503906
17.912233352661133
20.797183990478516
18.61506462097168
20.797183990478516
18.61506462097168
20.797183990478516
19.271114349365234
20.236083984375
14.89832878112793
21.32781982421875
21.942951202392578
9.900209426879883
20.694324493408203
18.192583084106445
20.694324493408203
21.722240447998047
16.671405792236328
21.722240447998047
9.681568145751953
16.097496032714844
19.985164642333984
18.127365112304688
23.519912719726562
20.694324493408203
18.192583084106445
20.694324493408203
27.790668487548828
25.87554931640625
27.790668487548828
20.759952545166016
22.446861267089844
21.722240447998047
16.671405792236328
21.722240447998047
21.722240447998047
16.671405792236328
20.797183990478516
18.61506462097168
26.66520118713379
15.146289825439453
21.32781982421875
21.942951202392578
21.32781982421875
20.797183990478516
15.441741943359375
19.771936416625977
26.171640396118164
19.771936416625977
26.847366333007812
20.9374942779541
26.847366333007812
26.847366333007812
32.83140563964844
26.77614974975586
32.83140563964844
32.83140563964844
26.77614974975586
42.78520584106445
18.342309951782227
18.00061798095703
23.26460075378418
21.502004623413086
23.26460075378418
23.699081420898438
29.43700408935547
23.699081420898438
20.114627838134766
17.812515258789062
20.369510650634766
21.599567413330078
23.686668395996094
12.417417526245117
34.051719665527344
19.808441162109375
18.00061798095703
17.997264862060547
20.432214736938477
9.614036560058594
18.08153533935547
15.994056701660156
20.285560607910156
15.572734832763672
10.027965545654297
14.785873413085938
14.785873413085938
14.785873413085938
25.26461410522461
17.768714904785156
24.56791114807129
12.788728713989258
14.785873413085938
14.785873413085938
14.785873413085938
14.785873413085938
14.785873413085938
29.688663482666016
20.38409423828125
18.546241760253906
20.043170928955078
32.83140563964844
26.77614974975586
19.29220962524414
28.937259674072266
23.032682418823242
31.298250198364258
16.07979393005371
702.2720947265625
31.298250198364258
702.2720947265625
526.2781372070312
2694.458984375
702.2720947265625
702.2720947265625
702.2720947265625
702.2720947265625
16.395376205444336
702.2720947265625
702.2720947265625
702.2720947265625
702.2720947265625
702.2720947265625
702.2720947265625
702.2720947265625
702.2720947265625
702.2720947265625
702.2720947265625
31.358348846435547
745.9728393554688
31.298250198364258
702.2720947265625
702.2720947265625
31.358348846435547
702.2720947265625
702.2720947265625
702.2720947265625
31.358348846435547
702.2720947265625
702.2720947265625
35.47748565673828
702.2720947265625
702.2720947265625
31.358348846435547
25.01837158203125
16.533782958984375
702.2720947265625
702.2720947265625
31.358348846435547
702.2720947265625
702.2720947265625
702.2720947265625
31.358348846435547
702.2720947265625
702.2720947265625
702.2720947265625
702.2720947265625
31.358348846435547
17.428375244140625
13.46660041809082
702.2720947265625
16.212522506713867
16.92923355102539
702.2720947265625
31.358348846435547
702.2720947265625
702.2720947265625
702.2720947265625
702.2720947265625
31.358348846435547
18.401004791259766
13.902355194091797
702.2720947265625
702.2720947265625
31.358348846435547
31.88174057006836
702.2720947265625
702.2720947265625
17.022258758544922
12.527141571044922
25.165935516357422
10.14474105834961
702.2720947265625
702.2720947265625
31.358348846435547
69.84363555908203
69.84363555908203
20.266048431396484
15.258628845214844
69.84363555908203
31.358348846435547
69.84363555908203
69.84363555908203
31.358348846435547
61.95293426513672
61.95293426513672
25.01837158203125
14.444742202758789
61.95293426513672
61.95293426513672
21.99013328552246
19.00277328491211
21.99013328552246
24.286954879760742
31.358348846435547
58.344512939453125
58.344512939453125
20.334930419921875
25.20722007751465
31.358348846435547
58.344512939453125
58.344512939453125
18.636186599731445
23.238693237304688
10.415184020996094
58.344512939453125
70.80567932128906
31.358348846435547
18.401004791259766
13.933759689331055
25.7919921875
29.018844604492188
56.514705657958984
19.062244415283203
12.787525177001953
20.334930419921875
18.322301864624023
22.128345489501953
23.04926300048828
11.982540130615234
56.514705657958984
14.48480224609375
21.99013328552246
18.673593521118164
14.18484115600586
14.18484115600586
11.417213439941406
11.616188049316406
25.165935516357422
12.493976593017578
13.385055541992188
12.733402252197266
11.901861190795898
31.358348846435547
12.603202819824219
21.99013328552246
16.303314208984375
56.514705657958984
10.736406326293945
12.640600204467773
11.205698013305664
55.378639221191406
11.616188049316406
11.59150505065918
14.637042999267578
13.17209243774414
12.659854888916016
13.657402038574219
55.378639221191406
13.524656295776367
55.378639221191406
31.358348846435547
55.378639221191406
25.165935516357422
20.740856170654297
55.378639221191406
24.176801681518555
11.871841430664062
11.510498046875
55.36671447753906
24.1754150390625
