48.42273712158203
48.94306564331055
40.97517013549805
48.75684356689453
48.94306564331055
38.28617477416992
48.47075271606445
37.017974853515625
38.9243049621582
35.06748962402344
35.135948181152344
35.910560607910156
44.052635192871094
44.052635192871094
34.27930450439453
33.7957878112793
34.51333236694336
40.454429626464844
40.454429626464844
35.910560607910156
46.106353759765625
35.29414749145508
35.9145622253418
34.65507507324219
65.74102783203125
34.33415603637695
38.703887939453125
46.721561431884766
46.997108459472656
40.49836730957031
48.94306564331055
48.6084098815918
40.870269775390625
48.285587310791016
47.84002685546875
48.02912139892578
47.84002685546875
44.7533073425293
55.75603103637695
46.34789276123047
47.867366790771484
44.58866882324219
48.5872917175293
53.52521896362305
50.33894348144531
54.69558334350586
46.44304275512695
38.25505065917969
39.641441345214844
36.61381149291992
38.52272415161133
64.26175689697266
37.24839782714844
38.4581184387207
47.49107360839844
38.194915771484375
37.91267776489258
39.61484146118164
34.84477233886719
41.092735290527344
46.22682189941406
59.31003952026367
41.54777526855469
60.98285675048828
36.13914108276367
35.60448455810547
44.17827606201172
39.90657424926758
35.78843688964844
35.5449333190918
33.277626037597656
35.69095230102539
34.56069564819336
34.56069564819336
34.56069564819336
35.69095230102539
35.69095230102539
46.772403717041016
46.772403717041016
34.524559020996094
34.524559020996094
35.69095230102539
44.89814376831055
48.67393493652344
52.15409851074219
35.74162292480469
34.56069564819336
35.04815673828125
47.22814178466797
42.613521575927734
37.1068000793457
36.27291488647461
37.83378219604492
36.29228210449219
35.74162292480469
36.06119918823242
34.75579071044922
34.30904769897461
35.78843688964844
35.78843688964844
35.78843688964844
34.84477233886719
41.479209899902344
37.16657257080078
36.7773551940918
35.69095230102539
36.92411804199219
33.277626037597656
33.277626037597656
35.69095230102539
61.2624626159668
61.31464767456055
62.82838821411133
35.78843688964844
34.84477233886719
41.851661682128906
35.78843688964844
35.74162292480469
35.8317985534668
38.8598747253418
38.50761032104492
39.42341613769531
34.84477233886719
37.637027740478516
62.698326110839844
37.333858489990234
56.38790512084961
35.61481475830078
59.07936096191406
34.94811248779297
35.78693389892578
44.73786163330078
34.84477233886719
35.78843688964844
41.09642028808594
40.68181228637695
33.76502990722656
40.781272888183594
40.483619689941406
35.562862396240234
34.84477233886719
35.93791961669922
35.147369384765625
49.73586654663086
43.32792663574219
48.99747085571289
50.181617736816406
46.059810638427734
43.843196868896484
49.728660583496094
48.36546325683594
41.37961959838867
46.997108459472656
37.27960968017578
44.91423797607422
46.44304275512695
47.49107360839844
38.194915771484375
38.4581184387207
38.194915771484375
38.52272415161133
36.61381149291992
38.52272415161133
41.920249938964844
38.480167388916016
36.38597106933594
39.641441345214844
38.25505065917969
39.641441345214844
55.499366760253906
47.22814178466797
69.64481353759766
37.13264465332031
35.8624382019043
37.13264465332031
37.643436431884766
37.13264465332031
35.8624382019043
37.13264465332031
35.642852783203125
35.43791198730469
34.515377044677734
34.41122055053711
39.127010345458984
39.68185043334961
40.40336990356445
41.80120086669922
37.819698333740234
41.80120086669922
41.80120086669922
37.819698333740234
34.10631561279297
37.56315994262695
35.61961364746094
37.56315994262695
65.49272155761719
64.94921875
65.23543548583984
64.2674789428711
64.78748321533203
40.4776496887207
36.71303176879883
40.4776496887207
37.528961181640625
40.61526870727539
37.528961181640625
59.4695930480957
35.34260559082031
44.162315368652344
40.06060028076172
40.754695892333984
34.524559020996094
34.524559020996094
34.524559020996094
46.772403717041016
46.772403717041016
46.772403717041016
46.772403717041016
34.524559020996094
46.772403717041016
34.524559020996094
34.524559020996094
34.524559020996094
34.524559020996094
46.772403717041016
46.772403717041016
46.772403717041016
34.413578033447266
37.88885498046875
37.56315994262695
35.61961364746094
37.56315994262695
62.49607467651367
36.30853271484375
41.80120086669922
37.819698333740234
41.80120086669922
56.36072540283203
41.80120086669922
37.819698333740234
42.801822662353516
42.20397186279297
42.801822662353516
37.594520568847656
37.064693450927734
37.671016693115234
37.671016693115234
35.5548095703125
41.80120086669922
37.819698333740234
41.80120086669922
37.819698333740234
41.80120086669922
48.62244415283203
35.044124603271484
35.74640655517578
41.4849967956543
40.3702278137207
35.899322509765625
41.86455535888672
40.070621490478516
41.86455535888672
38.46833419799805
38.55011749267578
38.46833419799805
37.503196716308594
37.76543426513672
35.51799392700195
37.220008850097656
35.86742401123047
41.86455535888672
40.070621490478516
41.86455535888672
46.60157012939453
44.052635192871094
46.60157012939453
53.661888122558594
35.971195220947266
38.46833419799805
38.55011749267578
38.46833419799805
38.46833419799805
38.55011749267578
41.80120086669922
37.819698333740234
36.032569885253906
38.3943977355957
41.4849967956543
40.3702278137207
41.4849967956543
41.80120086669922
35.35157775878906
39.05521011352539
35.500587463378906
39.05521011352539
38.466312408447266
34.55261993408203
38.466312408447266
38.466312408447266
48.67393493652344
44.89814376831055
48.67393493652344
48.67393493652344
44.89814376831055
42.088287353515625
35.142601013183594
38.146942138671875
37.152137756347656
37.7712516784668
37.152137756347656
42.613521575927734
47.22814178466797
42.613521575927734
36.30055236816406
37.95410919189453
36.73806381225586
36.19159698486328
37.13119888305664
38.299461364746094
34.2979850769043
35.26772689819336
38.146942138671875
38.520790100097656
35.884273529052734
34.14125061035156
36.7773551940918
35.87828826904297
39.202049255371094
36.43150329589844
33.756290435791016
34.524559020996094
34.524559020996094
34.524559020996094
36.899696350097656
38.70513916015625
40.14801788330078
34.81568145751953
34.524559020996094
34.524559020996094
34.524559020996094
34.524559020996094
34.524559020996094
35.910560607910156
34.74534225463867
34.178138732910156
34.64426803588867
48.67393493652344
44.89814376831055
34.09794616699219
36.89931869506836
35.5467529296875
47.764095306396484
38.058380126953125
220.32308959960938
47.764095306396484
220.32308959960938
224.77581787109375
243.713623046875
220.32308959960938
220.32308959960938
220.32308959960938
220.32308959960938
40.313880920410156
220.32308959960938
220.32308959960938
220.32308959960938
220.32308959960938
220.32308959960938
220.32308959960938
220.32308959960938
220.32308959960938
220.32308959960938
220.32308959960938
38.999752044677734
222.53932189941406
47.764095306396484
220.32308959960938
220.32308959960938
38.999752044677734
220.32308959960938
220.32308959960938
220.32308959960938
38.999752044677734
220.32308959960938
220.32308959960938
35.389835357666016
220.32308959960938
220.32308959960938
38.999752044677734
42.020538330078125
37.1422004699707
220.32308959960938
220.32308959960938
38.999752044677734
220.32308959960938
220.32308959960938
220.32308959960938
38.999752044677734
220.32308959960938
220.32308959960938
220.32308959960938
220.32308959960938
38.999752044677734
36.1362190246582
36.05101013183594
220.32308959960938
33.792991638183594
39.93952941894531
220.32308959960938
38.999752044677734
220.32308959960938
220.32308959960938
220.32308959960938
220.32308959960938
38.999752044677734
38.49340057373047
37.77616882324219
220.32308959960938
220.32308959960938
38.999752044677734
34.03223419189453
220.32308959960938
220.32308959960938
33.27536392211914
35.67387771606445
43.626644134521484
36.56575012207031
220.32308959960938
220.32308959960938
38.999752044677734
63.775794982910156
63.775794982910156
39.77267074584961
34.24299621582031
63.775794982910156
38.999752044677734
63.775794982910156
63.775794982910156
38.999752044677734
56.74390411376953
56.74390411376953
42.020538330078125
37.78005599975586
56.74390411376953
56.74390411376953
41.34748840332031
35.32373809814453
41.34748840332031
35.79617691040039
38.999752044677734
52.959228515625
52.959228515625
40.249359130859375
35.95881271362305
38.999752044677734
52.959228515625
52.959228515625
40.43246078491211
35.37791442871094
34.964820861816406
52.959228515625
49.61763000488281
38.999752044677734
38.49340057373047
36.68360137939453
36.20659637451172
43.92622375488281
50.67485809326172
39.205322265625
35.34740447998047
40.249359130859375
34.810699462890625
38.703887939453125
34.0482063293457
34.580692291259766
50.67485809326172
33.631561279296875
41.34748840332031
35.17913818359375
34.90275955200195
34.90275955200195
34.34320831298828
35.07535934448242
43.626644134521484
34.96820831298828
34.662750244140625
35.29454040527344
34.287353515625
38.999752044677734
34.52682113647461
41.34748840332031
37.45401382446289
50.67485809326172
34.78317642211914
35.33823013305664
35.1188850402832
49.105472564697266
35.07535934448242
34.952632904052734
35.28489685058594
34.83900451660156
34.31010818481445
34.66818618774414
49.105472564697266
34.795658111572266
49.105472564697266
38.999752044677734
49.105472564697266
43.626644134521484
34.70560073852539
49.105472564697266
43.48257827758789
33.999874114990234
34.830753326416016
49.104454040527344
43.48165512084961
