59.930870056152344
61.48196029663086
34.46732711791992
60.354522705078125
61.48196029663086
26.98995018005371
59.62879180908203
26.302845001220703
30.435073852539062
23.89223861694336
21.951833724975586
32.47523880004883
35.33740997314453
35.33740997314453
22.22823715209961
21.18673324584961
21.976295471191406
29.401782989501953
29.401782989501953
32.47523880004883
39.126258850097656
22.881092071533203
30.38626480102539
22.3692684173584
59.693626403808594
25.267759323120117
30.084447860717773
39.88262176513672
53.92694854736328
35.26184844970703
61.48196029663086
60.300567626953125
20.650197982788086
58.60411071777344
58.484222412109375
58.283748626708984
58.484222412109375
48.65267562866211
81.82005310058594
45.58775329589844
56.03863525390625
43.55609130859375
54.820682525634766
87.7108154296875
69.05718994140625
79.31378173828125
34.73451232910156
26.316120147705078
26.881607055664062
25.734254837036133
27.30112648010254
31.23702049255371
25.70947265625
30.150310516357422
36.548439025878906
29.61585235595703
22.45536994934082
24.216262817382812
28.2159423828125
25.40601348876953
29.421865463256836
30.373933792114258
26.517074584960938
36.81230545043945
26.7391414642334
23.03356170654297
33.773406982421875
26.655176162719727
25.610496520996094
21.79206085205078
21.021387100219727
31.145282745361328
26.04364585876465
26.04364585876465
26.04364585876465
31.145282745361328
31.145282745361328
38.98297119140625
38.98297119140625
24.525897979736328
24.525897979736328
31.145282745361328
35.34921646118164
37.465824127197266
36.67350769042969
24.613283157348633
26.04364585876465
20.67376708984375
36.571876525878906
31.662137985229492
22.550853729248047
22.268138885498047
24.196096420288086
22.260210037231445
24.613283157348633
22.30187225341797
22.234031677246094
25.525285720825195
25.610496520996094
25.610496520996094
25.610496520996094
28.2159423828125
26.999780654907227
26.276304244995117
25.724868774414062
31.145282745361328
23.20697021484375
21.021387100219727
21.021387100219727
31.145282745361328
37.510040283203125
31.948123931884766
27.107521057128906
25.610496520996094
28.2159423828125
31.209177017211914
25.610496520996094
24.613283157348633
21.224075317382812
26.44868278503418
26.805137634277344
27.66217041015625
28.2159423828125
24.589134216308594
27.1502685546875
25.494190216064453
34.37761688232422
23.37655258178711
36.04396057128906
25.698928833007812
21.337961196899414
38.325660705566406
28.2159423828125
25.610496520996094
25.487548828125
29.320232391357422
24.076210021972656
30.197734832763672
29.429615020751953
22.55768585205078
28.2159423828125
22.1881103515625
30.13197898864746
69.580810546875
45.335243225097656
61.900611877441406
65.91062927246094
51.98640823364258
47.26062774658203
64.25822448730469
60.3634147644043
36.4734001159668
53.92694854736328
26.30838966369629
36.423370361328125
34.73451232910156
36.548439025878906
29.61585235595703
30.150310516357422
29.61585235595703
27.30112648010254
25.734254837036133
27.30112648010254
25.016311645507812
22.962818145751953
22.668821334838867
26.881607055664062
26.316120147705078
26.881607055664062
42.50482177734375
36.571876525878906
56.043968200683594
30.613052368164062
26.917583465576172
30.613052368164062
22.43178367614746
30.613052368164062
26.917583465576172
30.613052368164062
22.58403778076172
29.39682388305664
25.287551879882812
21.376371383666992
30.111576080322266
28.599098205566406
28.80563735961914
29.48920440673828
27.554157257080078
29.48920440673828
29.48920440673828
27.554157257080078
19.262710571289062
28.36073875427246
25.395261764526367
28.36073875427246
28.524730682373047
28.145803451538086
26.005916595458984
28.980518341064453
26.08182144165039
29.327442169189453
26.42532730102539
29.327442169189453
29.957042694091797
33.386932373046875
29.957042694091797
28.81658172607422
24.189481735229492
34.01190948486328
28.48157501220703
25.41154670715332
24.525897979736328
24.525897979736328
24.525897979736328
38.98297119140625
38.98297119140625
38.98297119140625
38.98297119140625
24.525897979736328
38.98297119140625
24.525897979736328
24.525897979736328
24.525897979736328
24.525897979736328
38.98297119140625
38.98297119140625
38.98297119140625
20.072265625
23.983688354492188
28.36073875427246
25.395261764526367
28.36073875427246
28.197349548339844
25.865814208984375
29.48920440673828
27.554157257080078
29.48920440673828
25.59072494506836
29.48920440673828
27.554157257080078
33.14964294433594
32.51243209838867
33.14964294433594
24.362934112548828
32.076358795166016
34.11345291137695
34.11345291137695
23.468421936035156
29.48920440673828
27.554157257080078
29.48920440673828
27.554157257080078
29.48920440673828
26.207050323486328
26.682090759277344
22.654788970947266
31.468706130981445
31.050796508789062
20.642255783081055
29.644935607910156
27.036880493164062
29.644935607910156
30.936538696289062
26.329010009765625
30.936538696289062
20.754209518432617
25.586841583251953
27.166030883789062
26.658702850341797
27.171875
29.644935607910156
27.036880493164062
29.644935607910156
34.80276870727539
35.33740997314453
34.80276870727539
28.612546920776367
26.11398696899414
30.936538696289062
26.329010009765625
30.936538696289062
30.936538696289062
26.329010009765625
29.48920440673828
27.554157257080078
29.21647071838379
23.886240005493164
31.468706130981445
31.050796508789062
31.468706130981445
29.48920440673828
23.301244735717773
28.325973510742188
28.82697296142578
28.325973510742188
32.54881286621094
26.799358367919922
32.54881286621094
32.54881286621094
37.465824127197266
35.34921646118164
37.465824127197266
37.465824127197266
35.34921646118164
42.03629684448242
25.797168731689453
26.661108016967773
30.429378509521484
29.248836517333984
30.429378509521484
31.662137985229492
36.571876525878906
31.662137985229492
25.900583267211914
25.04995346069336
28.200010299682617
29.149948120117188
30.6127986907959
22.538110733032227
33.183319091796875
27.59196662902832
26.661108016967773
26.487943649291992
25.621381759643555
19.995058059692383
25.724868774414062
24.45829200744629
28.654708862304688
22.500261306762695
19.9990234375
24.525897979736328
24.525897979736328
24.525897979736328
31.206745147705078
27.18819808959961
31.6314697265625
21.389575958251953
24.525897979736328
24.525897979736328
24.525897979736328
24.525897979736328
24.525897979736328
32.47523880004883
27.52349090576172
26.076520919799805
25.455774307250977
37.465824127197266
35.34921646118164
22.603670120239258
32.53905487060547
29.58934783935547
37.017417907714844
25.472015380859375
505.27630615234375
37.017417907714844
505.27630615234375
353.4156494140625
1485.1043701171875
505.27630615234375
505.27630615234375
505.27630615234375
505.27630615234375
27.14871597290039
505.27630615234375
505.27630615234375
505.27630615234375
505.27630615234375
505.27630615234375
505.27630615234375
505.27630615234375
505.27630615234375
505.27630615234375
505.27630615234375
35.835025787353516
419.5477600097656
37.017417907714844
505.27630615234375
505.27630615234375
35.835025787353516
505.27630615234375
505.27630615234375
505.27630615234375
35.835025787353516
505.27630615234375
505.27630615234375
34.81591796875
505.27630615234375
505.27630615234375
35.835025787353516
31.86819839477539
24.383041381835938
505.27630615234375
505.27630615234375
35.835025787353516
505.27630615234375
505.27630615234375
505.27630615234375
35.835025787353516
505.27630615234375
505.27630615234375
505.27630615234375
505.27630615234375
35.835025787353516
26.092571258544922
22.953184127807617
505.27630615234375
24.188735961914062
25.941635131835938
505.27630615234375
35.835025787353516
505.27630615234375
505.27630615234375
505.27630615234375
505.27630615234375
35.835025787353516
27.823270797729492
23.873300552368164
505.27630615234375
505.27630615234375
35.835025787353516
28.45941162109375
505.27630615234375
505.27630615234375
24.798675537109375
22.437644958496094
33.48012924194336
22.526424407958984
505.27630615234375
505.27630615234375
35.835025787353516
58.1885986328125
58.1885986328125
28.118751525878906
22.349727630615234
58.1885986328125
35.835025787353516
58.1885986328125
58.1885986328125
35.835025787353516
51.600494384765625
51.600494384765625
31.86819839477539
23.311927795410156
51.600494384765625
51.600494384765625
30.549253463745117
26.38815689086914
30.549253463745117
25.395008087158203
35.835025787353516
48.34400177001953
48.34400177001953
28.819250106811523
30.558597564697266
35.835025787353516
48.34400177001953
48.34400177001953
27.6064453125
29.257884979248047
21.64031982421875
48.34400177001953
52.13226318359375
35.835025787353516
27.823270797729492
23.11861228942871
30.695724487304688
32.76055908203125
46.430824279785156
28.008007049560547
22.077011108398438
28.819250106811523
25.210803985595703
30.084447860717773
28.08405303955078
22.382823944091797
46.430824279785156
22.050674438476562
30.549253463745117
25.378036499023438
23.200477600097656
23.200477600097656
22.003536224365234
22.493684768676758
33.48012924194336
21.96707534790039
21.9979248046875
22.883153915405273
22.11463165283203
35.835025787353516
22.7542724609375
30.549253463745117
25.266239166259766
46.430824279785156
22.01336669921875
22.72716522216797
22.125106811523438
45.18769836425781
22.493684768676758
22.20751953125
22.845659255981445
22.81497573852539
22.567707061767578
22.13065528869629
45.18769836425781
22.596479415893555
45.18769836425781
35.835025787353516
45.18769836425781
33.48012924194336
27.05279541015625
45.18769836425781
32.86876678466797
21.64777946472168
22.146411895751953
45.1845817565918
32.86732864379883
