112.88278198242188
118.25950622558594
32.682899475097656
113.74745178222656
118.25950622558594
17.792802810668945
112.73887634277344
15.952465057373047
21.937950134277344
15.380722045898438
10.356487274169922
28.929241180419922
23.40363311767578
23.40363311767578
11.20656967163086
8.609294891357422
9.558183670043945
22.733449935913086
22.733449935913086
28.929241180419922
33.00680160522461
10.531061172485352
24.76205062866211
11.184085845947266
61.13097381591797
15.556243896484375
20.069515228271484
51.50640869140625
94.54436492919922
34.501426696777344
118.25950622558594
113.89151000976562
3.828197479248047
108.34215545654297
106.58840942382812
107.77222442626953
106.58840942382812
101.0330810546875
154.86138916015625
52.064701080322266
92.77786254882812
61.119964599609375
80.47237396240234
225.65443420410156
139.76206970214844
152.88314819335938
26.319730758666992
14.170944213867188
14.450889587402344
16.910966873168945
16.26753807067871
18.08401870727539
18.813325881958008
21.914825439453125
28.303199768066406
21.0452880859375
13.306013107299805
14.861331939697266
19.26686668395996
15.379730224609375
22.253215789794922
24.371623992919922
17.742643356323242
27.19347381591797
20.875492095947266
11.832481384277344
29.069791793823242
16.03938865661621
19.05185317993164
9.257823944091797
11.302507400512695
35.52228927612305
22.16619873046875
22.16619873046875
22.16619873046875
35.52228927612305
35.52228927612305
28.424619674682617
28.424619674682617
12.48118782043457
12.48118782043457
35.52228927612305
24.040864944458008
31.61302375793457
35.41789245605469
16.09908103942871
22.16619873046875
7.558441162109375
27.328798294067383
21.38835906982422
13.073890686035156
10.625543594360352
13.524520874023438
10.806453704833984
16.09908103942871
10.441795349121094
11.365386962890625
21.359073638916016
19.05185317993164
19.05185317993164
19.05185317993164
19.26686668395996
18.378747940063477
16.422136306762695
16.310256958007812
35.52228927612305
14.092031478881836
11.302507400512695
11.302507400512695
35.52228927612305
28.127147674560547
24.398883819580078
16.0849609375
19.05185317993164
19.26686668395996
25.66533660888672
19.05185317993164
16.09908103942871
8.786090850830078
15.727106094360352
18.334272384643555
19.733551025390625
19.26686668395996
13.634679794311523
16.564918518066406
18.694156646728516
25.156341552734375
13.157672882080078
26.943845748901367
20.095409393310547
8.455615997314453
26.627138137817383
19.26686668395996
19.05185317993164
15.57894515991211
22.649137496948242
13.71075439453125
21.872661590576172
20.24431610107422
12.49344253540039
19.26686668395996
10.207378387451172
26.611061096191406
155.89178466796875
73.39263153076172
118.59979248046875
128.65679931640625
80.63663482666016
87.27677154541016
124.09132385253906
112.60844421386719
40.4481315612793
94.54436492919922
15.943204879760742
26.9954833984375
26.319730758666992
28.303199768066406
21.0452880859375
21.914825439453125
21.0452880859375
16.26753807067871
16.910966873168945
16.26753807067871
15.411548614501953
11.912078857421875
11.395801544189453
14.450889587402344
14.170944213867188
14.450889587402344
36.17997360229492
27.328798294067383
52.4774169921875
21.18836212158203
17.488101959228516
21.18836212158203
12.269386291503906
21.18836212158203
17.488101959228516
21.18836212158203
10.234291076660156
26.677642822265625
18.457719802856445
9.936063766479492
20.651514053344727
17.918758392333984
17.510046005249023
19.01361083984375
16.54901123046875
19.01361083984375
19.01361083984375
16.54901123046875
6.894458770751953
18.055212020874023
14.864143371582031
18.055212020874023
15.303764343261719
15.196601867675781
13.661300659179688
16.17273712158203
13.557483673095703
18.45178985595703
17.371124267578125
18.45178985595703
20.046295166015625
24.92901611328125
20.046295166015625
19.359355926513672
14.222806930541992
24.030651092529297
20.103904724121094
13.815984725952148
12.48118782043457
12.48118782043457
12.48118782043457
28.424619674682617
28.424619674682617
28.424619674682617
28.424619674682617
12.48118782043457
28.424619674682617
12.48118782043457
12.48118782043457
12.48118782043457
12.48118782043457
28.424619674682617
28.424619674682617
28.424619674682617
7.170787811279297
12.707393646240234
18.055212020874023
14.864143371582031
18.055212020874023
15.802120208740234
19.309383392333984
19.01361083984375
16.54901123046875
19.01361083984375
14.62081527709961
19.01361083984375
16.54901123046875
23.57554054260254
22.857376098632812
23.57554054260254
13.527650833129883
24.61425018310547
26.62531852722168
26.62531852722168
16.351211547851562
19.01361083984375
16.54901123046875
19.01361083984375
16.54901123046875
19.01361083984375
18.563934326171875
18.1849365234375
13.17572021484375
18.70637321472168
19.78117561340332
7.595457077026367
18.441444396972656
16.16073226928711
18.441444396972656
18.98004150390625
14.286994934082031
18.98004150390625
7.794895172119141
13.906522750854492
18.084686279296875
16.050540924072266
22.29271697998047
18.441444396972656
16.16073226928711
18.441444396972656
26.181922912597656
23.40363311767578
26.181922912597656
19.584299087524414
21.10672378540039
18.98004150390625
14.286994934082031
18.98004150390625
18.98004150390625
14.286994934082031
19.01361083984375
16.54901123046875
25.384296417236328
13.27011489868164
18.70637321472168
19.78117561340332
18.70637321472168
19.01361083984375
13.592893600463867
17.830896377563477
25.337444305419922
17.830896377563477
25.07896614074707
19.420642852783203
25.07896614074707
25.07896614074707
31.61302375793457
24.040864944458008
31.61302375793457
31.61302375793457
24.040864944458008
41.96209716796875
16.44931411743164
15.989887237548828
21.422922134399414
19.65805435180664
21.422922134399414
21.38835906982422
27.328798294067383
21.38835906982422
18.292234420776367
15.850517272949219
18.50511932373047
19.62911605834961
21.896455764770508
10.323650360107422
33.94986343383789
17.965576171875
15.989887237548828
16.103580474853516
19.004745483398438
7.165477752685547
16.310256958007812
13.901649475097656
18.469329833984375
13.996002197265625
7.755779266357422
12.48118782043457
12.48118782043457
12.48118782043457
23.576772689819336
15.359640121459961
22.61173439025879
10.904104232788086
12.48118782043457
12.48118782043457
12.48118782043457
12.48118782043457
12.48118782043457
28.929241180419922
18.40221405029297
16.62828826904297
18.388917922973633
31.61302375793457
24.040864944458008
17.688997268676758
28.05077362060547
21.54159927368164
30.10131072998047
14.046072006225586
649.3829345703125
30.10131072998047
649.3829345703125
505.2615966796875
2816.31591796875
649.3829345703125
649.3829345703125
649.3829345703125
649.3829345703125
13.913442611694336
649.3829345703125
649.3829345703125
649.3829345703125
649.3829345703125
649.3829345703125
649.3829345703125
649.3829345703125
649.3829345703125
649.3829345703125
649.3829345703125
29.50218963623047
638.338623046875
30.10131072998047
649.3829345703125
649.3829345703125
29.50218963623047
649.3829345703125
649.3829345703125
649.3829345703125
29.50218963623047
649.3829345703125
649.3829345703125
34.42906188964844
649.3829345703125
649.3829345703125
29.50218963623047
23.166425704956055
15.208759307861328
649.3829345703125
649.3829345703125
29.50218963623047
649.3829345703125
649.3829345703125
649.3829345703125
29.50218963623047
649.3829345703125
649.3829345703125
649.3829345703125
649.3829345703125
29.50218963623047
15.365528106689453
11.244304656982422
649.3829345703125
14.160755157470703
15.091413497924805
649.3829345703125
29.50218963623047
649.3829345703125
649.3829345703125
649.3829345703125
649.3829345703125
29.50218963623047
16.07161521911621
11.770584106445312
649.3829345703125
649.3829345703125
29.50218963623047
31.82455825805664
649.3829345703125
649.3829345703125
15.006181716918945
10.28903579711914
23.263744354248047
7.40083122253418
649.3829345703125
649.3829345703125
29.50218963623047
69.33906555175781
69.33906555175781
18.396440505981445
13.536117553710938
69.33906555175781
29.50218963623047
69.33906555175781
69.33906555175781
29.50218963623047
62.59385299682617
62.59385299682617
23.166425704956055
12.671035766601562
62.59385299682617
62.59385299682617
20.042085647583008
16.888206481933594
20.042085647583008
24.688800811767578
29.50218963623047
59.42924499511719
59.42924499511719
18.25088882446289
23.233718872070312
29.50218963623047
59.42924499511719
59.42924499511719
16.553266525268555
21.101192474365234
7.912509918212891
59.42924499511719
73.16571044921875
29.50218963623047
16.07161521911621
11.908340454101562
24.201702117919922
27.66282081604004
57.757564544677734
16.97237205505371
10.704248428344727
18.25088882446289
16.586118698120117
20.069515228271484
21.764616012573242
9.575279235839844
57.757564544677734
12.499492645263672
20.042085647583008
17.0023250579834
12.05694580078125
12.05694580078125
8.959415435791016
9.137031555175781
23.263744354248047
10.391223907470703
11.255830764770508
10.415746688842773
9.522176742553711
29.50218963623047
10.220699310302734
20.042085647583008
14.331846237182617
57.757564544677734
8.18497085571289
10.338390350341797
8.683465957641602
56.92166519165039
9.137031555175781
9.24151611328125
12.608699798583984
10.908405303955078
10.318458557128906
11.552488327026367
56.92166519165039
11.394607543945312
56.92166519165039
29.50218963623047
56.92166519165039
23.263744354248047
18.767362594604492
56.92166519165039
21.79444122314453
9.592639923095703
9.094930648803711
56.908409118652344
21.793092727661133
