121.2569580078125
126.92694091796875
31.595779418945312
122.11370849609375
126.92694091796875
16.28689193725586
121.01058959960938
13.940618515014648
20.17308807373047
13.550914764404297
7.970317840576172
28.43295669555664
21.050506591796875
21.050506591796875
9.045896530151367
6.304195404052734
7.176662445068359
21.338497161865234
21.338497161865234
28.43295669555664
31.2373046875
8.091915130615234
23.29296112060547
9.208747863769531
63.22289276123047
13.661174774169922
18.110448837280273
56.627933502197266
100.98970031738281
33.943756103515625
126.92694091796875
122.35032653808594
1.2424583435058594
116.36089324951172
114.82115173339844
115.84883117675781
114.82115173339844
108.8739013671875
164.01589965820312
50.800437927246094
97.47572326660156
63.90119934082031
81.99756622314453
255.8965301513672
151.51394653320312
162.48182678222656
24.748992919921875
11.727840423583984
12.146722793579102
15.154666900634766
14.309764862060547
15.22061538696289
17.66996192932129
20.340389251708984
26.621721267700195
19.404525756835938
12.27145767211914
13.814390182495117
17.256465911865234
13.563106536865234
21.26156997680664
24.02124786376953
15.986787796020508
27.852718353271484
19.39676284790039
9.370018005371094
27.883941650390625
14.122364044189453
17.48027992248535
6.508632659912109
9.607353210449219
36.338890075683594
21.347536087036133
21.347536087036133
21.347536087036133
36.338890075683594
36.338890075683594
26.874752044677734
26.874752044677734
10.300025939941406
10.300025939941406
36.338890075683594
21.314720153808594
30.206375122070312
35.29466247558594
14.192607879638672
21.347536087036133
5.111429214477539
25.22451400756836
19.058155059814453
11.519844055175781
8.177183151245117
11.091646194458008
8.444875717163086
14.192607879638672
7.933147430419922
9.078723907470703
21.011302947998047
17.48027992248535
17.48027992248535
17.48027992248535
17.256465911865234
16.540119171142578
14.564413070678711
14.49191665649414
36.338890075683594
12.560674667358398
9.607353210449219
9.607353210449219
36.338890075683594
27.894235610961914
21.913021087646484
11.80816650390625
17.48027992248535
17.256465911865234
24.953950881958008
17.48027992248535
14.192607879638672
6.284732818603516
13.391342163085938
16.453060150146484
17.94444465637207
17.256465911865234
11.37723159790039
11.492671966552734
17.141422271728516
23.684125900268555
10.909420013427734
26.044836044311523
18.872562408447266
5.821800231933594
25.51246452331543
17.256465911865234
17.48027992248535
14.013036727905273
21.082469940185547
11.681787490844727
20.125185012817383
18.318439483642578
10.789337158203125
17.256465911865234
7.882192611694336
25.94008445739746
172.8662872314453
78.11042785644531
127.4179458618164
138.223876953125
84.9593276977539
94.15125274658203
133.42510986328125
121.34759521484375
41.625572204589844
100.98970031738281
13.964950561523438
25.043865203857422
24.748992919921875
26.621721267700195
19.404525756835938
20.340389251708984
19.404525756835938
14.309764862060547
15.154666900634766
14.309764862060547
14.423789978027344
10.313962936401367
9.206815719604492
12.146722793579102
11.727840423583984
12.146722793579102
35.51361083984375
25.22451400756836
52.52284622192383
19.260360717773438
15.71066665649414
19.260360717773438
10.828567504882812
19.260360717773438
15.71066665649414
19.260360717773438
7.689603805541992
26.04153823852539
17.038288116455078
7.527166366577148
18.641925811767578
15.866695404052734
15.39310073852539
17.51755714416504
14.414525985717773
17.51755714416504
17.51755714416504
14.414525985717773
4.631359100341797
16.129085540771484
12.78911018371582
16.129085540771484
14.818782806396484
14.777183532714844
13.495903015136719
14.926219940185547
13.298152923583984
16.373394012451172
15.520448684692383
16.373394012451172
18.153564453125
23.121681213378906
18.153564453125
17.858104705810547
12.134788513183594
21.981657028198242
18.692485809326172
11.71755599975586
10.300025939941406
10.300025939941406
10.300025939941406
26.874752044677734
26.874752044677734
26.874752044677734
26.874752044677734
10.300025939941406
26.874752044677734
10.300025939941406
10.300025939941406
10.300025939941406
10.300025939941406
26.874752044677734
26.874752044677734
26.874752044677734
4.831897735595703
10.503416061401367
16.129085540771484
12.78911018371582
16.129085540771484
14.123947143554688
17.398418426513672
17.51755714416504
14.414525985717773
17.51755714416504
13.487091064453125
17.51755714416504
14.414525985717773
21.92131805419922
21.073549270629883
21.92131805419922
11.371562957763672
22.84729766845703
24.500106811523438
24.500106811523438
14.81153678894043
17.51755714416504
14.414525985717773
17.51755714416504
14.414525985717773
17.51755714416504
17.57817840576172
16.00362777709961
11.497579574584961
16.070444107055664
17.69939613342285
5.308032989501953
16.39493751525879
14.159828186035156
16.39493751525879
16.35232925415039
11.85125732421875
16.35232925415039
6.2028350830078125
11.675090789794922
16.107568740844727
14.098392486572266
21.04361915588379
16.39493751525879
14.159828186035156
16.39493751525879
25.020309448242188
21.050506591796875
25.020309448242188
18.289813995361328
19.788999557495117
16.35232925415039
11.85125732421875
16.35232925415039
16.35232925415039
11.85125732421875
17.51755714416504
14.414525985717773
23.67090606689453
11.212593078613281
16.070444107055664
17.69939613342285
16.070444107055664
17.51755714416504
11.900545120239258
16.0106201171875
24.55390167236328
16.0106201171875
23.289077758789062
17.957548141479492
23.289077758789062
23.289077758789062
30.206375122070312
21.314720153808594
30.206375122070312
30.206375122070312
21.314720153808594
42.780765533447266
14.53941535949707
14.020458221435547
19.62863540649414
17.83209228515625
19.62863540649414
19.058155059814453
25.22451400756836
19.058155059814453
16.171077728271484
13.753250122070312
16.644649505615234
17.670654296875
20.100143432617188
8.107860565185547
33.974449157714844
16.073097229003906
14.020458221435547
14.297096252441406
17.4458065032959
4.644966125488281
14.49191665649414
11.77950668334961
16.659534454345703
12.67129135131836
5.425025939941406
10.300025939941406
10.300025939941406
10.300025939941406
21.913272857666016
12.913177490234375
20.97079849243164
9.013053894042969
10.300025939941406
10.300025939941406
10.300025939941406
10.300025939941406
10.300025939941406
28.43295669555664
16.347801208496094
14.656305313110352
16.86843490600586
30.206375122070312
21.314720153808594
16.697154998779297
27.154096603393555
20.20631217956543
28.854244232177734
12.045618057250977
763.4779663085938
28.854244232177734
763.4779663085938
525.827880859375
2501.17626953125
763.4779663085938
763.4779663085938
763.4779663085938
763.4779663085938
11.590450286865234
763.4779663085938
763.4779663085938
763.4779663085938
763.4779663085938
763.4779663085938
763.4779663085938
763.4779663085938
763.4779663085938
763.4779663085938
763.4779663085938
28.597820281982422
660.2860717773438
28.854244232177734
763.4779663085938
763.4779663085938
28.597820281982422
763.4779663085938
763.4779663085938
763.4779663085938
28.597820281982422
763.4779663085938
763.4779663085938
34.275238037109375
763.4779663085938
763.4779663085938
28.597820281982422
21.319194793701172
13.950298309326172
763.4779663085938
763.4779663085938
28.597820281982422
763.4779663085938
763.4779663085938
763.4779663085938
28.597820281982422
763.4779663085938
763.4779663085938
763.4779663085938
763.4779663085938
28.597820281982422
13.318058013916016
8.925081253051758
763.4779663085938
12.039281845092773
13.292154312133789
763.4779663085938
28.597820281982422
763.4779663085938
763.4779663085938
763.4779663085938
763.4779663085938
28.597820281982422
13.780265808105469
9.664064407348633
763.4779663085938
763.4779663085938
28.597820281982422
34.47077178955078
763.4779663085938
763.4779663085938
12.908283233642578
8.029340744018555
21.433326721191406
4.730764389038086
763.4779663085938
763.4779663085938
28.597820281982422
71.48096466064453
71.48096466064453
16.584552764892578
11.875446319580078
71.48096466064453
28.597820281982422
71.48096466064453
71.48096466064453
28.597820281982422
64.3143081665039
64.3143081665039
21.319194793701172
10.745857238769531
64.3143081665039
64.3143081665039
18.20384979248047
14.868515014648438
18.20384979248047
25.38251495361328
28.597820281982422
61.01066589355469
61.01066589355469
16.21300506591797
21.077590942382812
28.597820281982422
61.01066589355469
61.01066589355469
14.50295639038086
18.904130935668945
5.361047744750977
61.01066589355469
77.386962890625
28.597820281982422
13.780265808105469
9.86246109008789
22.58812713623047
26.373897552490234
59.354888916015625
14.853965759277344
8.679588317871094
16.21300506591797
14.764129638671875
18.110448837280273
20.62949562072754
7.208854675292969
59.354888916015625
10.47874641418457
18.20384979248047
15.44388198852539
9.966865539550781
9.966865539550781
6.51361083984375
6.688957214355469
21.433326721191406
8.256309509277344
9.227872848510742
8.166900634765625
7.159610748291016
28.597820281982422
7.922710418701172
18.20384979248047
12.291812896728516
59.354888916015625
5.652067184448242
8.09542465209961
6.175331115722656
58.74353790283203
6.688957214355469
6.931415557861328
10.645759582519531
8.69259262084961
8.027872085571289
9.505525588989258
58.74353790283203
9.234819412231445
58.74353790283203
28.597820281982422
58.74353790283203
21.433326721191406
16.683961868286133
58.74353790283203
19.36098289489746
7.273317337036133
6.642278671264648
58.72849655151367
19.359661102294922
