-11.312019348144531
45.06589126586914
7486.89404296875
-30.01552963256836
-29.43407440185547
72.569091796875
7486.89404296875
-12.866413116455078
-22.957271575927734
-4.657032012939453
-20.199844360351562
16.293174743652344
-16.9598388671875
211.98727416992188
-17.10480499267578
3.303558349609375
7486.89404296875
-12.108810424804688
7486.89404296875
273.11578369140625
-32.96382141113281
-23.34912872314453
31.798538208007812
-12.412487030029297
-14.973674774169922
-34.34973907470703
-18.083324432373047
-34.06467056274414
-21.851551055908203
-28.722484588623047
8.943611145019531
-32.538307189941406
-21.851551055908203
-31.070789337158203
-5.977073669433594
-34.34973907470703
181.91619873046875
-21.851551055908203
-14.771137237548828
-20.22040557861328
-18.46668243408203
7486.89404296875
-27.70925521850586
7486.89404296875
-16.9598388671875
-20.040279388427734
604.8748779296875
7486.89404296875
2074.874755859375
-25.423606872558594
-14.973674774169922
1890.618408203125
-21.071975708007812
-8.431903839111328
-29.358779907226562
-14.617794036865234
-14.973674774169922
-25.368549346923828
-17.322525024414062
273.11578369140625
-21.7105712890625
-28.778827667236328
-14.771137237548828
5.774921417236328
-16.9598388671875
273.11578369140625
-14.973674774169922
7486.89404296875
44.85498046875
143.9293212890625
-23.42535400390625
254.85140991210938
-24.165592193603516
-23.53192138671875
-29.43407440185547
-26.695743560791016
253.1778564453125
-30.874431610107422
-23.300304412841797
273.03021240234375
-14.771137237548828
-36.16836929321289
-14.994758605957031
-31.070789337158203
8.589263916015625
-34.34973907470703
280.731201171875
-24.240554809570312
-14.771137237548828
1847.6038818359375
-28.308494567871094
-21.91802215576172
-34.34973907470703
-12.108810424804688
-16.9598388671875
9.34521484375
-14.62734603881836
-22.099822998046875
-26.091506958007812
-12.017932891845703
-29.19811248779297
-19.805015563964844
-14.771137237548828
-28.737075805664062
-11.687644958496094
-27.491451263427734
-29.19811248779297
273.11578369140625
-0.9518890380859375
2035.3095703125
7486.89404296875
-12.809799194335938
-5.977073669433594
253.1778564453125
-37.67151641845703
-14.973674774169922
280.731201171875
3179.897705078125
-23.710330963134766
7486.89404296875
-31.070789337158203
-24.92359161376953
7486.89404296875
-9.419322967529297
8.572059631347656
-25.101978302001953
-31.070789337158203
-16.247570037841797
-15.637943267822266
-27.858261108398438
247.37208557128906
-29.269474029541016
-27.354995727539062
-28.364757537841797
1692.5146484375
-16.312191009521484
-14.973674774169922
21.777870178222656
-25.52505874633789
313.40338134765625
-38.44646453857422
1017.0741577148438
-14.703899383544922
-23.406299591064453
2106.81005859375
-18.083324432373047
-32.3636474609375
-18.46668243408203
-38.44646453857422
-37.41531753540039
-36.94349670410156
-15.399295806884766
-28.737075805664062
-19.047531127929688
-1.9665908813476562
16.833911895751953
-34.34973907470703
-24.349685668945312
-14.973674774169922
7486.89404296875
-34.34973907470703
-22.256855010986328
3.303558349609375
-31.436614990234375
-34.34973907470703
-34.790069580078125
-14.973674774169922
-24.92359161376953
-1.0583267211914062
3754.143798828125
16.09119415283203
-5.977073669433594
-15.068675994873047
-25.101978302001953
11635.736328125
-31.62502670288086
-14.771137237548828
-14.771137237548828
-31.817829132080078
16.108230590820312
247.37208557128906
7486.89404296875
-23.747276306152344
143.74273681640625
-14.771137237548828
-34.34973907470703
-24.166656494140625
7486.89404296875
-21.91802215576172
-32.76838684082031
2275.513427734375
21.72124481201172
-23.019012451171875
-30.18628692626953
7486.89404296875
-18.862468719482422
-31.88031005859375
7486.89404296875
6652.52734375
2.0448760986328125
-35.38899230957031
-24.878707885742188
1738.7100830078125
-20.199844360351562
-30.174659729003906
1773.2169189453125
-39.75855255126953
59.14030838012695
7486.89404296875
-31.299476623535156
-28.08126449584961
-14.771137237548828
-28.178123474121094
-23.42535400390625
-14.771137237548828
-29.19811248779297
-26.869476318359375
7486.89404296875
27.626792907714844
-23.747276306152344
-31.101551055908203
-23.710330963134766
7486.89404296875
-24.92359161376953
-23.53192138671875
-4.7701263427734375
-34.34973907470703
-14.771137237548828
7486.89404296875
-31.070789337158203
-19.2608642578125
-14.617794036865234
-34.06467056274414
-9.018993377685547
-25.120250701904297
-28.743011474609375
-14.475395202636719
-11.491390228271484
-5.977073669433594
7486.89404296875
-33.425994873046875
-32.538307189941406
1819.1436767578125
-9.419322967529297
32.91416931152344
28386.1640625
247.37208557128906
-26.465133666992188
125.77747344970703
7486.89404296875
-13.605884552001953
-35.94651794433594
-14.771137237548828
-28.284809112548828
125.04000091552734
2275.513427734375
1837.534423828125
-32.538509368896484
-27.716190338134766
-34.34973907470703
-29.436874389648438
-14.973674774169922
-34.34973907470703
-30.174659729003906
7486.89404296875
-14.771137237548828
-28.033321380615234
-29.084732055664062
-31.070789337158203
-37.81025695800781
-14.771137237548828
-16.247570037841797
-21.7105712890625
-29.913890838623047
7486.89404296875
-31.86150360107422
-20.986324310302734
-22.809337615966797
-31.86150360107422
7486.89404296875
-18.892780303955078
91.63478088378906
-34.34973907470703
-15.637943267822266
-7.891353607177734
-23.196701049804688
-13.062240600585938
-27.726058959960938
-12.108810424804688
-31.101551055908203
-32.61710739135742
-38.44646453857422
-24.145538330078125
-30.951034545898438
-31.101551055908203
-5.920623779296875
191.04080200195312
254.85140991210938
-16.247116088867188
-25.101978302001953
-28.239990234375
-23.42535400390625
-34.34973907470703
-21.245956420898438
-34.34973907470703
-29.310752868652344
1536.80078125
-22.256855010986328
-20.199844360351562
-28.737075805664062
-14.771137237548828
-19.33108139038086
-36.94349670410156
-31.011234283447266
2418.2470703125
247.37208557128906
-27.354995727539062
-28.676040649414062
-31.188701629638672
-31.101551055908203
-32.96382141113281
-20.092090606689453
-31.070789337158203
-0.9346504211425781
1773.2169189453125
-29.19811248779297
7486.89404296875
-31.070789337158203
-34.34973907470703
7486.89404296875
3.303558349609375
253.1778564453125
7486.89404296875
-19.576087951660156
-5.977073669433594
359.9779968261719
273.11578369140625
-28.178123474121094
-18.315567016601562
7486.89404296875
2207.446533203125
-29.6080322265625
-23.42535400390625
-21.7105712890625
-28.01224136352539
116.82947540283203
51.89149475097656
-34.34973907470703
-31.070789337158203
-25.487823486328125
-14.973674774169922
7486.89404296875
-31.14006805419922
4.7007904052734375
-16.9598388671875
14.9364013671875
-24.48489761352539
7486.89404296875
27.616989135742188
-2.1534271240234375
-28.676040649414062
-30.747474670410156
-31.22595977783203
-28.873462677001953
-31.86150360107422
178.08709716796875
-5.977073669433594
-12.108810424804688
-11.687644958496094
1433.8056640625
44.0299072265625
2148.625
1943.77001953125
-30.2608642578125
-25.234481811523438
7486.89404296875
-32.538307189941406
-31.86150360107422
-28.284809112548828
-34.34973907470703
2.4439926147460938
-27.354995727539062
7.3662109375
7486.89404296875
-32.07188034057617
-10.063434600830078
-16.9598388671875
-20.226200103759766
7486.89404296875
280.731201171875
-14.145332336425781
-11.687644958496094
-31.663345336914062
-31.678329467773438
-31.074432373046875
1738.7100830078125
-23.75421905517578
-26.86923599243164
247.37208557128906
-21.098316192626953
2500.910400390625
-26.904830932617188
-22.00605010986328
-24.867565155029297
-31.101551055908203
-29.526126861572266
7486.89404296875
30.172271728515625
7486.89404296875
-18.315567016601562
280.731201171875
-23.53192138671875
-16.888744354248047
-24.349685668945312
-24.626178741455078
-32.07188034057617
7486.89404296875
-37.41531753540039
-25.543048858642578
-1.561126708984375
7486.89404296875
280.731201171875
-7.705192565917969
-31.101551055908203
253.1778564453125
-17.921585083007812
15.605361938476562
-0.9346504211425781
-35.52791213989258
1982.2498779296875
-18.483840942382812
-20.220977783203125
-42.97454833984375
-12.108810424804688
-34.28070068359375
-32.925750732421875
-22.256855010986328
-29.31640625
-27.721084594726562
44.091827392578125
-28.84597396850586
-29.02438735961914
-23.53192138671875
-14.771137237548828
254.85140991210938
-21.071975708007812
38.162689208984375
-31.070789337158203
-14.617794036865234
-6.4821929931640625
-30.174659729003906
-35.74220275878906
7486.89404296875
7486.89404296875
-31.101551055908203
7486.89404296875
910.89208984375
-18.46668243408203
5.6943359375
-28.178123474121094
-14.771137237548828
-29.637771606445312
-34.34973907470703
-16.9598388671875
-25.101978302001953
-29.364776611328125
7486.89404296875
35.78679656982422
-30.783538818359375
-23.300304412841797
-6.729148864746094
2275.513427734375
7486.89404296875
-19.806621551513672
7486.89404296875
-31.5745849609375
-31.86150360107422
-29.19811248779297
-32.785823822021484
-11.318550109863281
3.639129638671875
-14.771137237548828
-30.259815216064453
5499.62158203125
-29.526126861572266
-20.148929595947266
75.74417114257812
47.64190673828125
-20.12621307373047
-32.07188034057617
-29.19811248779297
1950.267333984375
-28.737075805664062
-22.373817443847656
-21.769001007080078
535.7025146484375
-24.879108428955078
-20.219024658203125
-29.084732055664062
-17.759891510009766
-25.368549346923828
-26.96160888671875
-12.851005554199219
-27.598243713378906
-30.663284301757812
-21.098316192626953
-24.165592193603516
7486.89404296875
-23.278263092041016
-20.040279388427734
7486.89404296875
-31.070789337158203
-37.41531753540039
-24.92359161376953
-23.406299591064453
-30.174659729003906
