-16.03472137451172
-23.63909912109375
-107.58846282958984
-14.942333221435547
-6.061214447021484
7.981071472167969
-107.58846282958984
-9.372875213623047
-38.13023376464844
3.1135406494140625
-22.229400634765625
-17.578784942626953
-32.26488494873047
-14.872020721435547
-11.262001037597656
-3.964569091796875
-107.58846282958984
-35.73833465576172
-107.58846282958984
-43.47682189941406
-33.21294021606445
-11.795394897460938
-35.56304931640625
-15.451545715332031
-20.726825714111328
-21.936050415039062
-25.015457153320312
-22.80522918701172
-29.664043426513672
-30.812877655029297
-43.30438995361328
-19.175865173339844
-29.664043426513672
-22.78338623046875
-27.546283721923828
-21.936050415039062
18.51238250732422
-29.664043426513672
-38.41435623168945
-16.707355499267578
-30.93850326538086
-107.58846282958984
-20.27605438232422
-107.58846282958984
-32.26488494873047
-16.593299865722656
-13.298320770263672
-107.58846282958984
-37.25952911376953
-21.43923568725586
-20.726825714111328
-22.858795166015625
-10.398635864257812
-2.4454116821289062
-24.102115631103516
-13.704906463623047
-20.726825714111328
-15.081520080566406
-24.359405517578125
-43.47682189941406
-21.27112579345703
-25.873794555664062
-38.41435623168945
-27.733436584472656
-32.26488494873047
-43.47682189941406
-20.726825714111328
-107.58846282958984
-8.292022705078125
-27.684673309326172
-28.334800720214844
-44.49973678588867
-17.298824310302734
-27.187641143798828
-6.061214447021484
-20.22559356689453
-45.61078643798828
-24.210548400878906
-30.162357330322266
-43.46626663208008
-38.41435623168945
-28.181774139404297
-18.354843139648438
-22.78338623046875
-16.202030181884766
-21.936050415039062
-32.92131805419922
-5.593467712402344
-38.41435623168945
-36.977088928222656
-32.73149871826172
-17.49797821044922
-21.936050415039062
-35.73833465576172
-32.26488494873047
-49.60558319091797
-17.02859878540039
-22.90875244140625
-10.425277709960938
-25.940853118896484
-24.332962036132812
-23.86520767211914
-38.41435623168945
-14.937347412109375
-33.63914489746094
-20.665023803710938
-24.332962036132812
-43.47682189941406
-19.92261505126953
-38.20256805419922
-107.58846282958984
-1.8869171142578125
-27.546283721923828
-45.61078643798828
-29.415897369384766
-20.726825714111328
-32.92131805419922
-32.23504638671875
-8.447685241699219
-107.58846282958984
-22.78338623046875
-41.717689514160156
-107.58846282958984
-6.543178558349609
-1.4463539123535156
-13.628059387207031
-22.78338623046875
-7.195522308349609
-11.216865539550781
-21.177459716796875
-45.373199462890625
-27.582149505615234
-8.502571105957031
-3.6191329956054688
-28.71337890625
6.879981994628906
-20.726825714111328
-5.1317901611328125
-27.152706146240234
-4.770992279052734
-22.162841796875
-19.48255157470703
-9.480186462402344
-37.594207763671875
-38.88223648071289
-25.015457153320312
-28.29730224609375
-30.93850326538086
-22.162841796875
-49.48418426513672
-26.86687469482422
-25.036483764648438
-14.937347412109375
-28.320117950439453
-41.54602813720703
11.055221557617188
-21.936050415039062
-29.41916275024414
-20.726825714111328
-107.58846282958984
-21.936050415039062
0.6140785217285156
-3.964569091796875
-22.711334228515625
-21.936050415039062
-21.020309448242188
-20.726825714111328
-41.717689514160156
-10.12060546875
169.72616577148438
-1.4665870666503906
-27.546283721923828
8.059135437011719
-13.628059387207031
-66.85719299316406
-25.963546752929688
-38.41435623168945
-38.41435623168945
-32.91352081298828
-15.824424743652344
-45.373199462890625
-107.58846282958984
-1.4685554504394531
-16.675609588623047
-38.41435623168945
-21.936050415039062
-31.683380126953125
-107.58846282958984
-17.49797821044922
-30.667041778564453
-37.265357971191406
15.141487121582031
-38.19493103027344
-31.501285552978516
-107.58846282958984
-4.111179351806641
-30.961509704589844
-107.58846282958984
-18.426910400390625
-16.59998321533203
-25.069564819335938
-0.17736053466796875
-34.333106994628906
-22.229400634765625
-37.35053253173828
-32.35079574584961
-20.299392700195312
-0.41640472412109375
-107.58846282958984
-34.25666809082031
-31.873973846435547
-38.41435623168945
-28.751419067382812
-28.334800720214844
-38.41435623168945
-24.332962036132812
-26.216796875
-107.58846282958984
-16.581600189208984
-1.4685554504394531
-18.435951232910156
-8.447685241699219
-107.58846282958984
-41.717689514160156
-27.187641143798828
11.411705017089844
-21.936050415039062
-38.41435623168945
-107.58846282958984
-22.78338623046875
7.952423095703125
-13.704906463623047
-22.80522918701172
-3.938404083251953
-14.36185073852539
-21.521198272705078
-23.54586410522461
-25.108978271484375
-27.546283721923828
-107.58846282958984
-35.00674057006836
-19.175865173339844
-28.113758087158203
-6.543178558349609
30.439735412597656
-74.47724914550781
-45.373199462890625
-31.89877700805664
-16.420883178710938
-107.58846282958984
-7.2209014892578125
-27.20166015625
-38.41435623168945
-22.249942779541016
11.45831298828125
-37.265357971191406
-26.665199279785156
-27.77387237548828
-30.18317413330078
-21.936050415039062
-27.08401870727539
-20.726825714111328
-21.936050415039062
-37.35053253173828
-107.58846282958984
-38.41435623168945
-31.944538116455078
-24.007102966308594
-22.78338623046875
-17.161849975585938
-38.41435623168945
-7.195522308349609
-21.27112579345703
-8.768875122070312
-107.58846282958984
-25.743755340576172
-15.80682373046875
-13.924613952636719
-25.743755340576172
-107.58846282958984
-22.05164337158203
13.039482116699219
-21.936050415039062
-11.216865539550781
5.3263092041015625
-23.59381866455078
-17.121387481689453
-20.406829833984375
-35.73833465576172
-18.435951232910156
-26.779407501220703
-22.162841796875
-20.971229553222656
-14.383895874023438
-18.435951232910156
-13.52768325805664
-18.891258239746094
-44.49973678588867
-15.715538024902344
-13.628059387207031
-24.871719360351562
-28.334800720214844
-21.936050415039062
-42.35509490966797
-21.936050415039062
-30.747283935546875
-25.07324981689453
0.6140785217285156
-22.229400634765625
-14.937347412109375
-38.41435623168945
-10.42599105834961
-26.86687469482422
-21.48101806640625
-39.072872161865234
-45.373199462890625
-8.502571105957031
-14.425285339355469
-2.2123794555664062
-18.435951232910156
-33.21294021606445
-17.833065032958984
-22.78338623046875
-17.30481719970703
-32.35079574584961
-24.332962036132812
-107.58846282958984
-22.78338623046875
-21.936050415039062
-107.58846282958984
-3.964569091796875
-45.61078643798828
-107.58846282958984
-28.6593017578125
-27.546283721923828
-25.938514709472656
-43.47682189941406
-28.751419067382812
-1.6215324401855469
-107.58846282958984
-39.18778610229492
-24.087181091308594
-28.334800720214844
-21.27112579345703
-18.200275421142578
0.2555732727050781
1.5414619445800781
-21.936050415039062
-22.78338623046875
-26.20807647705078
-20.726825714111328
-107.58846282958984
-14.032962799072266
-42.27631378173828
-32.26488494873047
-2.1121826171875
-38.158382415771484
-107.58846282958984
-16.13836669921875
30.110580444335938
-14.425285339355469
-1.2744903564453125
-28.720928192138672
-28.50973892211914
-25.743755340576172
-29.51361846923828
-27.546283721923828
-35.73833465576172
-33.63914489746094
-19.30617904663086
-10.027679443359375
-39.13058853149414
-21.7384033203125
-6.5509185791015625
-4.6763763427734375
-107.58846282958984
-19.175865173339844
-25.743755340576172
-22.249942779541016
-21.936050415039062
-26.719970703125
-8.502571105957031
-26.5447998046875
-107.58846282958984
-19.80071258544922
-6.575752258300781
-32.26488494873047
-23.895164489746094
-107.58846282958984
-32.92131805419922
-1.4412918090820312
-33.63914489746094
-31.098346710205078
-20.95754623413086
-22.031585693359375
-34.333106994628906
-26.835853576660156
-20.96271514892578
-45.373199462890625
-5.246120452880859
-38.963008880615234
-16.79678726196289
-14.365501403808594
-27.316200256347656
-18.435951232910156
-26.877662658691406
-107.58846282958984
-21.682273864746094
-107.58846282958984
-1.6215324401855469
-32.92131805419922
-27.187641143798828
-1.3053932189941406
-29.41916275024414
-33.13667678833008
-19.80071258544922
-107.58846282958984
-49.48418426513672
-23.368133544921875
-40.20301818847656
-107.58846282958984
-32.92131805419922
29.21808624267578
-18.435951232910156
-45.61078643798828
-22.96212387084961
-41.79616928100586
-17.30481719970703
-34.32353210449219
-36.53778076171875
-10.82196044921875
-15.382801055908203
-6.662223815917969
-35.73833465576172
-30.219738006591797
-27.522266387939453
0.6140785217285156
-30.703689575195312
-15.851337432861328
-25.60022735595703
-37.1317024230957
-31.223018646240234
-27.187641143798828
-38.41435623168945
-44.49973678588867
-10.398635864257812
-11.231094360351562
-22.78338623046875
-13.704906463623047
-46.653541564941406
-37.35053253173828
-30.617813110351562
-107.58846282958984
-107.58846282958984
-18.435951232910156
-107.58846282958984
-27.575462341308594
-30.93850326538086
-27.850624084472656
-28.751419067382812
-38.41435623168945
-31.294994354248047
-21.936050415039062
-32.26488494873047
-13.628059387207031
-23.679000854492188
-107.58846282958984
-12.662918090820312
-25.834854125976562
-30.162357330322266
4.303577423095703
-37.265357971191406
-107.58846282958984
11.0201416015625
-107.58846282958984
-28.543289184570312
-25.743755340576172
-24.332962036132812
-20.078731536865234
-4.484851837158203
-47.15325927734375
-38.41435623168945
-11.342033386230469
-26.0682373046875
-26.877662658691406
-8.700370788574219
-37.54106903076172
-43.00673294067383
-2.6584548950195312
-19.80071258544922
-24.332962036132812
-38.242923736572266
-14.937347412109375
-32.066383361816406
-15.53558349609375
-6.53936767578125
-0.18230438232421875
-11.73019790649414
-24.007102966308594
-20.111228942871094
-15.081520080566406
-21.53301239013672
-21.49228286743164
-30.671077728271484
-26.396072387695312
-5.246120452880859
-17.298824310302734
-107.58846282958984
-6.194545745849609
-16.593299865722656
-107.58846282958984
-22.78338623046875
-49.48418426513672
-41.717689514160156
-37.594207763671875
-37.35053253173828
