32.32194137573242
35.5499382019043
37.43559646606445
34.058101654052734
34.05685043334961
34.21432113647461
29.384824752807617
43.408836364746094
36.44319152832031
33.63608932495117
30.15387535095215
31.184118270874023
36.62254333496094
30.634252548217773
33.86556625366211
32.085182189941406
38.460899353027344
33.53902816772461
29.25753402709961
36.24423599243164
40.054359436035156
40.08591079711914
40.57132339477539
36.44319152832031
32.70343780517578
30.153966903686523
29.906692504882812
39.75802230834961
35.789920806884766
31.862062454223633
30.114608764648438
34.54986572265625
35.73199462890625
34.311458587646484
34.39840316772461
32.13262176513672
36.44319152832031
49.767147064208984
44.984649658203125
37.30573272705078
31.99181365966797
33.43729019165039
32.51124954223633
29.68940544128418
30.27365493774414
32.086181640625
30.704639434814453
32.35296630859375
33.346534729003906
33.25360870361328
33.2667236328125
40.183658599853516
34.07007598876953
37.853248596191406
36.95399475097656
31.501846313476562
34.39840316772461
34.54986572265625
34.375492095947266
40.70985412597656
29.63845443725586
42.379310607910156
35.23700714111328
35.5499382019043
39.70090103149414
33.74955368041992
35.447174072265625
36.526405334472656
39.00764846801758
34.39840316772461
35.625980377197266
41.50764465332031
40.31193161010742
35.22309112548828
33.279258728027344
35.157405853271484
71.15440368652344
34.063262939453125
37.712284088134766
48.8680534362793
32.40363693237305
37.019100189208984
40.03046417236328
33.702457427978516
39.70090103149414
34.63093185424805
29.609203338623047
32.74418640136719
39.35416030883789
39.86375045776367
32.74522018432617
43.408836364746094
35.937808990478516
42.379310607910156
35.983768463134766
33.39365005493164
38.201908111572266
35.23700714111328
40.08591079711914
40.054359436035156
34.8011360168457
31.086669921875
37.27457046508789
33.47865676879883
39.03022766113281
34.201473236083984
31.137697219848633
32.40348434448242
34.36870193481445
30.558216094970703
69.20878601074219
34.63093185424805
32.636993408203125
32.02032470703125
40.7579345703125
36.425437927246094
32.636993408203125
34.516204833984375
30.920217514038086
30.166627883911133
36.44515609741211
39.86375045776367
30.52327537536621
34.49602127075195
40.57132339477539
37.21389389038086
29.481964111328125
40.054359436035156
37.06679153442383
33.85805130004883
32.599609375
29.823986053466797
35.73199462890625
30.128253936767578
34.35883712768555
34.243465423583984
34.04927444458008
34.76620101928711
32.73585891723633
32.78898239135742
37.342796325683594
29.390016555786133
36.495697021484375
33.39365005493164
37.93635940551758
29.550472259521484
33.702457427978516
45.56878662109375
33.07175827026367
32.086181640625
33.50520706176758
40.57132339477539
34.38734817504883
36.425437927246094
38.058902740478516
38.02787399291992
34.36001968383789
31.501846313476562
29.464004516601562
32.874813079833984
34.516204833984375
37.58907699584961
34.25627899169922
37.27457046508789
33.52863311767578
30.57225799560547
30.8988094329834
34.67939376831055
34.54986572265625
42.379310607910156
31.930009841918945
35.73199462890625
30.595252990722656
34.854305267333984
39.86375045776367
37.489105224609375
34.306175231933594
55.832794189453125
40.5192985534668
31.501379013061523
39.32747268676758
33.41495132446289
37.69985580444336
40.183658599853516
43.408836364746094
48.58830261230469
40.3720588684082
42.379310607910156
38.55876541137695
43.408836364746094
29.550472259521484
34.8011360168457
29.931182861328125
30.97593879699707
33.75094985961914
29.821992874145508
40.5192985534668
35.274505615234375
34.39840316772461
35.10514831542969
34.39840316772461
31.935195922851562
35.69829177856445
37.27457046508789
34.18095016479492
33.39365005493164
43.408836364746094
49.84170150756836
31.501846313476562
45.596153259277344
33.773048400878906
39.86375045776367
31.557764053344727
32.99452209472656
32.96175765991211
32.16053009033203
39.4259147644043
38.55876541137695
35.54414749145508
34.30398178100586
31.526823043823242
42.379310607910156
37.96714782714844
32.0059928894043
32.063873291015625
39.09284973144531
39.70090103149414
47.77986145019531
36.874324798583984
32.78898239135742
32.1431999206543
34.516204833984375
35.73199462890625
37.56439971923828
29.694866180419922
36.50733184814453
40.239105224609375
37.47144317626953
31.833614349365234
39.4259147644043
33.48094940185547
31.501846313476562
42.32661819458008
29.807151794433594
31.051570892333984
39.70090103149414
30.106258392333984
35.625980377197266
58.94259262084961
29.905630111694336
30.166627883911133
39.30177307128906
31.088306427001953
31.862260818481445
32.381195068359375
32.32194137573242
33.39365005493164
33.47865676879883
35.97225570678711
36.91612243652344
42.12562942504883
37.114990234375
30.917016983032227
32.99452209472656
39.70090103149414
31.040748596191406
35.12982177734375
37.9404182434082
33.90371322631836
31.378070831298828
36.44319152832031
40.10013198852539
30.06039047241211
30.978351593017578
33.47865676879883
32.54551696777344
34.04927444458008
32.58985137939453
40.70985412597656
32.701324462890625
34.39840316772461
36.715232849121094
38.02787399291992
29.78128433227539
30.48003578186035
32.02898025512695
32.32194137573242
32.086181640625
32.701324462890625
35.82831573486328
35.69829177856445
40.57132339477539
34.49602127075195
37.93635940551758
32.636993408203125
33.855140686035156
35.03471374511719
32.40348434448242
33.305023193359375
30.164785385131836
33.643672943115234
36.80488204956055
33.33724594116211
34.191383361816406
32.38230895996094
33.48094940185547
34.854305267333984
39.34346008300781
38.460899353027344
31.862062454223633
32.70343780517578
33.75094985961914
29.550472259521484
34.8011360168457
34.022762298583984
35.5499382019043
32.636993408203125
33.47865676879883
29.06028175354004
30.978351593017578
40.183658599853516
40.57132339477539
37.175018310546875
29.459787368774414
38.02787399291992
36.44319152832031
37.853248596191406
35.67983627319336
43.408836364746094
30.978351593017578
39.95861053466797
34.063262939453125
36.749053955078125
38.460899353027344
31.81938934326172
34.8011360168457
38.35033416748047
34.311458587646484
33.86556625366211
31.151844024658203
35.54414749145508
39.70090103149414
38.201908111572266
35.03471374511719
40.57132339477539
33.95545196533203
39.70090103149414
37.9404182434082
34.585968017578125
34.36001968383789
34.54986572265625
31.557764053344727
37.652366638183594
34.726314544677734
40.12112808227539
31.899810791015625
31.862260818481445
33.47865676879883
42.83772659301758
34.54986572265625
34.8011360168457
42.83772659301758
33.22855758666992
29.640409469604492
37.75572204589844
36.50733184814453
38.02787399291992
39.43954086303711
29.69774627685547
38.44000244140625
35.39778137207031
39.02118682861328
33.105018615722656
34.54986572265625
38.19961929321289
41.207637786865234
32.43824005126953
30.7564697265625
31.862062454223633
34.93106460571289
29.027328491210938
34.53484344482422
34.39840316772461
36.495697021484375
42.73526382446289
38.71815872192383
35.056278228759766
34.549400329589844
35.98350524902344
39.701107025146484
42.837650299072266
34.07086181640625
30.193626403808594
39.86404037475586
38.0279426574707
38.61292266845703
38.270503997802734
47.64277648925781
32.703521728515625
33.393531799316406
41.50079345703125
41.799415588378906
35.15730285644531
41.491615295410156
41.799415588378906
33.974037170410156
41.51478576660156
33.52649688720703
35.305030822753906
30.887636184692383
30.26101303100586
34.80449676513672
40.70985412597656
40.70985412597656
28.978050231933594
29.329307556152344
28.97711944580078
35.44136428833008
35.44136428833008
34.80449676513672
42.23115158081055
29.486631393432617
34.2037353515625
29.778684616088867
146.72103881835938
31.004125595092773
35.515724182128906
45.74871063232422
40.49998092651367
36.85139465332031
41.799415588378906
41.54120635986328
36.526405334472656
41.25135803222656
41.574195861816406
41.238956451416016
41.574195861816406
37.817962646484375
44.28895950317383
38.696937561035156
40.329322814941406
39.04914855957031
41.72515106201172
45.89451599121094
42.2516975402832
44.05657196044922
40.78971481323242
33.89869689941406
35.07910919189453
32.97411346435547
34.31615447998047
55.021400451660156
31.369213104248047
34.98591613769531
41.59681701660156
34.80437469482422
30.827991485595703
32.43632888793945
32.736141204833984
31.596263885498047
32.52241897583008
44.254512786865234
32.19062042236328
55.078556060791016
32.471046447753906
31.18538475036621
38.182212829589844
34.26587677001953
32.155818939208984
30.778644561767578
29.41529655456543
33.24565124511719
32.3917350769043
32.3917350769043
32.3917350769043
33.24565124511719
33.24565124511719
41.39952850341797
41.39952850341797
32.64481735229492
32.64481735229492
33.24565124511719
41.3369140625
43.269126892089844
34.160037994384766
31.86617660522461
32.3917350769043
29.858829498291016
42.47541427612305
39.49848556518555
30.606590270996094
30.74771499633789
32.14371871948242
30.752098083496094
31.86617660522461
30.758094787597656
30.46595001220703
30.131364822387695
32.155818939208984
32.155818939208984
32.155818939208984
32.736141204833984
32.30197525024414
32.78057861328125
32.2412223815918
33.24565124511719
30.524169921875
29.41529655456543
29.41529655456543
33.24565124511719
57.674705505371094
52.13968276977539
54.36458206176758
32.155818939208984
32.736141204833984
36.21066665649414
32.155818939208984
31.86617660522461
30.578947067260742
33.36686706542969
32.980350494384766
33.392730712890625
32.736141204833984
32.090755462646484
55.249656677246094
31.87197494506836
43.44908142089844
31.273439407348633
44.34002685546875
31.650482177734375
30.625789642333984
37.86182403564453
32.736141204833984
32.155818939208984
31.663829803466797
34.56077194213867
31.808307647705078
37.17390060424805
36.780731201171875
30.5018310546875
32.736141204833984
30.819482803344727
34.259891510009766
42.657562255859375
37.174476623535156
41.791893005371094
42.39937210083008
39.95240783691406
37.62952423095703
42.18571090698242
41.82526397705078
37.05521011352539
40.49998092651367
33.63648223876953
39.72562789916992
40.78971481323242
41.59681701660156
34.80437469482422
34.98591613769531
34.80437469482422
34.31615447998047
32.97411346435547
34.31615447998047
31.291738510131836
32.02650833129883
30.667362213134766
35.07910919189453
33.89869689941406
35.07910919189453
97.73902893066406
42.47541427612305
168.175048828125
34.18205642700195
32.5682373046875
34.18205642700195
30.167123794555664
34.18205642700195
32.5682373046875
34.18205642700195
30.39157485961914
33.739315032958984
31.43670654296875
29.576187133789062
37.091339111328125
36.626869201660156
37.489280700683594
38.40237045288086
34.97599792480469
38.40237045288086
38.40237045288086
34.97599792480469
28.722198486328125
34.87126922607422
32.508575439453125
34.87126922607422
69.59049987792969
65.36386108398438
69.52268981933594
62.542625427246094
65.23855590820312
35.82831573486328
32.285560607910156
35.82831573486328
35.48796844482422
38.97976303100586
35.48796844482422
49.102867126464844
30.475065231323242
40.21039581298828
36.31866455078125
33.92070007324219
32.64481735229492
32.64481735229492
32.64481735229492
41.39952850341797
41.39952850341797
41.39952850341797
41.39952850341797
32.64481735229492
41.39952850341797
32.64481735229492
32.64481735229492
32.64481735229492
32.64481735229492
41.39952850341797
41.39952850341797
41.39952850341797
29.039905548095703
31.767284393310547
34.87126922607422
32.508575439453125
34.87126922607422
53.8065185546875
31.103126525878906
38.40237045288086
34.97599792480469
38.40237045288086
46.84828567504883
38.40237045288086
34.97599792480469
39.70737075805664
38.90023422241211
39.70737075805664
31.696426391601562
35.68701171875
36.766868591308594
36.766868591308594
30.434566497802734
38.40237045288086
34.97599792480469
38.40237045288086
34.97599792480469
38.40237045288086
41.07896423339844
31.23556137084961
30.286470413208008
41.02333068847656
38.6815299987793
30.126853942871094
37.622901916503906
34.76348876953125
37.622901916503906
35.983768463134766
34.39522171020508
35.983768463134766
31.313793182373047
34.196285247802734
32.779720306396484
34.09632110595703
31.601430892944336
37.622901916503906
34.76348876953125
37.622901916503906
41.41073989868164
40.70985412597656
41.41073989868164
36.498863220214844
31.447025299072266
35.983768463134766
34.39522171020508
35.983768463134766
35.983768463134766
34.39522171020508
38.40237045288086
34.97599792480469
31.889602661132812
32.371822357177734
41.02333068847656
38.6815299987793
41.02333068847656
38.40237045288086
30.421062469482422
36.090877532958984
33.61071014404297
36.090877532958984
36.59337615966797
32.59852600097656
36.59337615966797
36.59337615966797
43.269126892089844
41.3369140625
43.269126892089844
43.269126892089844
41.3369140625
41.697879791259766
33.8495979309082
33.49021911621094
34.123111724853516
33.651893615722656
34.123111724853516
39.49848556518555
42.47541427612305
39.49848556518555
31.36240005493164
31.923734664916992
33.477298736572266
33.047027587890625
34.139549255371094
31.852846145629883
33.36779022216797
33.866519927978516
33.49021911621094
33.6688232421875
30.65131187438965
28.862382888793945
32.2412223815918
31.197904586791992
34.99750900268555
30.051227569580078
28.607501983642578
32.64481735229492
32.64481735229492
32.64481735229492
35.27739334106445
34.85878372192383
37.71040344238281
29.865509033203125
32.64481735229492
32.64481735229492
32.64481735229492
32.64481735229492
32.64481735229492
34.80449676513672
32.659332275390625
32.301002502441406
32.24452590942383
43.269126892089844
41.3369140625
29.56673812866211
34.76620101928711
34.21937561035156
41.953758239746094
30.979293823242188
49.989810943603516
41.953758239746094
49.989810943603516
65.97935485839844
60.37773895263672
49.989810943603516
49.989810943603516
49.989810943603516
49.989810943603516
35.770694732666016
49.989810943603516
49.989810943603516
49.989810943603516
49.989810943603516
49.989810943603516
49.989810943603516
49.989810943603516
49.989810943603516
49.989810943603516
49.989810943603516
34.223411560058594
54.3995361328125
41.953758239746094
49.989810943603516
49.989810943603516
34.223411560058594
49.989810943603516
49.989810943603516
49.989810943603516
34.223411560058594
49.989810943603516
49.989810943603516
35.538902282714844
49.989810943603516
49.989810943603516
34.223411560058594
38.85637664794922
31.444963455200195
49.989810943603516
49.989810943603516
34.223411560058594
49.989810943603516
49.989810943603516
49.989810943603516
34.223411560058594
49.989810943603516
49.989810943603516
49.989810943603516
49.989810943603516
34.223411560058594
33.460391998291016
29.829240798950195
49.989810943603516
31.29256820678711
31.54368019104004
49.989810943603516
34.223411560058594
49.989810943603516
49.989810943603516
49.989810943603516
49.989810943603516
34.223411560058594
35.1189079284668
30.546390533447266
49.989810943603516
49.989810943603516
34.223411560058594
30.51376724243164
49.989810943603516
49.989810943603516
30.913057327270508
29.37177276611328
42.12470245361328
30.761981964111328
49.989810943603516
49.989810943603516
34.223411560058594
37.926212310791016
37.926212310791016
34.94108200073242
30.53734588623047
37.926212310791016
34.223411560058594
37.926212310791016
37.926212310791016
34.223411560058594
37.14888000488281
37.14888000488281
38.85637664794922
31.459651947021484
37.14888000488281
37.14888000488281
37.79201889038086
32.233577728271484
37.79201889038086
31.430892944335938
34.223411560058594
36.79282760620117
36.79282760620117
37.455299377441406
32.523563385009766
34.223411560058594
36.79282760620117
36.79282760620117
35.1021728515625
31.653526306152344
30.311325073242188
36.79282760620117
37.78923416137695
34.223411560058594
35.1189079284668
30.01272201538086
34.22093963623047
36.625152587890625
36.56332778930664
34.548011779785156
29.301837921142578
37.455299377441406
30.308767318725586
35.515724182128906
32.96407699584961
29.216686248779297
36.56332778930664
28.81669044494629
37.79201889038086
31.267776489257812
29.48947525024414
29.48947525024414
29.13275718688965
29.381582260131836
42.12470245361328
30.489656448364258
29.22585678100586
29.540361404418945
29.105112075805664
34.223411560058594
29.441225051879883
37.79201889038086
30.63101577758789
36.56332778930664
29.322952270507812
29.36188316345215
29.42583465576172
36.353370666503906
29.381582260131836
30.58538818359375
29.764854431152344
29.39373779296875
29.17765998840332
29.33502197265625
36.353370666503906
29.154129028320312
36.353370666503906
34.223411560058594
36.353370666503906
42.12470245361328
31.025341033935547
36.353370666503906
39.456233978271484
28.616222381591797
29.253524780273438
36.353355407714844
39.45552062988281
34.558868408203125
35.28159713745117
37.336605072021484
36.72252655029297
36.39860153198242
36.39860153198242
114.93513488769531
36.39860153198242
36.72252655029297
36.39860153198242
33.409461975097656
33.45995330810547
32.583580017089844
30.738527297973633
77.08515930175781
36.39860153198242
36.39860153198242
36.39860153198242
36.39860153198242
36.39860153198242
36.39860153198242
36.39860153198242
36.39860153198242
40.908958435058594
36.39860153198242
36.39860153198242
36.39860153198242
36.39860153198242
36.39860153198242
36.39860153198242
36.39860153198242
36.39860153198242
36.39860153198242
36.39860153198242
36.39860153198242
36.39860153198242
36.39860153198242
36.39860153198242
36.39860153198242
36.39860153198242
36.39860153198242
36.39860153198242
36.39860153198242
36.39860153198242
36.39860153198242
36.39860153198242
36.39860153198242
36.39860153198242
36.39860153198242
36.39860153198242
36.39860153198242
36.39860153198242
36.39860153198242
36.39860153198242
36.39860153198242
36.39860153198242
36.39860153198242
36.39860153198242
36.39860153198242
36.39860153198242
36.39860153198242
36.39860153198242
36.39860153198242
36.39860153198242
36.39860153198242
36.39860153198242
36.39860153198242
36.39860153198242
36.39860153198242
36.39860153198242
36.39860153198242
36.39860153198242
36.39860153198242
36.39860153198242
36.39860153198242
36.39860153198242
36.39860153198242
36.39860153198242
36.39860153198242
36.39860153198242
36.39860153198242
36.39860153198242
36.39860153198242
36.39860153198242
31.10402488708496
32.361385345458984
30.727174758911133
42.23115158081055
38.18841552734375
37.03804397583008
33.88615798950195
37.03804397583008
33.88615798950195
70.77106475830078
70.1700439453125
64.34306335449219
57.926692962646484
30.900375366210938
35.82087326049805
29.771705627441406
29.827392578125
32.361385345458984
30.508712768554688
32.659332275390625
32.301002502441406
35.82087326049805
30.703378677368164
32.659332275390625
30.997783660888672
32.64906692504883
31.62531089782715
31.69366455078125
36.48564910888672
35.82087326049805
30.66077423095703
28.718555450439453
37.03804397583008
33.88615798950195
31.392778396606445
37.03804397583008
33.88615798950195
31.392778396606445
32.98427200317383
36.50312805175781
36.06664276123047
31.086923599243164
32.659332275390625
32.301002502441406
31.02488136291504
36.50312805175781
36.06664276123047
32.532352447509766
36.50312805175781
36.06664276123047
32.532352447509766
37.3162841796875
35.44136428833008
35.44136428833008
35.44136428833008
34.931068420410156
34.66659164428711
36.50312805175781
36.06664276123047
32.532352447509766
32.659332275390625
32.301002502441406
32.24452590942383
36.50312805175781
36.06664276123047
32.532352447509766
36.50312805175781
32.9796257019043
31.695838928222656
32.8848991394043
32.874813079833984
32.40387725830078
32.57009506225586
28.977563858032227
32.874813079833984
32.40387725830078
43.269126892089844
41.3369140625
43.269126892089844
43.269126892089844
41.3369140625
144.24649047851562
32.75006103515625
29.371522903442383
31.710180282592773
36.06664276123047
32.532352447509766
28.607501983642578
36.28157043457031
35.426910400390625
36.28157043457031
35.28214645385742
39.278621673583984
37.093692779541016
33.445343017578125
39.278621673583984
37.093692779541016
39.278621673583984
34.001094818115234
34.196285247802734
32.779720306396484
34.09632110595703
30.147764205932617
33.8495979309082
32.85160827636719
33.866519927978516
33.49021911621094
33.6688232421875
33.49021911621094
34.123111724853516
33.651893615722656
34.123111724853516
34.31615447998047
32.97411346435547
34.31615447998047
35.07910919189453
33.89869689941406
35.07910919189453
32.874813079833984
32.40387725830078
28.92129898071289
35.759708404541016
100.73030853271484
39.49848937988281
42.47541427612305
39.49848937988281
29.937185287475586
33.303104400634766
29.53863525390625
32.2412223815918
34.31343460083008
34.99750900268555
39.278621673583984
37.093692779541016
44.59199523925781
36.13911437988281
36.99385452270508
33.741817474365234
30.754638671875
57.1541748046875
28.775304794311523
31.20315933227539
35.587860107421875
33.236087799072266
37.650657653808594
37.530757904052734
39.555824279785156
37.627132415771484
55.690948486328125
29.631771087646484
28.95992660522461
29.403642654418945
30.05978775024414
30.549156188964844
34.87127685546875
32.508575439453125
34.87127685546875
35.347694396972656
28.52203369140625
34.139549255371094
33.6355094909668
33.477298736572266
30.02999496459961
46.99891662597656
37.17390060424805
36.780731201171875
31.704822540283203
29.41543960571289
34.18205642700195
32.5682373046875
34.18205642700195
30.262651443481445
38.40237045288086
34.97599792480469
38.40237045288086
38.40237045288086
34.97599792480469
38.90670394897461
38.72055435180664
38.90670394897461
38.40237045288086
34.97599792480469
38.40237045288086
33.17304992675781
32.50965118408203
32.943199157714844
38.40237045288086
34.97599792480469
47.56574249267578
38.40237045288086
34.97599792480469
38.40237045288086
36.67315673828125
29.600252151489258
36.67315673828125
38.40237045288086
34.97599792480469
38.40237045288086
34.97599792480469
38.40237045288086
46.88666534423828
33.37109375
32.87052917480469
32.95405197143555
41.59681701660156
39.01791000366211
38.735965728759766
30.018798828125
46.20622634887695
30.79466438293457
35.34394836425781
41.02333068847656
38.68152618408203
41.02333068847656
41.41073989868164
40.70985412597656
41.41073989868164
37.622901916503906
34.76348876953125
37.622901916503906
33.938472747802734
66.11693572998047
30.703094482421875
33.737979888916016
35.0041389465332
33.737979888916016
51.782264709472656
38.40237045288086
34.97599792480469
37.03804397583008
33.88615798950195
36.0523567199707
38.40237045288086
34.97599792480469
37.622901916503906
34.76348876953125
37.622901916503906
45.562355041503906
35.983768463134766
34.39522171020508
35.983768463134766
34.196285247802734
32.779720306396484
34.09632110595703
29.83841323852539
35.983768463134766
34.39522171020508
35.983768463134766
35.983768463134766
34.39522171020508
38.40237045288086
34.97599792480469
28.962970733642578
35.21662902832031
36.09087371826172
33.61071014404297
36.091068267822266
28.670040130615234
30.138545989990234
41.021629333496094
38.68151092529297
134.4167022705078
36.976295471191406
35.28159713745117
47.507320404052734
34.558868408203125
71.16655731201172
41.953758239746094
36.63880157470703
37.79201889038086
29.984102249145508
33.79429626464844
29.426410675048828
33.460391998291016
32.96407699584961
52.26520538330078
38.85637664794922
62.09669876098633
50.42646026611328
57.40685272216797
34.54800796508789
32.06460952758789
33.460391998291016
35.770694732666016
37.455299377441406
49.943572998046875
42.12470245361328
29.70569610595703
37.79201889038086
29.77721405029297
37.79201889038086
29.924057006835938
29.369224548339844
37.79201889038086
32.831199645996094
32.51061248779297
29.869792938232422
39.456233978271484
29.949874877929688
43.17109680175781
34.481746673583984
41.27589797973633
41.05556869506836
42.12470245361328
29.67137336730957
30.153865814208984
29.938636779785156
69.26821899414062
35.770694732666016
29.697357177734375
35.770694732666016
42.12470245361328
42.12470245361328
30.839452743530273
30.839452743530273
31.98882484436035
30.839452743530273
33.222381591796875
30.00506591796875
38.85637664794922
29.879100799560547
43.31219482421875
64.3734359741211
33.460391998291016
32.098331451416016
33.460391998291016
29.808687210083008
33.38001251220703
69.92679595947266
39.456233978271484
29.762557983398438
29.52022933959961
33.460391998291016
29.318843841552734
37.455299377441406
30.714147567749023
30.714147567749023
30.276918411254883
30.714147567749023
37.79201889038086
30.311325073242188
33.01496505737305
34.20093536376953
39.456233978271484
29.668087005615234
34.481746673583984
30.228355407714844
29.203290939331055
32.96407699584961
31.731760025024414
37.455299377441406
30.447751998901367
29.398361206054688
34.42502212524414
37.79201889038086
29.12835693359375
35.53889846801758
39.456233978271484
35.515724182128906
39.456233978271484
29.54233169555664
29.418071746826172
29.694276809692383
29.418071746826172
30.447751998901367
30.52129364013672
30.39801025390625
30.52129364013672
30.52129364013672
30.52129364013672
30.52129364013672
30.52129364013672
35.49665832519531
30.52129364013672
37.455299377441406
30.456403732299805
30.52129364013672
29.27726936340332
42.12470245361328
29.875728607177734
42.12470245361328
29.12919807434082
30.52129364013672
30.037628173828125
30.52129364013672
30.52129364013672
30.52129364013672
30.39801025390625
30.52129364013672
30.521095275878906
30.521095275878906
30.521095275878906
30.521095275878906
30.521095275878906
30.521095275878906
30.521095275878906
30.521095275878906
30.397907257080078
29.480037689208984
30.521095275878906
29.145410537719727
30.521095275878906
28.988679885864258
30.521095275878906
30.521095275878906
29.102922439575195
30.521095275878906
28.988679885864258
30.397907257080078
32.962158203125
29.06900405883789
30.60222625732422
28.988679885864258
28.988679885864258
