14.137418746948242
14.000909805297852
26.65077018737793
16.558351516723633
19.688880920410156
20.651124954223633
5.340373992919922
23.414337158203125
20.44685935974121
16.659727096557617
7.109750747680664
13.64773178100586
36.99510192871094
4.108417510986328
13.405948638916016
17.46365737915039
20.875328063964844
13.711097717285156
10.70517349243164
15.823284149169922
21.147350311279297
20.939855575561523
16.483413696289062
20.44685935974121
16.36150550842285
4.5047454833984375
15.488515853881836
20.74367904663086
25.70104217529297
13.021976470947266
5.918903350830078
10.683086395263672
17.86711883544922
12.312423706054688
11.658834457397461
18.01051139831543
20.44685935974121
6.929595947265625
14.88613510131836
36.31238555908203
21.82733917236328
27.036300659179688
10.223363876342773
12.228628158569336
4.8227386474609375
14.269418716430664
5.685724258422852
13.252079010009766
12.678630828857422
15.014213562011719
18.82257080078125
21.81291961669922
25.84109115600586
18.156494140625
24.44917869567871
13.939002990722656
11.658834457397461
10.683086395263672
23.902416229248047
22.864452362060547
4.715446472167969
24.371173858642578
13.481555938720703
14.000909805297852
19.297435760498047
15.413511276245117
16.014846801757812
10.303422927856445
37.01031494140625
11.658834457397461
18.547359466552734
29.444080352783203
19.169437408447266
14.797033309936523
16.021263122558594
16.504310607910156
17.683570861816406
18.727333068847656
19.83549690246582
6.667461395263672
20.326175689697266
26.036361694335938
25.07056427001953
17.241044998168945
19.297435760498047
25.189102172851562
5.6866302490234375
17.93257713317871
21.726238250732422
20.730501174926758
17.445009231567383
23.414337158203125
21.43724822998047
24.371173858642578
14.716974258422852
23.364822387695312
18.210033416748047
13.481555938720703
20.939855575561523
21.147350311279297
12.43581771850586
7.767490386962891
23.78264045715332
14.223777770996094
25.646240234375
15.361743927001953
13.026840209960938
16.638469696044922
19.392789840698242
5.083522796630859
16.691669464111328
25.189102172851562
14.91885757446289
16.05988311767578
20.833049774169922
20.12246322631836
14.91885757446289
20.018878936767578
17.868968963623047
4.776691436767578
24.186222076416016
20.730501174926758
8.383121490478516
21.94540023803711
16.483413696289062
19.767318725585938
13.17559814453125
21.147350311279297
15.86949348449707
17.096277236938477
14.152566909790039
4.243083953857422
17.86711883544922
15.560924530029297
27.43511962890625
17.63994026184082
16.729875564575195
23.243377685546875
10.7740478515625
16.878826141357422
18.898630142211914
10.738258361816406
18.46458625793457
23.364822387695312
16.74655532836914
9.920686721801758
17.241044998168945
19.525222778320312
10.874988555908203
14.269418716430664
16.24852752685547
16.483413696289062
20.586463928222656
20.12246322631836
19.521848678588867
15.163536071777344
19.24877166748047
13.939002990722656
7.547019958496094
17.506675720214844
20.018878936767578
24.338546752929688
10.670402526855469
23.78264045715332
11.039722442626953
4.118368148803711
14.617778778076172
17.15673065185547
10.683086395263672
24.371173858642578
17.48017120361328
17.86711883544922
8.151582717895508
19.174549102783203
20.730501174926758
18.712505340576172
15.7398681640625
21.29051971435547
19.921390533447266
7.703350067138672
19.463909149169922
9.615724563598633
19.21807098388672
21.81291961669922
23.414337158203125
12.782073974609375
25.72570037841797
24.371173858642578
20.32746124267578
23.414337158203125
9.920686721801758
12.43581771850586
8.382062911987305
6.402332305908203
15.382865905761719
9.436529159545898
19.921390533447266
17.978092193603516
11.658834457397461
12.880434036254883
11.658834457397461
21.807125091552734
15.554506301879883
23.78264045715332
15.592620849609375
23.364822387695312
23.414337158203125
17.444419860839844
13.939002990722656
18.903656005859375
15.058040618896484
20.730501174926758
12.688545227050781
23.435012817382812
22.47244644165039
18.556861877441406
18.917701721191406
20.32746124267578
19.899703979492188
18.50783920288086
14.132991790771484
24.371173858642578
17.359941482543945
18.863914489746094
15.037788391113281
21.098201751708984
19.297435760498047
55.463687896728516
30.87091827392578
16.878826141357422
12.576379776000977
20.018878936767578
17.86711883544922
18.578960418701172
3.607799530029297
26.39347267150879
58.51142883300781
15.22320556640625
14.097890853881836
18.917701721191406
13.926773071289062
13.939002990722656
17.175416946411133
6.114540100097656
9.436832427978516
19.297435760498047
7.381740570068359
18.547359466552734
9.612800598144531
6.727977752685547
4.776691436767578
34.608036041259766
12.105768203735352
10.791311264038086
13.281225204467773
14.137418746948242
23.364822387695312
14.223777770996094
13.15963363647461
16.591793060302734
29.5697078704834
16.279052734375
20.266387939453125
23.435012817382812
19.297435760498047
12.735525131225586
13.452346801757812
24.225919723510742
20.308956146240234
14.491119384765625
20.44685935974121
20.48039436340332
3.511119842529297
14.032909393310547
14.223777770996094
19.971084594726562
16.729875564575195
18.81501007080078
22.864452362060547
14.71101188659668
11.658834457397461
23.384693145751953
15.163536071777344
8.333362579345703
5.581998825073242
17.864646911621094
14.137418746948242
14.269418716430664
14.71101188659668
14.423273086547852
15.554506301879883
16.483413696289062
21.94540023803711
16.74655532836914
14.91885757446289
14.14874267578125
18.90410614013672
16.638469696044922
17.066898345947266
7.485692977905273
26.11861801147461
18.33808135986328
14.154973983764648
22.83837127685547
15.296346664428711
13.926773071289062
19.174549102783203
20.15786361694336
20.875328063964844
13.021976470947266
16.36150550842285
15.382865905761719
9.920686721801758
12.43581771850586
20.069326400756836
14.000909805297852
14.91885757446289
14.223777770996094
4.589752197265625
14.032909393310547
21.81291961669922
16.483413696289062
56.63551712036133
6.123832702636719
15.163536071777344
20.44685935974121
18.156494140625
19.541961669921875
23.414337158203125
14.032909393310547
28.261587142944336
18.727333068847656
23.360692977905273
20.875328063964844
14.411287307739258
12.43581771850586
16.373567581176758
12.312423706054688
13.405948638916016
10.8238525390625
19.899703979492188
19.297435760498047
18.210033416748047
18.90410614013672
16.483413696289062
22.63260269165039
19.297435760498047
24.225919723510742
12.979843139648438
19.24877166748047
10.683086395263672
12.688545227050781
16.46003532409668
17.29351806640625
18.67156410217285
14.505453109741211
10.791311264038086
14.223777770996094
29.099388122558594
10.683086395263672
12.43581771850586
29.099388122558594
15.339727401733398
8.315670013427734
19.100513458251953
26.39347267150879
15.163536071777344
26.61970329284668
6.999780654907227
20.095890045166016
13.761051177978516
22.745471954345703
13.790504455566406
10.683086395263672
55.205955505371094
21.218034744262695
16.14968490600586
14.830465316772461
13.021976470947266
15.049055099487305
9.836910247802734
10.187398910522461
11.658834457397461
18.46458625793457
20.028881072998047
17.753559112548828
31.222463607788086
10.682594299316406
14.716913223266602
19.297611236572266
29.09909439086914
10.714630126953125
9.704833984375
20.73089599609375
15.162559509277344
32.074745178222656
29.169126510620117
17.705745697021484
16.361135482788086
23.365161895751953
22.774478912353516
22.11478042602539
17.788490295410156
21.799468994140625
22.11478042602539
17.510799407958984
21.572132110595703
13.44290542602539
18.154983520507812
13.82579231262207
7.753826141357422
29.60747528076172
22.864452362060547
22.864452362060547
5.589143753051758
6.873201370239258
4.976615905761719
28.624528884887695
28.624528884887695
29.60747528076172
23.574378967285156
5.2612152099609375
25.669605255126953
6.809551239013672
61.212955474853516
14.95319938659668
22.5144100189209
51.702972412109375
21.857906341552734
23.674163818359375
22.11478042602539
22.520288467407227
10.303422927856445
21.425582885742188
23.204586029052734
22.174646377563477
23.204586029052734
24.816059112548828
26.940542221069336
22.555965423583984
22.83421516418457
20.7144832611084
30.19818115234375
38.2625732421875
27.59539031982422
26.652297973632812
20.15428352355957
9.352132797241211
10.592546463012695
17.344484329223633
14.21221923828125
7.241809844970703
10.807119369506836
17.46119499206543
21.39073944091797
17.16429901123047
4.335124969482422
6.913230895996094
19.230316162109375
7.099218368530273
9.880805969238281
29.049781799316406
9.063444137573242
17.20868682861328
18.225955963134766
9.399921417236328
27.32250213623047
16.355138778686523
15.600093841552734
7.001644134521484
9.934741973876953
20.763633728027344
17.504438400268555
17.504438400268555
17.504438400268555
20.763633728027344
20.763633728027344
20.567968368530273
20.567968368530273
13.676506042480469
13.676506042480469
20.763633728027344
19.071014404296875
23.90255355834961
13.016653060913086
13.527008056640625
17.504438400268555
6.491659164428711
21.329835891723633
17.939149856567383
6.046112060546875
6.639556884765625
10.062061309814453
6.958221435546875
13.527008056640625
6.921470642089844
7.260623931884766
12.657341003417969
15.600093841552734
15.600093841552734
15.600093841552734
19.230316162109375
9.104436874389648
12.726631164550781
13.007862091064453
20.763633728027344
9.396036148071289
9.934741973876953
9.934741973876953
20.763633728027344
21.225666046142578
9.716583251953125
10.808479309082031
15.600093841552734
19.230316162109375
25.987812042236328
15.600093841552734
13.527008056640625
6.416019439697266
11.929679870605469
12.92807388305664
13.097461700439453
19.230316162109375
10.232694625854492
13.095375061035156
16.883590698242188
14.362262725830078
10.85502815246582
12.770294189453125
16.96767807006836
6.423820495605469
25.610559463500977
19.230316162109375
15.600093841552734
6.966686248779297
15.995155334472656
15.274398803710938
20.331052780151367
17.35696029663086
14.579837799072266
19.230316162109375
7.30303955078125
29.67156982421875
27.93999481201172
21.200428009033203
23.127063751220703
23.22313117980957
23.8018798828125
22.941280364990234
22.84071159362793
23.681507110595703
22.916112899780273
21.857906341552734
14.453720092773438
20.920181274414062
20.15428352355957
21.39073944091797
17.16429901123047
17.46119499206543
17.16429901123047
14.21221923828125
17.344484329223633
14.21221923828125
9.770772933959961
12.757097244262695
7.803916931152344
10.592546463012695
9.352132797241211
10.592546463012695
59.669742584228516
21.329835891723633
91.67230987548828
16.593664169311523
14.272197723388672
16.593664169311523
6.521175384521484
16.593664169311523
14.272197723388672
16.593664169311523
7.645692825317383
31.56875228881836
19.000587463378906
8.819881439208984
18.618104934692383
15.094615936279297
16.29570960998535
20.072490692138672
16.46497344970703
20.072490692138672
20.072490692138672
16.46497344970703
5.468208312988281
16.86638832092285
13.575250625610352
16.86638832092285
14.94781494140625
12.00372314453125
18.590625762939453
11.83907699584961
15.10324478149414
14.423273086547852
13.128284454345703
14.423273086547852
19.390378952026367
24.741146087646484
19.390378952026367
5.375633239746094
10.238479614257812
18.45846176147461
18.031387329101562
10.109794616699219
13.676506042480469
13.676506042480469
13.676506042480469
20.567968368530273
20.567968368530273
20.567968368530273
20.567968368530273
13.676506042480469
20.567968368530273
13.676506042480469
13.676506042480469
13.676506042480469
13.676506042480469
20.567968368530273
20.567968368530273
20.567968368530273
5.893301010131836
8.290996551513672
16.86638832092285
13.575250625610352
16.86638832092285
7.360569000244141
16.303651809692383
20.072490692138672
16.46497344970703
20.072490692138672
9.199321746826172
20.072490692138672
16.46497344970703
24.456287384033203
23.546154022216797
24.456287384033203
8.602788925170898
24.5982608795166
26.589664459228516
26.589664459228516
14.709228515625
20.072490692138672
16.46497344970703
20.072490692138672
16.46497344970703
20.072490692138672
15.560203552246094
15.248577117919922
11.048393249511719
16.697154998779297
17.32573890686035
6.118692398071289
18.622173309326172
15.157829284667969
18.622173309326172
14.716974258422852
11.12381362915039
14.716974258422852
8.576610565185547
13.369855880737305
15.341470718383789
15.950361251831055
15.935855865478516
18.622173309326172
15.157829284667969
18.622173309326172
22.09221839904785
22.864452362060547
22.09221839904785
17.560340881347656
19.203189849853516
14.716974258422852
11.12381362915039
14.716974258422852
14.716974258422852
11.12381362915039
20.072490692138672
16.46497344970703
20.064512252807617
8.790340423583984
16.697154998779297
17.32573890686035
16.697154998779297
20.072490692138672
15.491340637207031
17.015289306640625
30.566646575927734
17.015289306640625
22.603208541870117
19.988683700561523
22.603208541870117
22.603208541870117
23.90255355834961
19.071014404296875
23.90255355834961
23.90255355834961
19.071014404296875
61.60788345336914
19.385032653808594
14.83529281616211
16.756250381469727
15.179187774658203
16.756250381469727
17.939149856567383
21.329835891723633
17.939149856567383
14.207569122314453
9.081230163574219
14.813491821289062
15.316547393798828
17.727027893066406
6.683906555175781
30.112239837646484
19.155189514160156
14.83529281616211
15.216217041015625
17.46342658996582
5.935998916625977
13.007862091064453
8.918830871582031
14.841487884521484
8.159185409545898
6.898988723754883
13.676506042480469
13.676506042480469
13.676506042480469
27.638816833496094
12.314926147460938
23.279518127441406
10.246316909790039
13.676506042480469
13.676506042480469
13.676506042480469
13.676506042480469
13.676506042480469
29.60747528076172
17.704296112060547
16.959604263305664
23.257272720336914
23.90255355834961
19.071014404296875
9.00667953491211
23.243377685546875
20.718713760375977
22.460086822509766
6.334339141845703
0.7925796508789062
22.460086822509766
0.7925796508789062
99.59889221191406
39.16357421875
0.7925796508789062
0.7925796508789062
0.7925796508789062
0.7925796508789062
16.296127319335938
0.7925796508789062
0.7925796508789062
0.7925796508789062
0.7925796508789062
0.7925796508789062
0.7925796508789062
0.7925796508789062
0.7925796508789062
0.7925796508789062
0.7925796508789062
12.443901062011719
29.37474822998047
22.460086822509766
0.7925796508789062
0.7925796508789062
12.443901062011719
0.7925796508789062
0.7925796508789062
0.7925796508789062
12.443901062011719
0.7925796508789062
0.7925796508789062
37.26054000854492
0.7925796508789062
0.7925796508789062
12.443901062011719
20.71828269958496
16.193050384521484
0.7925796508789062
0.7925796508789062
12.443901062011719
0.7925796508789062
0.7925796508789062
0.7925796508789062
12.443901062011719
0.7925796508789062
0.7925796508789062
0.7925796508789062
0.7925796508789062
12.443901062011719
13.665477752685547
5.289796829223633
0.7925796508789062
13.899465560913086
7.570915222167969
0.7925796508789062
12.443901062011719
0.7925796508789062
0.7925796508789062
0.7925796508789062
0.7925796508789062
12.443901062011719
13.382061004638672
5.891151428222656
0.7925796508789062
0.7925796508789062
12.443901062011719
42.10015106201172
0.7925796508789062
0.7925796508789062
13.050254821777344
3.6302967071533203
26.50241470336914
5.1667938232421875
0.7925796508789062
0.7925796508789062
12.443901062011719
15.24322509765625
15.24322509765625
12.853981018066406
12.493366241455078
15.24322509765625
12.443901062011719
15.24322509765625
15.24322509765625
12.443901062011719
13.823945999145508
13.823945999145508
20.71828269958496
12.565181732177734
13.823945999145508
13.823945999145508
17.339611053466797
15.77480697631836
17.339611053466797
19.447498321533203
12.443901062011719
14.545133590698242
14.545133590698242
16.52978515625
25.478363037109375
12.443901062011719
14.545133590698242
14.545133590698242
15.320575714111328
21.101322174072266
6.335990905761719
14.545133590698242
22.992149353027344
12.443901062011719
13.382061004638672
6.340726852416992
24.525436401367188
22.89010238647461
15.429912567138672
12.360937118530273
7.665103912353516
16.52978515625
15.916934967041016
22.5144100189209
22.654647827148438
4.115715026855469
15.429912567138672
9.427104949951172
17.339611053466797
17.375782012939453
7.465900421142578
7.465900421142578
4.647905349731445
3.1844539642333984
26.50241470336914
9.040348052978516
8.306753158569336
5.042259216308594
5.085445404052734
12.443901062011719
6.778411865234375
17.339611053466797
10.728631973266602
15.429912567138672
4.164144515991211
4.187578201293945
4.321067810058594
16.274808883666992
3.1844539642333984
7.999826431274414
9.905132293701172
5.956586837768555
5.566684722900391
8.20388412475586
16.274808883666992
7.221916198730469
16.274808883666992
12.443901062011719
16.274808883666992
26.50241470336914
18.7075252532959
16.274808883666992
20.487506866455078
4.386110305786133
4.794685363769531
16.27496337890625
20.486806869506836
14.829479217529297
17.52705192565918
41.81575012207031
33.35686492919922
9.314603805541992
9.314603805541992
94.65435028076172
9.314603805541992
33.35686492919922
9.314603805541992
18.74771499633789
11.045646667480469
20.389249801635742
27.253137588500977
53.49132537841797
9.314603805541992
9.314603805541992
9.314603805541992
9.314603805541992
9.314603805541992
9.314603805541992
9.314603805541992
9.314603805541992
44.376705169677734
9.314603805541992
9.314603805541992
9.314603805541992
9.314603805541992
9.314603805541992
9.314603805541992
9.314603805541992
9.314603805541992
9.314603805541992
9.314603805541992
9.314603805541992
9.314603805541992
9.314603805541992
9.314603805541992
9.314603805541992
9.314603805541992
9.314603805541992
9.314603805541992
9.314603805541992
9.314603805541992
9.314603805541992
9.314603805541992
9.314603805541992
9.314603805541992
9.314603805541992
9.314603805541992
9.314603805541992
9.314603805541992
9.314603805541992
9.314603805541992
9.314603805541992
9.314603805541992
9.314603805541992
9.314603805541992
9.314603805541992
9.314603805541992
9.314603805541992
9.314603805541992
9.314603805541992
9.314603805541992
9.314603805541992
9.314603805541992
9.314603805541992
9.314603805541992
9.314603805541992
9.314603805541992
9.314603805541992
9.314603805541992
9.314603805541992
9.314603805541992
9.314603805541992
9.314603805541992
9.314603805541992
9.314603805541992
9.314603805541992
9.314603805541992
9.314603805541992
9.314603805541992
9.314603805541992
9.314603805541992
13.580123901367188
13.664762496948242
4.916400909423828
23.574378967285156
28.96454620361328
26.48633575439453
19.86815071105957
26.48633575439453
19.86815071105957
18.317596435546875
14.845149993896484
11.771137237548828
16.505111694335938
5.713962554931641
15.027538299560547
3.723642349243164
8.001937866210938
13.664762496948242
5.248241424560547
17.704296112060547
16.959604263305664
15.027538299560547
13.762344360351562
17.704296112060547
20.251323699951172
13.68083381652832
16.187868118286133
12.287303924560547
53.082557678222656
15.027538299560547
9.228981018066406
10.621105194091797
26.486339569091797
19.868154525756836
15.925928115844727
26.486339569091797
19.868154525756836
15.925928115844727
32.48978042602539
20.874835968017578
21.92710304260254
3.529979705810547
17.704294204711914
16.959604263305664
14.044809341430664
20.874835968017578
21.92710304260254
20.996585845947266
20.874835968017578
21.92710304260254
20.996585845947266
31.70333480834961
28.624523162841797
28.624523162841797
28.624523162841797
15.049053192138672
15.108417510986328
20.874835968017578
21.92710304260254
20.996585845947266
17.704294204711914
16.959604263305664
23.25726890563965
20.874835968017578
21.92710304260254
20.996585845947266
20.874835968017578
13.046714782714844
14.376739501953125
20.21453094482422
17.506675720214844
15.026641845703125
13.45060920715332
6.817745208740234
17.506675720214844
15.026641845703125
23.90255355834961
19.071014404296875
23.90255355834961
23.90255355834961
19.071014404296875
57.33871078491211
6.128746032714844
8.13284683227539
11.792364120483398
21.92710304260254
20.996585845947266
6.898992538452148
22.46865463256836
20.074230194091797
22.46865463256836
40.555633544921875
22.236526489257812
17.276182174682617
18.37451934814453
22.236526489257812
17.276182174682617
22.236526489257812
10.123664855957031
13.369855880737305
15.341470718383789
15.950357437133789
8.064895629882812
19.385032653808594
16.988880157470703
19.155197143554688
14.835294723510742
15.21621322631836
14.835294723510742
16.756250381469727
15.179187774658203
16.756250381469727
14.212215423583984
17.344480514526367
14.212215423583984
10.592546463012695
9.352132797241211
10.592546463012695
17.506675720214844
15.026641845703125
5.646812438964844
30.166696548461914
77.58871459960938
17.939149856567383
21.329835891723633
17.939149856567383
6.907415390014648
6.099510192871094
7.276695251464844
13.007862091064453
12.548603057861328
14.84149169921875
22.236526489257812
17.276182174682617
14.9437255859375
19.226118087768555
20.350929260253906
17.951763153076172
4.175819396972656
14.138076782226562
8.192451477050781
5.817684173583984
15.084976196289062
15.229333877563477
18.790294647216797
15.320959091186523
32.72315216064453
16.312103271484375
9.079429626464844
7.029058456420898
9.592733383178711
5.684375762939453
11.269451141357422
9.195545196533203
16.86638832092285
13.575250625610352
16.86638832092285
13.676219940185547
7.003143310546875
17.72702407836914
14.737884521484375
14.813491821289062
5.643283843994141
9.456642150878906
20.331050872802734
17.35696029663086
22.18877410888672
3.663999557495117
16.59366226196289
14.272195816040039
16.59366226196289
8.889240264892578
20.072490692138672
16.46497344970703
20.072490692138672
20.072490692138672
16.46497344970703
21.499927520751953
22.175697326660156
21.499927520751953
20.072490692138672
16.46497344970703
20.072490692138672
15.444198608398438
16.70349884033203
15.423660278320312
20.072490692138672
16.46497344970703
10.828380584716797
20.072490692138672
16.46497344970703
20.072490692138672
27.08601951599121
13.176265716552734
27.08601951599121
20.072490692138672
16.46497344970703
20.072490692138672
16.46497344970703
20.072490692138672
10.73797607421875
20.516956329345703
19.08329200744629
19.39855194091797
21.39073944091797
18.198646545410156
15.877510070800781
4.091890335083008
11.198429107666016
7.031003952026367
24.08121109008789
16.697154998779297
17.325740814208984
16.697154998779297
22.09221839904785
22.864452362060547
22.09221839904785
18.622173309326172
15.157829284667969
18.622173309326172
9.800117492675781
39.73919677734375
2.5615367889404297
18.13117027282715
28.400484085083008
18.13117027282715
9.202838897705078
20.072490692138672
16.46497344970703
26.486339569091797
19.868154525756836
29.108531951904297
20.072490692138672
16.46497344970703
18.622173309326172
15.157829284667969
18.622173309326172
24.928085327148438
14.716972351074219
11.12381362915039
14.716972351074219
13.369855880737305
15.341470718383789
15.950357437133789
5.7283477783203125
14.716972351074219
11.12381362915039
14.716972351074219
14.716972351074219
11.12381362915039
20.072490692138672
16.46497344970703
10.899639129638672
12.72158432006836
17.015287399291992
30.566652297973633
17.015583038330078
6.458045959472656
7.801662445068359
16.69637107849121
17.324674606323242
58.953792572021484
53.44102478027344
17.527053833007812
24.85910987854004
14.829477310180664
68.25615692138672
22.4600830078125
44.427696228027344
17.339614868164062
5.011554718017578
15.920549392700195
9.041341781616211
13.665477752685547
22.654651641845703
14.918617248535156
20.71828269958496
21.23236846923828
13.284610748291016
17.370182037353516
12.36093521118164
7.761360168457031
13.665477752685547
16.29612922668457
16.529787063598633
15.797489166259766
26.50241470336914
12.925312042236328
17.339614868164062
5.413579940795898
17.339614868164062
12.091588973999023
7.94727897644043
17.339614868164062
15.614263534545898
20.242380142211914
9.926010131835938
20.487504959106445
7.961688995361328
26.137351989746094
17.83645248413086
53.01857376098633
50.88667297363281
26.50241470336914
6.1821136474609375
6.524631500244141
8.74285888671875
20.433223724365234
16.29612922668457
6.0673370361328125
16.29612922668457
26.50241470336914
26.50241470336914
19.3486328125
19.3486328125
18.37904930114746
19.3486328125
13.56494140625
8.407455444335938
20.71828269958496
4.144720077514648
52.32515335083008
84.93672180175781
13.665477752685547
14.717887878417969
13.665477752685547
7.882198333740234
27.286285400390625
67.47071075439453
20.487504959106445
5.480686187744141
6.67445182800293
13.665477752685547
9.349569320678711
16.529787063598633
5.318693161010742
5.318693161010742
4.651538848876953
5.318693161010742
17.339614868164062
6.335990905761719
13.092639923095703
15.283363342285156
20.487504959106445
9.075130462646484
17.83645248413086
8.462385177612305
4.505279541015625
22.654651641845703
12.160041809082031
16.529787063598633
5.001491546630859
9.469696044921875
15.8958740234375
17.339614868164062
8.735736846923828
37.26053237915039
20.487504959106445
22.514413833618164
20.487504959106445
9.501779556274414
6.8778533935546875
6.432460784912109
6.8778533935546875
5.001491546630859
5.051277160644531
6.582912445068359
5.051277160644531
5.051277160644531
5.051277160644531
5.051277160644531
5.051277160644531
19.519054412841797
5.051277160644531
16.529787063598633
4.969303131103516
5.051277160644531
10.520147323608398
26.50241470336914
10.915830612182617
26.50241470336914
8.224166870117188
5.051277160644531
14.797889709472656
5.051277160644531
5.051277160644531
5.051277160644531
6.582912445068359
5.051277160644531
5.0513458251953125
5.0513458251953125
5.0513458251953125
5.0513458251953125
5.0513458251953125
5.0513458251953125
5.0513458251953125
5.0513458251953125
6.583124160766602
10.721916198730469
5.0513458251953125
5.562263488769531
5.0513458251953125
3.8503780364990234
5.0513458251953125
5.0513458251953125
6.148931503295898
5.0513458251953125
3.8503780364990234
6.583124160766602
10.685894012451172
3.815553665161133
8.483970642089844
3.8503780364990234
3.8503780364990234
