22.815433502197266
24.095277786254883
31.313339233398438
25.212039947509766
27.114215850830078
28.391489028930664
16.20003318786621
32.409427642822266
28.42343521118164
24.782411575317383
16.859281539916992
21.284269332885742
39.237606048583984
15.452093124389648
22.276077270507812
25.53635025024414
28.335628509521484
22.60838508605957
19.196685791015625
24.53218650817871
29.877403259277344
28.86859703063965
28.07555389404297
28.42343521118164
24.398595809936523
15.99533462524414
21.61111068725586
29.476951599121094
29.16361427307129
21.202951431274414
16.400619506835938
21.18220329284668
27.145492553710938
21.463695526123047
21.261558532714844
24.923460006713867
28.42343521118164
18.35424041748047
22.32723617553711
38.27751922607422
26.498779296875
29.766878128051758
18.044830322265625
20.571794509887695
16.022367477416992
22.23819923400879
16.83993911743164
21.39102554321289
21.13945960998535
21.06829071044922
26.75074005126953
30.261310577392578
30.64938735961914
27.162799835205078
30.738075256347656
21.815942764282227
21.261558532714844
21.18220329284668
30.462270736694336
31.41607666015625
15.201839447021484
32.42402267456055
22.390331268310547
24.095277786254883
29.265117645263672
23.847949981689453
26.025129318237305
22.939088821411133
37.44823455810547
21.261558532714844
27.209239959716797
36.3188591003418
29.410171508789062
23.562881469726562
24.435684204101562
24.13361358642578
36.332950592041016
26.25031280517578
27.45386505126953
20.064590454101562
27.07184600830078
31.705345153808594
32.965999603271484
25.077735900878906
29.265117645263672
30.01723861694336
16.063051223754883
25.850858688354492
30.856979370117188
29.230396270751953
24.94478416442871
32.409427642822266
28.31235694885254
32.42402267456055
25.45392417907715
27.19879150390625
26.931686401367188
22.390331268310547
28.86859703063965
29.877403259277344
22.644697189331055
17.566329956054688
29.786128997802734
23.159482955932617
32.933265686035156
23.59393310546875
21.097267150878906
24.672115325927734
25.722820281982422
16.294422149658203
30.5965576171875
30.01723861694336
22.737218856811523
23.85935401916504
29.682411193847656
28.1605224609375
22.737218856811523
27.31441879272461
23.742538452148438
15.336090087890625
32.06971740722656
29.230396270751953
18.43896484375
25.96824073791504
28.07555389404297
29.107114791870117
20.336336135864258
29.877403259277344
25.4769344329834
24.328611373901367
23.12626075744629
14.979860305786133
27.145492553710938
21.896326065063477
30.840679168701172
25.418415069580078
24.785938262939453
28.897933959960938
20.23507308959961
24.366741180419922
26.925540924072266
19.570388793945312
26.895326614379883
27.19879150390625
26.228551864624023
19.293651580810547
25.077735900878906
28.260705947875977
20.56003189086914
22.23819923400879
23.928443908691406
28.07555389404297
27.32855224609375
28.1605224609375
27.96225357055664
24.926340103149414
26.85835075378418
21.815942764282227
16.823822021484375
25.02630615234375
27.31441879272461
29.807918548583984
21.454233169555664
29.786128997802734
20.420982360839844
15.776130676269531
22.28435516357422
25.322805404663086
21.18220329284668
32.42402267456055
24.593162536621094
27.145492553710938
17.208742141723633
26.93382453918457
29.230396270751953
27.11878776550293
24.74602508544922
28.36740493774414
29.44579315185547
18.320606231689453
27.719112396240234
19.50103187561035
27.994409561157227
30.261310577392578
32.409427642822266
27.166961669921875
34.134986877441406
32.42402267456055
29.198854446411133
32.409427642822266
19.293651580810547
22.644697189331055
17.461719512939453
16.525157928466797
23.85222816467285
17.976686477661133
29.44579315185547
26.382471084594727
21.261558532714844
23.635557174682617
21.261558532714844
26.241657257080078
24.145191192626953
29.786128997802734
25.1956787109375
27.19879150390625
32.409427642822266
30.3306884765625
21.815942764282227
27.074443817138672
23.21942710876465
29.230396270751953
21.546079635620117
28.311676025390625
29.447696685791016
26.061887741088867
28.81464195251465
29.198854446411133
27.44314193725586
26.65839385986328
21.995073318481445
32.42402267456055
25.829587936401367
24.54169464111328
22.828453063964844
30.521623611450195
29.265117645263672
54.34838104248047
31.339414596557617
24.366741180419922
21.702281951904297
27.31441879272461
27.145492553710938
27.41582679748535
15.06937026977539
30.62407875061035
50.854454040527344
26.06854820251465
22.662132263183594
28.81464195251465
23.03192901611328
21.815942764282227
29.522300720214844
16.587602615356445
18.646820068359375
29.265117645263672
16.676359176635742
27.209239959716797
25.18011474609375
16.835861206054688
15.336090087890625
35.065406799316406
20.94742774963379
19.968225479125977
22.62673568725586
22.815433502197266
27.19879150390625
23.159482955932617
23.94550895690918
25.58982276916504
35.2728271484375
25.232343673706055
25.447486877441406
28.311676025390625
29.265117645263672
20.943321228027344
22.579742431640625
30.63054084777832
26.164228439331055
22.291839599609375
28.42343521118164
28.599056243896484
15.265411376953125
22.190927505493164
23.159482955932617
25.605924606323242
24.785938262939453
25.53032684326172
31.41607666015625
23.13528060913086
21.261558532714844
29.978225708007812
24.926340103149414
17.05620765686035
16.804319381713867
23.855506896972656
22.815433502197266
22.23819923400879
23.13528060913086
23.3392391204834
24.145191192626953
28.07555389404297
25.96824073791504
26.228551864624023
22.737218856811523
23.175701141357422
26.969284057617188
24.672115325927734
24.883060455322266
17.538503646850586
29.949668884277344
25.619098663330078
22.661651611328125
26.453094482421875
22.69597816467285
23.03192901611328
26.93382453918457
28.627016067504883
28.335628509521484
21.202951431274414
24.398595809936523
23.85222816467285
19.293651580810547
22.644697189331055
28.096181869506836
24.095277786254883
22.737218856811523
23.159482955932617
14.730270385742188
22.190927505493164
30.261310577392578
28.07555389404297
38.21194076538086
16.616466522216797
24.926340103149414
28.42343521118164
27.162799835205078
26.024580001831055
32.409427642822266
22.190927505493164
33.45426940917969
26.25031280517578
29.068958282470703
28.335628509521484
21.727821350097656
22.644697189331055
26.322961807250977
21.463695526123047
22.276077270507812
19.106903076171875
27.44314193725586
29.265117645263672
26.931686401367188
26.969284057617188
28.07555389404297
28.380754470825195
29.265117645263672
30.63054084777832
21.547033309936523
26.85835075378418
21.18220329284668
21.546079635620117
26.19308090209961
25.371917724609375
28.505294799804688
20.599973678588867
19.968225479125977
23.159482955932617
35.01227569580078
21.18220329284668
22.644697189331055
35.01227569580078
24.003631591796875
17.857830047607422
27.9583740234375
30.62407875061035
24.926340103149414
34.54946517944336
16.46605682373047
28.842252731323242
24.021831512451172
30.654390335083008
22.113672256469727
21.18220329284668
49.95946502685547
30.513193130493164
22.92512321472168
21.854013442993164
21.202951431274414
23.656078338623047
18.53166389465332
21.198945999145508
21.261558532714844
26.895326614379883
25.65749740600586
27.07868194580078
34.69529342651367
21.181659698486328
25.453670501708984
29.265369415283203
35.01200485229492
21.336761474609375
17.358963012695312
29.230846405029297
24.926219940185547
36.54469299316406
32.94410705566406
27.950084686279297
24.398563385009766
27.1988468170166
34.215110778808594
33.39250564575195
25.167612075805664
33.40320587158203
33.39250564575195
24.59032440185547
32.99476623535156
22.305377960205078
25.727291107177734
21.539390563964844
17.811546325683594
32.43805694580078
31.41607666015625
31.41607666015625
16.59503173828125
17.173330307006836
16.070459365844727
30.471237182617188
30.471237182617188
32.43805694580078
32.87818145751953
16.6538028717041
31.495546340942383
17.491714477539062
86.66552734375
22.545860290527344
29.45673370361328
40.78108215332031
32.99537658691406
30.705493927001953
33.39250564575195
34.02899169921875
22.939088821411133
33.09220886230469
34.4114990234375
33.67600631713867
34.4114990234375
29.975875854492188
37.556724548339844
29.945898056030273
32.5654411315918
29.760845184326172
36.212860107421875
43.78553771972656
36.97715377807617
37.35868453979492
29.30982780456543
20.382511138916016
21.145221710205078
24.354650497436523
23.238113403320312
20.00418472290039
20.026599884033203
25.661865234375
30.786624908447266
25.47873878479004
15.975648880004883
18.137298583984375
27.750244140625
17.478931427001953
19.068344116210938
28.832809448242188
18.65559196472168
28.79751205444336
25.585702896118164
19.53246307373047
31.493560791015625
23.902830123901367
23.58318328857422
17.70809555053711
19.350921630859375
26.946136474609375
24.90503692626953
24.90503692626953
24.90503692626953
26.946136474609375
26.946136474609375
31.24956703186035
31.24956703186035
22.868976593017578
22.868976593017578
26.946136474609375
30.009572982788086
32.202632904052734
21.21449089050293
22.283950805664062
24.90503692626953
16.585037231445312
31.35567283630371
27.931377410888672
16.974660873413086
17.180797576904297
19.182662963867188
17.206764221191406
22.283950805664062
17.48220443725586
18.120729446411133
21.284332275390625
23.58318328857422
23.58318328857422
23.58318328857422
27.750244140625
19.129810333251953
21.269561767578125
21.118906021118164
26.946136474609375
17.625137329101562
19.350921630859375
19.350921630859375
26.946136474609375
31.768951416015625
24.14483642578125
22.689517974853516
23.58318328857422
27.750244140625
29.86436653137207
23.58318328857422
22.283950805664062
17.058401107788086
21.33840560913086
21.834529876708984
22.129539489746094
27.750244140625
19.75152015686035
24.619731903076172
21.012889862060547
24.02260971069336
20.38871192932129
22.824058532714844
24.123004913330078
17.207138061523438
30.388057708740234
27.750244140625
23.58318328857422
17.45902442932129
24.168251037597656
22.951032638549805
27.675010681152344
26.156129837036133
19.404415130615234
27.750244140625
17.750478744506836
33.25818634033203
36.26750564575195
30.590654373168945
34.549129486083984
34.60125732421875
33.196632385253906
31.66956901550293
34.31302261352539
34.9453125
30.364105224609375
32.99537658691406
22.508516311645508
30.557710647583008
29.30982780456543
30.786624908447266
25.47873878479004
25.661865234375
25.47873878479004
23.238113403320312
24.354650497436523
23.238113403320312
17.83906364440918
19.501079559326172
18.00602912902832
21.145221710205078
20.382511138916016
21.145221710205078
76.20393371582031
31.35567283630371
117.69922637939453
25.901065826416016
22.74578857421875
25.901065826416016
16.09234046936035
25.901065826416016
22.74578857421875
25.901065826416016
18.146581649780273
31.947980880737305
24.17584228515625
18.508214950561523
27.34398078918457
24.50273895263672
25.255718231201172
27.515621185302734
24.65027618408203
27.515621185302734
27.515621185302734
24.65027618408203
15.781518936157227
24.914569854736328
21.614364624023438
24.914569854736328
29.200702667236328
27.04140853881836
36.26731491088867
24.390125274658203
32.69668197631836
23.3392391204834
21.87847137451172
23.3392391204834
26.743770599365234
31.578723907470703
26.743770599365234
19.155643463134766
19.67696189880371
28.652267456054688
25.123315811157227
20.7286376953125
22.868976593017578
22.868976593017578
22.868976593017578
31.24956703186035
31.24956703186035
31.24956703186035
31.24956703186035
22.868976593017578
31.24956703186035
22.868976593017578
22.868976593017578
22.868976593017578
22.868976593017578
31.24956703186035
31.24956703186035
31.24956703186035
16.275014877319336
18.968631744384766
24.914569854736328
21.614364624023438
24.914569854736328
19.30667495727539
23.366352081298828
27.515621185302734
24.65027618408203
27.515621185302734
22.066131591796875
27.515621185302734
24.65027618408203
31.666976928710938
30.83344078063965
31.666976928710938
19.583953857421875
31.03936004638672
33.431785583496094
33.431785583496094
21.27181625366211
27.515621185302734
24.65027618408203
27.515621185302734
24.65027618408203
27.515621185302734
24.380104064941406
23.70246696472168
19.347837448120117
28.48394012451172
27.909439086914062
16.789621353149414
27.519683837890625
23.558048248291016
27.519683837890625
25.45392417907715
21.37446403503418
25.45392417907715
16.908416748046875
22.093990325927734
23.136016845703125
23.51777458190918
23.47406578063965
27.519683837890625
23.558048248291016
27.519683837890625
30.957475662231445
31.41607666015625
30.957475662231445
23.12641143798828
24.624223709106445
25.45392417907715
21.37446403503418
25.45392417907715
25.45392417907715
21.37446403503418
27.515621185302734
24.65027618408203
26.521072387695312
19.44903564453125
28.48394012451172
27.909439086914062
28.48394012451172
27.515621185302734
21.27042579650879
25.247203826904297
31.393247604370117
25.247203826904297
30.13332748413086
25.68231201171875
30.13332748413086
30.13332748413086
32.202632904052734
30.009572982788086
32.202632904052734
32.202632904052734
30.009572982788086
50.453243255615234
26.441896438598633
23.21181869506836
25.63850212097168
23.60430145263672
25.63850212097168
27.931377410888672
31.35567283630371
27.931377410888672
22.874855041503906
19.79755973815918
23.73794937133789
24.600479125976562
26.519311904907227
17.89068603515625
31.033340454101562
26.807613372802734
23.21181869506836
23.116851806640625
22.31651496887207
16.08561134338379
21.118906021118164
18.918611526489258
22.653404235839844
16.785789489746094
16.458675384521484
22.868976593017578
22.868976593017578
22.868976593017578
31.306629180908203
22.593917846679688
29.384050369262695
18.292343139648438
22.868976593017578
22.868976593017578
22.868976593017578
22.868976593017578
22.868976593017578
32.43805694580078
25.610286712646484
24.608381271362305
27.193157196044922
32.202632904052734
30.009572982788086
18.02220916748047
28.897933959960938
27.373172760009766
30.83766746520996
16.942758560180664
18.485504150390625
30.83766746520996
18.485504150390625
84.62837219238281
49.327545166015625
18.485504150390625
18.485504150390625
18.485504150390625
18.485504150390625
25.576513290405273
18.485504150390625
18.485504150390625
18.485504150390625
18.485504150390625
18.485504150390625
18.485504150390625
18.485504150390625
18.485504150390625
18.485504150390625
18.485504150390625
23.425350189208984
33.23605728149414
30.83766746520996
18.485504150390625
18.485504150390625
23.425350189208984
18.485504150390625
18.485504150390625
18.485504150390625
23.425350189208984
18.485504150390625
18.485504150390625
39.75373840332031
18.485504150390625
18.485504150390625
23.425350189208984
28.937618255615234
19.209888458251953
18.485504150390625
18.485504150390625
23.425350189208984
18.485504150390625
18.485504150390625
18.485504150390625
23.425350189208984
18.485504150390625
18.485504150390625
18.485504150390625
18.485504150390625
23.425350189208984
22.373516082763672
16.054122924804688
18.485504150390625
21.76671600341797
17.081815719604492
18.485504150390625
23.425350189208984
18.485504150390625
18.485504150390625
18.485504150390625
18.485504150390625
23.425350189208984
23.55331802368164
16.43792724609375
18.485504150390625
18.485504150390625
23.425350189208984
32.51143264770508
18.485504150390625
18.485504150390625
22.118486404418945
15.140785217285156
33.22906494140625
17.251876831054688
18.485504150390625
18.485504150390625
23.425350189208984
25.036773681640625
25.036773681640625
21.213951110839844
20.904953002929688
25.036773681640625
23.425350189208984
25.036773681640625
25.036773681640625
23.425350189208984
24.29475212097168
24.29475212097168
28.937618255615234
18.420204162597656
24.29475212097168
24.29475212097168
25.415664672851562
24.07603645324707
25.415664672851562
23.942466735839844
23.425350189208984
24.751495361328125
24.751495361328125
26.01380157470703
30.119386672973633
23.425350189208984
24.751495361328125
24.751495361328125
23.949932098388672
27.951339721679688
17.847984313964844
24.751495361328125
29.882720947265625
23.425350189208984
23.55331802368164
16.029712677001953
29.63068199157715
26.94028663635254
25.196022033691406
21.73342514038086
15.497234344482422
26.01380157470703
22.017898559570312
29.45673370361328
27.20543670654297
15.90579605102539
25.196022033691406
17.702014923095703
25.415664672851562
23.546642303466797
17.53969383239746
17.53969383239746
16.32534408569336
15.55023193359375
33.22906494140625
19.0728702545166
17.075178146362305
16.38997459411621
16.40060043334961
23.425350189208984
17.256559371948242
25.415664672851562
18.58916473388672
25.196022033691406
16.143081665039062
15.671503067016602
16.151390075683594
25.553178787231445
15.55023193359375
18.94947052001953
18.00342559814453
16.885639190673828
16.527883529663086
17.099205017089844
25.553178787231445
16.979591369628906
25.553178787231445
23.425350189208984
25.553178787231445
33.22906494140625
25.46912384033203
25.553178787231445
30.012611389160156
15.472368240356445
16.087955474853516
25.55329704284668
30.01180648803711
25.313783645629883
26.871219635009766
40.77176284790039
37.939414978027344
22.606868743896484
22.606868743896484
97.52462005615234
22.606868743896484
37.939414978027344
22.606868743896484
24.38872718811035
20.722028732299805
27.20622444152832
24.956451416015625
63.69850158691406
22.606868743896484
22.606868743896484
22.606868743896484
22.606868743896484
22.606868743896484
22.606868743896484
22.606868743896484
22.606868743896484
49.985687255859375
22.606868743896484
22.606868743896484
22.606868743896484
22.606868743896484
22.606868743896484
22.606868743896484
22.606868743896484
22.606868743896484
22.606868743896484
22.606868743896484
22.606868743896484
22.606868743896484
22.606868743896484
22.606868743896484
22.606868743896484
22.606868743896484
22.606868743896484
22.606868743896484
22.606868743896484
22.606868743896484
22.606868743896484
22.606868743896484
22.606868743896484
22.606868743896484
22.606868743896484
22.606868743896484
22.606868743896484
22.606868743896484
22.606868743896484
22.606868743896484
22.606868743896484
22.606868743896484
22.606868743896484
22.606868743896484
22.606868743896484
22.606868743896484
22.606868743896484
22.606868743896484
22.606868743896484
22.606868743896484
22.606868743896484
22.606868743896484
22.606868743896484
22.606868743896484
22.606868743896484
22.606868743896484
22.606868743896484
22.606868743896484
22.606868743896484
22.606868743896484
22.606868743896484
22.606868743896484
22.606868743896484
22.606868743896484
22.606868743896484
22.606868743896484
22.606868743896484
22.606868743896484
22.606868743896484
22.606868743896484
21.28522491455078
21.346237182617188
15.779560089111328
32.87818145751953
34.773231506347656
33.64168167114258
28.181278228759766
33.64168167114258
28.181278228759766
32.4074821472168
30.535797119140625
29.245620727539062
28.17798614501953
17.714113235473633
24.952220916748047
15.37846565246582
16.90357208251953
21.346237182617188
15.960716247558594
25.610286712646484
24.608381271362305
24.952220916748047
19.35154151916504
25.610286712646484
25.290943145751953
22.66449737548828
23.816741943359375
21.814048767089844
47.00990295410156
24.952220916748047
17.894309997558594
18.697513580322266
33.64168167114258
28.18128204345703
23.33747673034668
33.64168167114258
28.18128204345703
23.33747673034668
32.08538055419922
27.880186080932617
28.01451873779297
15.953832626342773
25.61028289794922
24.608379364013672
22.30642318725586
27.880186080932617
28.01451873779297
26.272930145263672
27.880186080932617
28.01451873779297
26.272930145263672
36.494014739990234
30.471237182617188
30.471237182617188
30.471237182617188
23.656082153320312
23.55988121032715
27.880186080932617
28.01451873779297
26.272930145263672
25.61028289794922
24.608379364013672
27.193153381347656
27.880186080932617
28.01451873779297
26.272930145263672
27.880186080932617
22.37087631225586
23.228561401367188
26.410934448242188
25.02630615234375
23.634719848632812
22.85462760925293
16.511350631713867
25.02630615234375
23.634719848632812
32.202632904052734
30.00956916809082
32.202632904052734
32.202632904052734
30.00956916809082
91.85559844970703
18.118267059326172
17.824920654296875
20.093618392944336
28.01451873779297
26.272930145263672
16.458675384521484
28.709951400756836
26.801780700683594
28.709951400756836
30.635316848754883
30.04521942138672
26.03543472290039
26.393207550048828
30.04521942138672
26.03543472290039
30.04521942138672
21.267303466796875
22.093994140625
23.136016845703125
23.51777458190918
17.92186737060547
26.44189453125
24.737789154052734
26.807613372802734
23.21181869506836
23.116851806640625
23.21181869506836
25.638507843017578
23.604297637939453
25.638507843017578
23.238113403320312
24.354652404785156
23.238113403320312
21.14522361755371
20.382511138916016
21.14522361755371
25.02630615234375
23.634719848632812
15.960258483886719
31.61063003540039
91.77957153320312
27.931377410888672
31.35567283630371
27.931377410888672
16.526369094848633
18.68942642211914
16.746606826782227
21.118906021118164
21.747844696044922
22.653404235839844
30.04521942138672
26.03543472290039
22.577865600585938
27.49117660522461
28.903512954711914
25.140193939208984
15.786991119384766
24.192100524902344
17.395259857177734
16.892427444458008
23.79318618774414
23.342613220214844
26.97840118408203
24.803741455078125
34.45710372924805
26.520709991455078
21.062530517578125
17.336023330688477
18.06196403503418
16.37550163269043
19.8992919921875
18.79064178466797
24.914569854736328
21.614364624023438
24.914569854736328
23.106246948242188
16.681190490722656
26.519311904907227
23.56265640258789
23.73794937133789
16.50867462158203
21.038013458251953
27.675010681152344
26.156129837036133
22.82877540588379
14.754329681396484
25.90106964111328
22.74578857421875
25.90106964111328
17.427446365356445
27.515621185302734
24.65027618408203
27.515621185302734
27.515621185302734
24.65027618408203
30.406513214111328
30.53426170349121
30.406513214111328
27.515621185302734
24.65027618408203
27.515621185302734
23.520008087158203
24.839385986328125
23.479372024536133
27.515621185302734
24.65027618408203
22.35318374633789
27.515621185302734
24.65027618408203
27.515621185302734
32.275054931640625
20.125179290771484
32.275054931640625
27.515621185302734
24.65027618408203
27.515621185302734
24.65027618408203
27.515621185302734
21.90903091430664
26.553621292114258
25.606231689453125
25.93952178955078
30.78662109375
28.092144012451172
26.15957260131836
15.135368347167969
21.482994079589844
17.330333709716797
31.9036922454834
28.48394203186035
27.909439086914062
28.48394203186035
30.957477569580078
31.416078567504883
30.957477569580078
27.519683837890625
23.55805015563965
27.519683837890625
20.784692764282227
48.704891204833984
15.159725189208984
26.085773468017578
34.07390213012695
26.085773468017578
21.994354248046875
27.515621185302734
24.65027618408203
33.64168167114258
28.18128204345703
27.403593063354492
27.515621185302734
24.65027618408203
27.519683837890625
23.55805015563965
27.519683837890625
32.714866638183594
25.453922271728516
21.37446403503418
25.453922271728516
22.093994140625
23.136016845703125
23.51777458190918
16.40049934387207
25.453922271728516
21.37446403503418
25.453922271728516
25.453922271728516
21.37446403503418
27.515621185302734
24.65027618408203
19.632213592529297
22.739009857177734
25.247203826904297
31.393251419067383
25.24747657775879
16.642353057861328
17.32070541381836
28.482711791992188
27.908771514892578
83.20802307128906
39.66753387451172
26.871219635009766
31.030521392822266
25.313783645629883
69.49797058105469
30.837665557861328
43.19065856933594
25.415664672851562
15.806774139404297
24.409130096435547
16.063339233398438
22.373516082763672
27.2054386138916
28.011390686035156
28.937618255615234
36.542091369628906
25.992958068847656
33.5582275390625
21.73342514038086
17.519968032836914
22.373516082763672
25.576513290405273
26.013797760009766
25.857135772705078
33.22906494140625
20.82831382751465
25.415664672851562
16.20807456970215
25.415664672851562
20.365488052368164
17.35062026977539
25.415664672851562
24.534160614013672
22.54729461669922
18.94991683959961
30.012611389160156
17.107696533203125
29.115541458129883
26.01620864868164
41.80561828613281
41.29247283935547
33.22906494140625
16.612607955932617
17.237407684326172
18.467111587524414
32.379512786865234
25.576513290405273
16.976865768432617
25.576513290405273
33.22906494140625
33.22906494140625
25.407184600830078
25.407184600830078
25.068687438964844
25.407184600830078
22.004980087280273
18.309358596801758
28.937618255615234
15.770898818969727
45.43708038330078
75.25330352783203
22.373516082763672
23.648174285888672
22.373516082763672
18.088756561279297
31.146732330322266
65.01089477539062
30.012611389160156
16.362428665161133
17.0900821685791
22.373516082763672
18.585886001586914
26.013797760009766
17.650760650634766
17.650760650634766
16.902652740478516
17.650760650634766
25.415664672851562
17.847984313964844
22.947431564331055
24.80442237854004
30.012611389160156
18.480966567993164
26.01620864868164
18.312564849853516
16.271713256835938
27.2054386138916
18.925138473510742
26.013797760009766
17.190265655517578
17.974517822265625
26.241233825683594
25.415664672851562
18.147397994995117
39.75373458862305
30.012611389160156
29.45673370361328
30.012611389160156
18.53328514099121
17.160503387451172
17.255935668945312
17.160503387451172
17.190265655517578
17.29474449157715
18.15823745727539
17.29474449157715
17.29474449157715
17.29474449157715
17.29474449157715
17.29474449157715
27.299266815185547
17.29474449157715
26.013797760009766
17.324810028076172
17.29474449157715
19.136825561523438
33.22906494140625
19.686138153076172
33.22906494140625
17.787748336791992
17.29474449157715
21.436176300048828
17.29474449157715
17.29474449157715
17.29474449157715
18.15823745727539
17.29474449157715
17.29486846923828
17.29486846923828
17.29486846923828
17.29486846923828
17.29486846923828
17.29486846923828
17.29486846923828
17.29486846923828
18.158369064331055
18.878061294555664
17.29486846923828
16.92915153503418
17.29486846923828
15.745132446289062
17.29486846923828
17.29486846923828
16.983314514160156
17.29486846923828
15.745132446289062
18.158369064331055
22.0507869720459
15.90043830871582
18.335847854614258
15.745132446289062
15.745132446289062
