34.776920318603516
38.954776763916016
39.31387710571289
36.29085159301758
35.630123138427734
35.732154846191406
33.34401321411133
45.93503189086914
38.737693786621094
36.420475006103516
34.110992431640625
34.01758575439453
37.833648681640625
34.98150634765625
37.83411407470703
34.784183502197266
42.31702423095703
37.26405334472656
32.600589752197266
40.46017074584961
43.73060607910156
44.136810302734375
43.14280319213867
38.737693786621094
34.82304763793945
34.22159957885742
32.82121276855469
43.4344367980957
38.25218963623047
35.104522705078125
34.010032653808594
38.97245788574219
37.8564567565918
38.49725341796875
39.34310531616211
33.86580276489258
38.737693786621094
67.89026641845703
58.785823822021484
37.59392166137695
34.35322952270508
34.81378173828125
37.44841766357422
32.47401428222656
34.40015411376953
34.6659049987793
34.796329498291016
36.57939910888672
37.40531921386719
37.60188293457031
35.39906692504883
43.982330322265625
35.24757766723633
40.62468338012695
39.10304641723633
34.2409553527832
39.34310531616211
38.97245788574219
35.80490493774414
43.7824821472168
33.81797409057617
46.43400192260742
39.5858154296875
38.954776763916016
42.30004119873047
36.258060455322266
38.52965545654297
40.277992248535156
40.134979248046875
39.34310531616211
38.58791732788086
43.136112213134766
43.05937957763672
39.532928466796875
35.868186950683594
39.89913558959961
107.88572692871094
36.24022674560547
41.34442138671875
68.76177978515625
34.955421447753906
38.453590393066406
42.47538375854492
35.84498977661133
42.30004119873047
37.2415771484375
33.53780746459961
34.994384765625
42.505245208740234
43.70530700683594
35.454307556152344
45.93503189086914
38.19325637817383
46.43400192260742
38.80766296386719
35.274566650390625
41.16763687133789
39.5858154296875
44.136810302734375
43.73060607910156
38.777442932128906
35.16155242919922
39.39502716064453
36.051456451416016
41.52616500854492
37.72997283935547
34.08301544189453
35.452430725097656
37.008846282958984
34.64148712158203
105.66276550292969
37.2415771484375
35.52789306640625
35.134521484375
44.52108383178711
39.23406219482422
35.52789306640625
36.57374954223633
34.04411697387695
34.45487594604492
37.63090515136719
43.70530700683594
34.179115295410156
38.319374084472656
43.14280319213867
39.09130096435547
32.381290435791016
43.73060607910156
40.15657424926758
37.79397201538086
34.834877014160156
34.047054290771484
37.8564567565918
33.1379508972168
35.595726013183594
36.58488464355469
36.64348602294922
36.246665954589844
36.52094268798828
35.188026428222656
41.18122863769531
32.03762435913086
39.312679290771484
35.274566650390625
42.96916198730469
32.58700180053711
35.84498977661133
55.92707443237305
36.98007583618164
34.6659049987793
36.17966842651367
43.14280319213867
36.365257263183594
39.23406219482422
40.72557830810547
41.98765563964844
36.31654739379883
34.2409553527832
33.0690803527832
34.71652603149414
36.57374954223633
40.65523910522461
38.4864501953125
39.39502716064453
37.95268249511719
34.79429626464844
33.271881103515625
36.908172607421875
38.97245788574219
46.43400192260742
33.69526290893555
37.8564567565918
34.58991622924805
37.084449768066406
43.70530700683594
40.99408721923828
36.6662483215332
77.25415802001953
44.33615493774414
35.53282165527344
43.40305709838867
38.20549774169922
40.99789810180664
43.982330322265625
45.93503189086914
65.6771011352539
42.78996658325195
46.43400192260742
41.80654525756836
45.93503189086914
32.58700180053711
38.777442932128906
33.434417724609375
35.31367111206055
36.426025390625
33.41674041748047
44.33615493774414
37.49794387817383
39.34310531616211
38.07290267944336
39.34310531616211
34.10115432739258
39.926055908203125
39.39502716064453
37.85239791870117
35.274566650390625
45.93503189086914
64.85388946533203
34.2409553527832
58.51387405395508
36.847930908203125
43.70530700683594
33.9407958984375
34.293636322021484
34.6200065612793
34.137107849121094
42.075626373291016
41.80654525756836
37.82416915893555
36.174381256103516
34.210205078125
46.43400192260742
41.14033889770508
34.809165954589844
34.607051849365234
41.3089599609375
42.30004119873047
47.7123908996582
39.660301208496094
35.188026428222656
34.65205383300781
36.57374954223633
37.8564567565918
40.36320114135742
33.872615814208984
38.50437927246094
40.21466827392578
40.48272705078125
34.791786193847656
42.075626373291016
36.0742301940918
34.2409553527832
44.76250076293945
33.484832763671875
34.68073272705078
42.30004119873047
34.01191711425781
38.58791732788086
87.3556137084961
33.84636306762695
34.45487594604492
41.59513854980469
34.15727615356445
35.88116455078125
35.83393096923828
34.776920318603516
35.274566650390625
36.051456451416016
39.15882110595703
40.040260314941406
46.01035690307617
40.288875579833984
32.37586975097656
34.293636322021484
42.30004119873047
33.586360931396484
39.30099868774414
40.08615493774414
36.15807342529297
33.97441482543945
38.737693786621094
44.065711975097656
34.318904876708984
33.242950439453125
36.051456451416016
34.45863342285156
36.64348602294922
34.69818878173828
43.7824821472168
35.27353286743164
39.34310531616211
39.3680305480957
41.98765563964844
33.73103332519531
34.476593017578125
34.699256896972656
34.776920318603516
34.6659049987793
35.27353286743164
40.048580169677734
39.926055908203125
43.14280319213867
38.319374084472656
42.96916198730469
35.52789306640625
37.56221008300781
37.20567321777344
35.452430725097656
35.45063781738281
34.082550048828125
35.05670928955078
40.46076965332031
36.29834747314453
37.558319091796875
35.188087463378906
36.0742301940918
37.084449768066406
42.018150329589844
42.31702423095703
35.104522705078125
34.82304763793945
36.426025390625
32.58700180053711
38.777442932128906
35.57516860961914
38.954776763916016
35.52789306640625
36.051456451416016
33.26115417480469
33.242950439453125
43.982330322265625
43.14280319213867
39.4998893737793
33.32675552368164
41.98765563964844
38.737693786621094
40.62468338012695
39.747737884521484
45.93503189086914
33.242950439453125
41.64539337158203
36.24022674560547
39.35081481933594
42.31702423095703
35.049434661865234
38.777442932128906
42.7154655456543
38.49725341796875
37.83411407470703
34.78662109375
37.82416915893555
42.30004119873047
41.16763687133789
37.20567321777344
43.14280319213867
35.69315719604492
42.30004119873047
40.08615493774414
39.448814392089844
36.31654739379883
38.97245788574219
33.9407958984375
42.51712417602539
36.94941329956055
43.24110794067383
35.94000244140625
35.88116455078125
36.051456451416016
46.87752914428711
38.97245788574219
38.777442932128906
46.87752914428711
35.71567153930664
33.11397171020508
41.02912902832031
38.50437927246094
41.98765563964844
41.3642578125
33.52396011352539
41.71567916870117
38.64375686645508
41.59893035888672
36.24662399291992
38.97245788574219
38.158203125
45.106971740722656
35.6488151550293
33.71869659423828
35.104522705078125
39.063716888427734
32.40245056152344
38.75569152832031
39.34310531616211
39.312679290771484
52.649147033691406
42.43907165527344
35.76863098144531
38.972023010253906
38.80745315551758
42.30028533935547
46.8774528503418
38.416473388671875
34.043006896972656
43.7055778503418
41.98762130737305
39.416439056396484
41.53357696533203
63.52776336669922
34.82313537597656
35.27445602416992
44.235557556152344
44.69392776489258
38.45985794067383
44.389991760253906
44.69392776489258
36.786376953125
44.364959716796875
37.534767150878906
38.928585052490234
33.970497131347656
33.936527252197266
35.853294372558594
43.7824821472168
43.7824821472168
32.35249328613281
32.59868240356445
32.40956497192383
37.80818176269531
37.80818176269531
35.853294372558594
44.37203598022461
32.929359436035156
36.06022644042969
33.16938018798828
173.24754333496094
33.454288482666016
37.49821090698242
50.643028259277344
43.28101348876953
39.01235580444336
44.69392776489258
44.34111785888672
40.277992248535156
44.08613204956055
44.03817367553711
43.95744705200195
44.03817367553711
41.35257339477539
47.4699592590332
41.869815826416016
43.637447357177734
42.08540725708008
44.5532341003418
48.34505081176758
45.0319938659668
47.19108581542969
45.140201568603516
38.452701568603516
39.620262145996094
36.20284652709961
37.85247802734375
79.94544982910156
34.80965042114258
37.704654693603516
45.84281921386719
37.499202728271484
34.983036041259766
36.68638610839844
35.14235305786133
36.01658630371094
37.11098098754883
60.024200439453125
36.63296127319336
74.02912139892578
35.162811279296875
34.670841217041016
41.939857482910156
38.241580963134766
35.0534782409668
34.59450912475586
32.38275146484375
35.166107177734375
34.51025390625
34.51025390625
34.51025390625
35.166107177734375
35.166107177734375
44.826786041259766
44.826786041259766
34.92704391479492
34.92704391479492
35.166107177734375
44.236263275146484
46.86079406738281
39.36375045776367
34.94639587402344
34.51025390625
33.77326965332031
45.9710807800293
42.739654541015625
34.527915954589844
34.72635269165039
36.17989730834961
34.7448844909668
34.94639587402344
34.659427642822266
33.98115539550781
32.808250427246094
35.0534782409668
35.0534782409668
35.0534782409668
35.14235305786133
36.585113525390625
36.93135070800781
36.4190559387207
35.166107177734375
34.50318145751953
32.38275146484375
32.38275146484375
35.166107177734375
82.65827178955078
68.81407928466797
77.10067749023438
35.0534782409668
35.14235305786133
41.30040740966797
35.0534782409668
34.94639587402344
34.64495086669922
37.5226936340332
36.75320053100586
37.18293762207031
35.14235305786133
36.03862380981445
78.62910461425781
35.634735107421875
55.719825744628906
34.707340240478516
58.2928352355957
34.26689910888672
34.62364196777344
43.020748138427734
35.14235305786133
35.0534782409668
36.11125183105469
38.42500686645508
33.991119384765625
40.642723083496094
40.39775085449219
33.946617126464844
35.14235305786133
34.78035354614258
35.61205291748047
45.540287017822266
39.91300964355469
44.60712432861328
45.35599136352539
42.890838623046875
40.362098693847656
45.081016540527344
44.352413177490234
39.315128326416016
43.28101348876953
37.1094970703125
43.56700897216797
45.140201568603516
45.84281921386719
37.499202728271484
37.704654693603516
37.499202728271484
37.85247802734375
36.20284652709961
37.85247802734375
35.60972213745117
35.93086624145508
34.42661666870117
39.620262145996094
38.452701568603516
39.620262145996094
115.11353302001953
45.9710807800293
204.51010131835938
36.13811111450195
35.194557189941406
36.13811111450195
34.53789138793945
36.13811111450195
35.194557189941406
36.13811111450195
33.939666748046875
35.952030181884766
34.56845474243164
33.07715606689453
39.93779373168945
40.069297790527344
40.92863845825195
41.90281677246094
37.814701080322266
41.90281677246094
41.90281677246094
37.814701080322266
32.681949615478516
37.3427734375
35.58134460449219
37.3427734375
106.13082122802734
98.98958587646484
106.0541000366211
93.72342681884766
98.982177734375
40.048580169677734
36.340484619140625
40.048580169677734
38.105377197265625
41.637725830078125
38.105377197265625
69.04022979736328
33.83136749267578
43.315120697021484
39.82923126220703
38.302127838134766
34.92704391479492
34.92704391479492
34.92704391479492
44.826786041259766
44.826786041259766
44.826786041259766
44.826786041259766
34.92704391479492
44.826786041259766
34.92704391479492
34.92704391479492
34.92704391479492
34.92704391479492
44.826786041259766
44.826786041259766
44.826786041259766
32.80426025390625
35.669837951660156
37.3427734375
35.58134460449219
37.3427734375
78.61589813232422
34.14594268798828
41.90281677246094
37.814701080322266
41.90281677246094
63.02350997924805
41.90281677246094
37.814701080322266
41.81538009643555
41.11754608154297
41.81538009643555
35.45089340209961
36.9654541015625
37.67003631591797
37.67003631591797
33.76646041870117
41.90281677246094
37.814701080322266
41.90281677246094
37.814701080322266
41.90281677246094
51.16823196411133
33.77608871459961
33.740150451660156
43.53218078613281
41.29780960083008
34.12120056152344
41.32659912109375
38.84307861328125
41.32659912109375
38.80766296386719
38.77431106567383
38.80766296386719
35.3213996887207
37.823890686035156
35.612850189208984
36.92332077026367
34.54246139526367
41.32659912109375
38.84307861328125
41.32659912109375
45.38003921508789
43.7824821472168
45.38003921508789
45.49082565307617
34.42816925048828
38.80766296386719
38.77431106567383
38.80766296386719
38.80766296386719
38.77431106567383
41.90281677246094
37.814701080322266
34.242881774902344
36.45881271362305
43.53218078613281
41.29780960083008
43.53218078613281
41.90281677246094
33.6274299621582
39.59026336669922
35.96160888671875
39.59026336669922
38.333168029785156
34.40533447265625
38.333168029785156
38.333168029785156
46.86079406738281
44.236263275146484
46.86079406738281
46.86079406738281
44.236263275146484
42.34804153442383
35.88818359375
37.07420349121094
36.12990951538086
36.4240837097168
36.12990951538086
42.739654541015625
45.9710807800293
42.739654541015625
34.39502716064453
35.71025466918945
35.88837814331055
35.07024383544922
36.097084045410156
36.01579284667969
34.50046157836914
35.632728576660156
37.07420349121094
37.414676666259766
33.774837493896484
32.52989196777344
36.4190559387207
35.47771453857422
38.92603302001953
34.195308685302734
32.21580505371094
34.92704391479492
34.92704391479492
34.92704391479492
37.69073486328125
38.89516830444336
40.951202392578125
33.548892974853516
34.92704391479492
34.92704391479492
34.92704391479492
34.92704391479492
34.92704391479492
35.853294372558594
35.064109802246094
34.700252532958984
34.44279861450195
46.86079406738281
44.236263275146484
32.893836975097656
36.246665954589844
35.62086486816406
46.196720123291016
34.67161560058594
64.63634490966797
46.196720123291016
64.63634490966797
74.69084930419922
71.30460357666016
64.63634490966797
64.63634490966797
64.63634490966797
64.63634490966797
38.37911605834961
64.63634490966797
64.63634490966797
64.63634490966797
64.63634490966797
64.63634490966797
64.63634490966797
64.63634490966797
64.63634490966797
64.63634490966797
64.63634490966797
36.75833511352539
68.52071380615234
46.196720123291016
64.63634490966797
64.63634490966797
36.75833511352539
64.63634490966797
64.63634490966797
64.63634490966797
36.75833511352539
64.63634490966797
64.63634490966797
35.75905227661133
64.63634490966797
64.63634490966797
36.75833511352539
42.3290901184082
34.991512298583984
64.63634490966797
64.63634490966797
36.75833511352539
64.63634490966797
64.63634490966797
64.63634490966797
36.75833511352539
64.63634490966797
64.63634490966797
64.63634490966797
64.63634490966797
36.75833511352539
36.520606994628906
33.67301559448242
64.63634490966797
34.05263137817383
35.65699768066406
64.63634490966797
36.75833511352539
64.63634490966797
64.63634490966797
64.63634490966797
64.63634490966797
36.75833511352539
38.517982482910156
34.507171630859375
64.63634490966797
64.63634490966797
36.75833511352539
32.40166091918945
64.63634490966797
64.63634490966797
33.56572723388672
33.19380187988281
44.18010330200195
34.310585021972656
64.63634490966797
64.63634490966797
36.75833511352539
42.971073150634766
42.971073150634766
40.029518127441406
33.4367790222168
42.971073150634766
36.75833511352539
42.971073150634766
42.971073150634766
36.75833511352539
41.84762954711914
41.84762954711914
42.3290901184082
35.506134033203125
41.84762954711914
41.84762954711914
41.467769622802734
34.47663116455078
41.467769622802734
34.34577941894531
36.75833511352539
41.20606231689453
41.20606231689453
40.53641128540039
34.45267105102539
36.75833511352539
41.20606231689453
41.20606231689453
39.18659973144531
33.74220275878906
33.54398727416992
41.20606231689453
41.07551193237305
36.75833511352539
38.517982482910156
34.05067443847656
35.656715393066406
40.49048614501953
40.76454544067383
38.75578308105469
33.116031646728516
40.53641128540039
33.05073547363281
37.49821090698242
34.63538360595703
32.66883850097656
40.76454544067383
32.209259033203125
41.467769622802734
33.73797607421875
32.877593994140625
32.877593994140625
32.45542907714844
32.92062759399414
44.18010330200195
33.65105056762695
32.78609085083008
33.0567626953125
32.443485260009766
36.75833511352539
32.66230010986328
41.467769622802734
34.20701217651367
40.76454544067383
32.73542022705078
32.98055648803711
32.889217376708984
40.39664840698242
32.92062759399414
33.62224578857422
33.30186462402344
32.80290985107422
32.533172607421875
32.895931243896484
40.39664840698242
32.58877944946289
40.39664840698242
36.75833511352539
40.39664840698242
44.18010330200195
33.26123046875
40.39664840698242
42.825523376464844
32.12713623046875
32.701133728027344
40.39636993408203
42.82490921020508
37.00648880004883
37.16291046142578
38.04815673828125
37.518619537353516
40.080780029296875
40.080780029296875
127.4300537109375
40.080780029296875
37.518619537353516
40.080780029296875
36.72416687011719
37.41059112548828
34.82408142089844
33.6290397644043
89.10855865478516
40.080780029296875
40.080780029296875
40.080780029296875
40.080780029296875
40.080780029296875
40.080780029296875
40.080780029296875
40.080780029296875
40.33567810058594
40.080780029296875
40.080780029296875
40.080780029296875
40.080780029296875
40.080780029296875
40.080780029296875
40.080780029296875
40.080780029296875
40.080780029296875
40.080780029296875
40.080780029296875
40.080780029296875
40.080780029296875
40.080780029296875
40.080780029296875
40.080780029296875
40.080780029296875
40.080780029296875
40.080780029296875
40.080780029296875
40.080780029296875
40.080780029296875
40.080780029296875
40.080780029296875
40.080780029296875
40.080780029296875
40.080780029296875
40.080780029296875
40.080780029296875
40.080780029296875
40.080780029296875
40.080780029296875
40.080780029296875
40.080780029296875
40.080780029296875
40.080780029296875
40.080780029296875
40.080780029296875
40.080780029296875
40.080780029296875
40.080780029296875
40.080780029296875
40.080780029296875
40.080780029296875
40.080780029296875
40.080780029296875
40.080780029296875
40.080780029296875
40.080780029296875
40.080780029296875
40.080780029296875
40.080780029296875
40.080780029296875
40.080780029296875
40.080780029296875
40.080780029296875
40.080780029296875
40.080780029296875
40.080780029296875
40.080780029296875
34.05599594116211
35.827728271484375
34.99630355834961
44.37203598022461
39.26438522338867
38.1014289855957
35.61854934692383
38.1014289855957
35.61854934692383
106.88717651367188
107.3300552368164
98.07443237304688
84.22412872314453
34.402366638183594
39.15570831298828
33.82557678222656
33.637935638427734
35.827728271484375
34.71118927001953
35.064109802246094
34.700252532958984
39.15570831298828
34.4022331237793
35.064109802246094
33.326053619384766
35.5722541809082
34.799285888671875
34.426509857177734
36.446041107177734
39.15570831298828
34.52340316772461
31.717662811279297
38.1014289855957
35.61854934692383
34.13480758666992
38.1014289855957
35.61854934692383
34.13480758666992
34.614707946777344
39.128170013427734
38.66035842895508
35.36540603637695
35.064109802246094
34.70025634765625
33.837276458740234
39.128170013427734
38.66035842895508
35.048988342285156
39.128170013427734
38.66035842895508
35.048988342285156
38.20012664794922
37.80818176269531
37.80818176269531
37.80818176269531
39.063716888427734
38.730228424072266
39.128170013427734
38.66035842895508
35.048988342285156
35.064109802246094
34.70025634765625
34.44279861450195
39.128170013427734
38.66035842895508
35.048988342285156
39.128170013427734
36.37168884277344
34.58967208862305
35.10044479370117
34.71652603149414
34.56477355957031
34.77790451049805
32.56300354003906
34.71652603149414
34.56477355957031
46.86079406738281
44.236263275146484
46.86079406738281
46.86079406738281
44.236263275146484
188.67083740234375
37.139705657958984
32.909629821777344
35.560157775878906
38.66035842895508
35.048988342285156
32.21580505371094
38.74622344970703
38.175209045410156
38.74622344970703
38.1385498046875
41.70688247680664
40.07795715332031
35.30088806152344
41.70688247680664
40.07795715332031
41.70688247680664
38.269962310791016
37.823890686035156
35.612850189208984
36.92332077026367
33.82745361328125
35.88818359375
34.923858642578125
35.632728576660156
37.07420349121094
37.414676666259766
37.07420349121094
36.12990951538086
36.4240837097168
36.12990951538086
37.85247802734375
36.20284652709961
37.85247802734375
39.620262145996094
38.452701568603516
39.620262145996094
34.71652603149414
34.56477355957031
32.70358657836914
37.9947395324707
105.37035369873047
42.739654541015625
45.9710807800293
42.739654541015625
34.0139274597168
37.62091064453125
33.385860443115234
36.4190559387207
38.48029327392578
38.92603302001953
41.70688247680664
40.07795715332031
59.623165130615234
38.493648529052734
39.27119445800781
36.38445281982422
35.07573318481445
83.45979309082031
32.25923156738281
35.45822525024414
39.905120849609375
36.91337585449219
41.52496337890625
40.85331344604492
41.732669830322266
40.208980560302734
80.99845886230469
33.307716369628906
32.39978790283203
33.234291076660156
33.52281188964844
34.33501052856445
37.3427734375
35.58134460449219
37.3427734375
39.782379150390625
31.985145568847656
36.097084045410156
36.05161666870117
35.88837814331055
34.0027961730957
63.05438995361328
40.642723083496094
40.39775085449219
34.83291244506836
33.65160369873047
36.13810729980469
35.194557189941406
36.13810729980469
34.22861099243164
41.90281677246094
37.814701080322266
41.90281677246094
41.90281677246094
37.814701080322266
42.55936050415039
42.278079986572266
42.55936050415039
41.90281677246094
37.814701080322266
41.90281677246094
35.66167449951172
35.04987335205078
35.72365951538086
41.90281677246094
37.814701080322266
62.948631286621094
41.90281677246094
37.814701080322266
41.90281677246094
38.6579704284668
32.33254623413086
38.6579704284668
41.90281677246094
37.814701080322266
41.90281677246094
37.814701080322266
41.90281677246094
62.41071319580078
35.36967849731445
34.89805221557617
34.91648483276367
45.84281921386719
43.02579879760742
43.043148040771484
34.28004837036133
64.89840698242188
34.92860412597656
36.80095291137695
43.53218078613281
41.29780960083008
43.53218078613281
45.38003921508789
43.7824821472168
45.38003921508789
41.32659912109375
38.84307861328125
41.32659912109375
38.16719055175781
79.52725219726562
35.029483795166016
35.867427825927734
36.2265510559082
35.867427825927734
73.63790893554688
41.90281677246094
37.814701080322266
38.1014289855957
35.61854934692383
39.996612548828125
41.90281677246094
37.814701080322266
41.32659912109375
38.84307861328125
41.32659912109375
53.895225524902344
38.80766296386719
38.77431106567383
38.80766296386719
37.823890686035156
35.612850189208984
36.92332077026367
33.614234924316406
38.80766296386719
38.77431106567383
38.80766296386719
38.80766296386719
38.77431106567383
41.90281677246094
37.814701080322266
31.944660186767578
39.524024963378906
39.59026336669922
35.96160888671875
39.590450286865234
32.07405090332031
33.991416931152344
43.53046798706055
41.297950744628906
162.293701171875
38.15576934814453
37.16291046142578
58.33286666870117
37.00648880004883
79.06719970703125
46.196720123291016
36.45944595336914
41.467769622802734
33.81421661376953
36.27959442138672
33.45600891113281
36.520606994628906
34.63538360595703
65.67504119873047
42.3290901184082
79.47481536865234
64.09761810302734
73.2611312866211
38.75578308105469
35.84502410888672
36.520606994628906
38.37911605834961
40.53641128540039
62.80207443237305
44.18010330200195
32.90406799316406
41.467769622802734
33.4567985534668
41.467769622802734
33.02591323852539
32.85334014892578
41.467769622802734
34.942726135253906
35.409568786621094
33.216773986816406
42.825523376464844
33.550628662109375
54.187828063964844
37.8661994934082
42.691287994384766
42.54320526123047
44.18010330200195
33.200191497802734
33.71437454223633
33.27558135986328
95.4133071899414
38.37911605834961
33.111419677734375
38.37911605834961
44.18010330200195
44.18010330200195
33.32202911376953
33.32202911376953
34.25111770629883
33.32202911376953
36.249271392822266
33.42270278930664
42.3290901184082
33.6673469543457
44.81804656982422
66.90478515625
36.520606994628906
34.318878173828125
36.520606994628906
33.1662712097168
34.634361267089844
79.55683898925781
42.825523376464844
33.4805793762207
32.82777786254883
36.520606994628906
32.618961334228516
40.53641128540039
34.033592224121094
34.033592224121094
33.722434997558594
34.033592224121094
41.467769622802734
33.54398727416992
35.67736053466797
36.703773498535156
42.825523376464844
32.898193359375
37.8661994934082
33.79084396362305
32.63378143310547
34.63538360595703
35.85866928100586
40.53641128540039
33.90686798095703
32.49785614013672
36.78657150268555
41.467769622802734
32.078834533691406
35.75905227661133
42.825523376464844
37.49821090698242
42.825523376464844
32.608489990234375
32.721370697021484
33.029090881347656
32.721370697021484
33.90686798095703
33.93522262573242
33.56447982788086
33.93522262573242
33.93522262573242
33.93522262573242
33.93522262573242
33.93522262573242
37.98373794555664
33.93522262573242
40.53641128540039
33.8455924987793
33.93522262573242
32.52425003051758
44.18010330200195
32.836570739746094
44.18010330200195
32.3365364074707
33.93522262573242
33.12089157104492
33.93522262573242
33.93522262573242
33.93522262573242
33.56447982788086
33.93522262573242
33.934837341308594
33.934837341308594
33.934837341308594
33.934837341308594
33.934837341308594
33.934837341308594
33.934837341308594
33.934837341308594
33.56429672241211
32.6941032409668
33.934837341308594
32.51972961425781
33.934837341308594
32.514862060546875
33.934837341308594
33.934837341308594
32.467681884765625
33.934837341308594
32.514862060546875
33.56429672241211
35.92509078979492
32.528831481933594
33.87128829956055
32.514862060546875
32.514862060546875
