19.733949661254883
20.76255989074707
29.921415328979492
22.33604621887207
24.613183975219727
25.996578216552734
12.104391098022461
29.44106674194336
25.809913635253906
21.946701049804688
13.378936767578125
18.620927810668945
40.20929718017578
11.178689956665039
19.0472412109375
22.926475524902344
25.665267944335938
19.17428970336914
16.440208435058594
21.4053955078125
26.974700927734375
26.23251724243164
23.900283813476562
25.809913635253906
21.664047241210938
11.60391616821289
19.595760345458984
26.56247901916504
27.73689079284668
18.246097564697266
12.486967086791992
17.605533599853516
24.04890251159668
18.152908325195312
17.890378952026367
22.5960750579834
25.809913635253906
13.83688735961914
19.227428436279297
38.13768005371094
25.106138229370117
28.836578369140625
14.679227828979492
17.890403747558594
11.826028823852539
19.403514862060547
12.779869079589844
18.81616973876953
17.98202133178711
18.10759735107422
24.358938217163086
27.572134017944336
29.45806884765625
23.827768325805664
29.28641128540039
19.146480560302734
17.890378952026367
17.605533599853516
28.72402572631836
28.7169132232666
11.115964889526367
29.646251678466797
19.09063720703125
20.76255989074707
25.799673080444336
20.877498626708984
22.851221084594727
18.557071685791016
37.74928665161133
17.890378952026367
24.22797203063965
34.39299011230469
26.033809661865234
20.419086456298828
21.667526245117188
21.679338455200195
22.835983276367188
23.905792236328125
24.92708969116211
12.663536071777344
24.981430053710938
29.90267562866211
30.868173599243164
22.24835968017578
25.799673080444336
28.859758377075195
12.14633560180664
23.422359466552734
27.927169799804688
26.383501052856445
22.430057525634766
29.44106674194336
26.104503631591797
29.646251678466797
21.692962646484375
25.904987335205078
23.75618553161621
19.09063720703125
26.23251724243164
26.974700927734375
19.262269973754883
13.89413070678711
27.622577667236328
19.829174041748047
30.90304946899414
20.770967483520508
18.280126571655273
21.983097076416016
23.45747184753418
12.024150848388672
21.611751556396484
28.859758377075195
19.977012634277344
21.596546173095703
26.735870361328125
25.62805938720703
19.977012634277344
25.106616973876953
21.861988067626953
11.291885375976562
29.89299964904785
26.383501052856445
14.714567184448242
24.949190139770508
23.900283813476562
25.932601928710938
17.836942672729492
26.974700927734375
21.998271942138672
21.816007614135742
20.053285598754883
10.822734832763672
24.04890251159668
19.761993408203125
29.761703491210938
22.88179588317871
22.096593856811523
26.87639045715332
16.542320251464844
21.951248168945312
24.02676010131836
16.53005599975586
24.147974014282227
25.904987335205078
23.20248794555664
16.090883255004883
22.24835968017578
26.055973052978516
16.920026779174805
19.403514862060547
21.232608795166016
23.900283813476562
25.23379135131836
25.62805938720703
24.901309967041016
21.286012649536133
24.421117782592773
19.146480560302734
13.52070426940918
22.465312957763672
25.106616973876953
28.17609977722168
17.804271697998047
27.622577667236328
16.937959671020508
11.262142181396484
19.670236587524414
22.404401779174805
17.605533599853516
29.646251678466797
22.178211212158203
24.04890251159668
13.978744506835938
24.225881576538086
26.383501052856445
24.179378509521484
21.44504165649414
22.08621597290039
26.424083709716797
14.282222747802734
24.892108917236328
15.863759994506836
24.898853302001953
27.572134017944336
29.44106674194336
21.020797729492188
31.48202133178711
29.646251678466797
26.147600173950195
29.44106674194336
16.090883255004883
19.262269973754883
14.168947219848633
12.767620086669922
20.952592849731445
14.81309700012207
26.424083709716797
23.45502281188965
17.890378952026367
19.95675277709961
17.890378952026367
24.939281463623047
21.085676193237305
27.622577667236328
22.36850357055664
25.904987335205078
29.44106674194336
24.448474884033203
19.146480560302734
24.33359146118164
20.306331634521484
26.383501052856445
18.314058303833008
26.637739181518555
27.83535385131836
23.802927017211914
25.330305099487305
26.147600173950195
24.984073638916016
23.938446044921875
19.273305892944336
29.646251678466797
22.51547622680664
22.63097381591797
20.133346557617188
27.59691047668457
25.799673080444336
56.11283493041992
31.761173248291016
21.951248168945312
18.459524154663086
25.106616973876953
24.04890251159668
24.28608512878418
10.673900604248047
29.187610626220703
54.959991455078125
22.246402740478516
19.7218017578125
25.330305099487305
19.651763916015625
19.146480560302734
25.001667022705078
12.72752571105957
15.246139526367188
25.799673080444336
13.288820266723633
24.22797203063965
14.817314147949219
13.053750991821289
11.291885375976562
35.8597297668457
18.063434600830078
16.601072311401367
19.736732482910156
19.733949661254883
25.904987335205078
19.829174041748047
20.25994873046875
22.23456382751465
34.51287078857422
21.851600646972656
23.667240142822266
26.637739181518555
25.799673080444336
17.855594635009766
19.276714324951172
28.37674331665039
24.270523071289062
19.570087432861328
25.809913635253906
25.800600051879883
10.738317489624023
19.398591995239258
19.829174041748047
23.59731674194336
22.096593856811523
23.34112548828125
28.7169132232666
20.328781127929688
17.890378952026367
28.130056381225586
21.286012649536133
13.69268798828125
12.695444107055664
21.882225036621094
19.733949661254883
19.403514862060547
20.328781127929688
20.059186935424805
21.085676193237305
23.900283813476562
24.949190139770508
23.20248794555664
19.977012634277344
20.095308303833008
24.21111297607422
21.983097076416016
22.192787170410156
13.926698684692383
28.86660385131836
22.89272689819336
19.610370635986328
24.85897445678711
20.143848419189453
19.651763916015625
24.225881576538086
25.358081817626953
25.665267944335938
18.246097564697266
21.664047241210938
20.952592849731445
16.090883255004883
19.262269973754883
25.674406051635742
20.76255989074707
19.977012634277344
19.829174041748047
10.78599739074707
19.398591995239258
27.572134017944336
23.900283813476562
42.876949310302734
12.735288619995117
21.286012649536133
25.809913635253906
23.827768325805664
23.433223724365234
29.44106674194336
19.398591995239258
31.509071350097656
23.905792236328125
26.979089736938477
25.665267944335938
19.31180763244629
19.262269973754883
22.716398239135742
18.152908325195312
19.0472412109375
16.059206008911133
24.984073638916016
25.799673080444336
23.75618553161621
24.21111297607422
23.900283813476562
26.43339729309082
25.799673080444336
28.37674331665039
18.46869659423828
24.421117782592773
17.605533599853516
18.314058303833008
23.073270797729492
22.4674015045166
25.038902282714844
18.450428009033203
16.601072311401367
19.829174041748047
34.22500991821289
17.605533599853516
19.262269973754883
34.22500991821289
20.87714195251465
14.470407485961914
24.84835433959961
29.187610626220703
21.286012649536133
31.935012817382812
13.032752990722656
25.85686492919922
20.614835739135742
28.16592788696289
19.09479522705078
17.605533599853516
53.816287994384766
27.647642135620117
20.908653259277344
19.61229133605957
18.246097564697266
20.642194747924805
15.448184967041016
17.400142669677734
17.890378952026367
24.147974014282227
23.430225372314453
23.90465545654297
34.27759552001953
17.604942321777344
21.692752838134766
25.799936294555664
34.22467803955078
17.816280364990234
14.277206420898438
26.383953094482422
21.285552978515625
35.66484832763672
31.7609806060791
21.737918853759766
21.663936614990234
25.9051570892334
30.823190689086914
29.869070053100586
22.5113582611084
29.887008666992188
29.869070053100586
22.084888458251953
29.387786865234375
19.39743423461914
23.122926712036133
19.081912994384766
14.172130584716797
31.7028865814209
28.7169132232666
28.7169132232666
12.704349517822266
13.450563430786133
12.096813201904297
30.092851638793945
30.092851638793945
31.7028865814209
29.372196197509766
12.687479019165039
30.295040130615234
13.658332824707031
76.9112777709961
20.090452194213867
27.389793395996094
41.5468635559082
29.677509307861328
28.549367904663086
29.869070053100586
30.605653762817383
18.557071685791016
29.51873779296875
31.03154945373535
30.20964813232422
31.03154945373535
28.271987915039062
34.572906494140625
27.79096031188965
29.92930793762207
26.790498733520508
34.95939636230469
42.612247467041016
34.581459045410156
34.37279510498047
26.078582763671875
16.6060848236084
17.376577377319336
21.955142974853516
20.008140563964844
14.227550506591797
16.753429412841797
22.96172332763672
27.694000244140625
22.729660034179688
11.49622917175293
13.863733291625977
25.387601852416992
13.448549270629883
15.558086395263672
27.787490844726562
15.103876113891602
24.12639617919922
23.674335479736328
16.00274658203125
29.866207122802734
20.963600158691406
21.148841857910156
13.83823013305664
16.178455352783203
24.9457950592041
22.46196174621582
22.46196174621582
22.46196174621582
24.9457950592041
24.9457950592041
27.858142852783203
27.858142852783203
19.713411331176758
19.713411331176758
24.9457950592041
26.382904052734375
29.456111907958984
17.738887786865234
19.4686336517334
22.46196174621582
12.746541976928711
28.122318267822266
24.50272560119629
12.920709609985352
13.142982482910156
16.14350128173828
13.303260803222656
19.4686336517334
13.416868209838867
14.286998748779297
18.34735107421875
21.148841857910156
21.148841857910156
21.148841857910156
25.387601852416992
15.400602340698242
18.36270523071289
18.445165634155273
24.9457950592041
14.566638946533203
16.178455352783203
16.178455352783203
24.9457950592041
26.99625015258789
16.441696166992188
15.339935302734375
21.148841857910156
25.387601852416992
28.262714385986328
21.148841857910156
19.4686336517334
13.103317260742188
17.644716262817383
18.371295928955078
18.606672286987305
25.387601852416992
15.994998931884766
17.014244079589844
19.88299560546875
20.315914154052734
17.15481948852539
18.91579246520996
22.07651138305664
13.246213912963867
28.373031616210938
25.387601852416992
21.148841857910156
13.367918014526367
20.993974685668945
20.25244140625
24.863056182861328
22.913814544677734
17.227401733398438
25.387601852416992
13.696346282958984
32.8795051574707
33.777706146240234
27.897411346435547
31.213245391845703
31.221454620361328
30.577842712402344
29.250263214111328
30.867897033691406
31.602781295776367
27.826244354248047
29.677509307861328
19.637971878051758
27.473148345947266
26.078582763671875
27.694000244140625
22.729660034179688
22.96172332763672
22.729660034179688
20.008140563964844
21.955142974853516
20.008140563964844
14.419109344482422
16.51328468322754
14.281423568725586
17.376577377319336
16.6060848236084
17.376577377319336
69.63258361816406
28.122318267822266
106.93406677246094
22.7843017578125
19.917537689208984
22.7843017578125
12.405908584594727
22.7843017578125
19.917537689208984
22.7843017578125
14.343730926513672
32.919612884521484
23.00334358215332
14.99618148803711
24.25608253479004
21.046314239501953
21.99298095703125
24.895641326904297
21.599409103393555
24.895641326904297
24.895641326904297
21.599409103393555
11.875011444091797
22.026901245117188
18.705949783325195
22.026901245117188
20.52054214477539
17.973526000976562
23.142024993896484
17.279422760009766
20.300975799560547
20.059186935424805
19.068925857543945
20.059186935424805
24.353965759277344
29.590167999267578
24.353965759277344
12.27828598022461
16.267473220825195
25.234861373901367
22.36075782775879
16.856691360473633
19.713411331176758
19.713411331176758
19.713411331176758
27.858142852783203
27.858142852783203
27.858142852783203
27.858142852783203
19.713411331176758
27.858142852783203
19.713411331176758
19.713411331176758
19.713411331176758
19.713411331176758
27.858142852783203
27.858142852783203
27.858142852783203
12.457786560058594
15.060260772705078
22.026901245117188
18.705949783325195
22.026901245117188
12.881668090820312
21.32213592529297
24.895641326904297
21.599409103393555
24.895641326904297
15.902870178222656
24.895641326904297
21.599409103393555
29.220863342285156
28.363117218017578
29.220863342285156
15.586254119873047
29.034080505371094
31.503049850463867
31.503049850463867
19.05594825744629
24.895641326904297
21.599409103393555
24.895641326904297
21.599409103393555
24.895641326904297
21.374324798583984
20.97986602783203
16.335426330566406
24.165414810180664
24.222787857055664
12.761940002441406
24.40823745727539
20.61256217956543
24.40823745727539
21.692962646484375
17.899343490600586
21.692962646484375
13.124126434326172
18.843786239624023
20.39460563659668
20.677885055541992
20.977848052978516
24.40823745727539
20.61256217956543
24.40823745727539
28.392208099365234
28.7169132232666
28.392208099365234
21.06366539001465
22.96251678466797
21.692962646484375
17.899343490600586
21.692962646484375
21.692962646484375
17.899343490600586
24.895641326904297
21.599409103393555
24.775815963745117
15.541183471679688
24.165414810180664
24.222787857055664
24.165414810180664
24.895641326904297
18.968910217285156
22.370662689208984
32.20802307128906
22.370662689208984
27.75458526611328
23.62628746032715
27.75458526611328
27.75458526611328
29.456111907958984
26.382904052734375
29.456111907958984
29.456111907958984
26.382904052734375
55.035926818847656
24.162353515625
20.217588424682617
22.6710262298584
20.77607536315918
22.6710262298584
24.50272560119629
28.122318267822266
24.50272560119629
20.22454833984375
15.985540390014648
20.749679565429688
21.472095489501953
23.657424926757812
13.763107299804688
30.781217575073242
24.22439956665039
20.217588424682617
20.274930953979492
20.59284782409668
12.317668914794922
18.445165634155273
15.416183471679688
19.659927368164062
13.445182800292969
12.924980163574219
19.713411331176758
19.713411331176758
19.713411331176758
30.40543556213379
19.210643768310547
27.43008041381836
15.234363555908203
19.713411331176758
19.713411331176758
19.713411331176758
19.713411331176758
19.713411331176758
31.7028865814209
23.132841110229492
22.116451263427734
26.010814666748047
29.456111907958984
26.382904052734375
14.699752807617188
26.87639045715332
24.956249237060547
27.773561477661133
13.039484024047852
10.49190902709961
27.773561477661133
10.49190902709961
90.55628967285156
46.90900802612305
10.49190902709961
10.49190902709961
10.49190902709961
10.49190902709961
22.171438217163086
10.49190902709961
10.49190902709961
10.49190902709961
10.49190902709961
10.49190902709961
10.49190902709961
10.49190902709961
10.49190902709961
10.49190902709961
10.49190902709961
19.61055564880371
31.04791259765625
27.773561477661133
10.49190902709961
10.49190902709961
19.61055564880371
10.49190902709961
10.49190902709961
10.49190902709961
19.61055564880371
10.49190902709961
10.49190902709961
40.15671920776367
10.49190902709961
10.49190902709961
19.61055564880371
26.182540893554688
17.286998748779297
10.49190902709961
10.49190902709961
19.61055564880371
10.49190902709961
10.49190902709961
10.49190902709961
19.61055564880371
10.49190902709961
10.49190902709961
10.49190902709961
10.49190902709961
19.61055564880371
19.252735137939453
12.393131256103516
10.49190902709961
19.085052490234375
13.383499145507812
10.49190902709961
19.61055564880371
10.49190902709961
10.49190902709961
10.49190902709961
10.49190902709961
19.61055564880371
19.93073081970215
12.58053207397461
10.49190902709961
10.49190902709961
19.61055564880371
35.54711151123047
10.49190902709961
10.49190902709961
19.149415969848633
10.942089080810547
30.773113250732422
12.922542572021484
10.49190902709961
10.49190902709961
19.61055564880371
21.477937698364258
21.477937698364258
18.160524368286133
18.012184143066406
21.477937698364258
19.61055564880371
21.477937698364258
21.477937698364258
19.61055564880371
20.663204193115234
20.663204193115234
26.182540893554688
15.653806686401367
20.663204193115234
20.663204193115234
22.259990692138672
21.314563751220703
22.259990692138672
22.274744033813477
19.61055564880371
21.302453994750977
21.302453994750977
22.5986270904541
29.711105346679688
19.61055564880371
21.302453994750977
21.302453994750977
20.943706512451172
26.69292640686035
13.746072769165039
21.302453994750977
27.758760452270508
19.61055564880371
19.93073081970215
12.415712356567383
27.95924949645996
25.5068302154541
21.933795928955078
18.378883361816406
12.123912811279297
22.5986270904541
20.284379959106445
27.389793395996094
25.65384292602539
11.626485824584961
21.933795928955078
14.855716705322266
22.259990692138672
21.492883682250977
13.911693572998047
13.911693572998047
12.158559799194336
11.080028533935547
30.773113250732422
15.471267700195312
13.882705688476562
12.220993041992188
12.334665298461914
19.61055564880371
13.469451904296875
22.259990692138672
15.799739837646484
21.933795928955078
11.842987060546875
11.42010498046875
11.831409454345703
22.491363525390625
11.080028533935547
15.064502716064453
15.037845611572266
12.984970092773438
12.604764938354492
13.853452682495117
22.491363525390625
13.539947509765625
22.491363525390625
19.61055564880371
22.491363525390625
30.773113250732422
23.94327735900879
22.491363525390625
26.90906524658203
11.499135971069336
12.015457153320312
22.4913330078125
26.908252716064453
21.766189575195312
23.68286895751953
41.876548767089844
37.20317840576172
18.03949546813965
18.03949546813965
94.9203109741211
18.03949546813965
37.20317840576172
18.03949546813965
22.393627166748047
17.176239013671875
25.746057510375977
26.02218246459961
59.604461669921875
18.03949546813965
18.03949546813965
18.03949546813965
18.03949546813965
18.03949546813965
18.03949546813965
18.03949546813965
18.03949546813965
49.757606506347656
18.03949546813965
18.03949546813965
18.03949546813965
18.03949546813965
18.03949546813965
18.03949546813965
18.03949546813965
18.03949546813965
18.03949546813965
18.03949546813965
18.03949546813965
18.03949546813965
18.03949546813965
18.03949546813965
18.03949546813965
18.03949546813965
18.03949546813965
18.03949546813965
18.03949546813965
18.03949546813965
18.03949546813965
18.03949546813965
18.03949546813965
18.03949546813965
18.03949546813965
18.03949546813965
18.03949546813965
18.03949546813965
18.03949546813965
18.03949546813965
18.03949546813965
18.03949546813965
18.03949546813965
18.03949546813965
18.03949546813965
18.03949546813965
18.03949546813965
18.03949546813965
18.03949546813965
18.03949546813965
18.03949546813965
18.03949546813965
18.03949546813965
18.03949546813965
18.03949546813965
18.03949546813965
18.03949546813965
18.03949546813965
18.03949546813965
18.03949546813965
18.03949546813965
18.03949546813965
18.03949546813965
18.03949546813965
18.03949546813965
18.03949546813965
18.03949546813965
18.03949546813965
18.03949546813965
18.03949546813965
18.51201820373535
18.619678497314453
11.653812408447266
29.372196197509766
32.85371780395508
31.845802307128906
25.790857315063477
31.845802307128906
25.790857315063477
22.289203643798828
20.494476318359375
17.44244384765625
21.455467224121094
13.43802261352539
21.471200942993164
10.915855407714844
13.544715881347656
18.619678497314453
11.953678131103516
23.132841110229492
22.116451263427734
21.471200942993164
17.60005760192871
23.132841110229492
23.98299217224121
19.663551330566406
21.691593170166016
18.55927085876465
50.465911865234375
21.471200942993164
14.819698333740234
15.85600471496582
31.845806121826172
25.79085922241211
20.955472946166992
31.845806121826172
25.79085922241211
20.955472946166992
32.97222137451172
25.427776336669922
25.888673782348633
11.287662506103516
23.132841110229492
22.116451263427734
19.596271514892578
25.427776336669922
25.888673782348633
24.696104049682617
25.427776336669922
25.888673782348633
24.696104049682617
35.15502166748047
30.092849731445312
30.092849731445312
30.092849731445312
20.642194747924805
20.58514404296875
25.427776336669922
25.888673782348633
24.696104049682617
23.132841110229492
22.116451263427734
26.01081085205078
25.427776336669922
25.888673782348633
24.696104049682617
25.427776336669922
19.16326141357422
20.453720092773438
24.525224685668945
22.465312957763672
20.62278175354004
19.59646224975586
12.972465515136719
22.465312957763672
20.62278175354004
29.456113815307617
26.38290786743164
29.456113815307617
29.456113815307617
26.38290786743164
73.46342468261719
13.668230056762695
14.311100006103516
16.976896286010742
25.888673782348633
24.696104049682617
12.924980163574219
26.598739624023438
24.40060043334961
26.598739624023438
32.38430404663086
27.36453628540039
22.77309799194336
23.769399642944336
27.36453628540039
22.77309799194336
27.36453628540039
17.213083267211914
18.84379005432129
20.39460563659668
20.677881240844727
14.302608489990234
24.162353515625
22.090576171875
24.224401473999023
20.217588424682617
20.274930953979492
20.217588424682617
22.6710262298584
20.776079177856445
22.6710262298584
20.008140563964844
21.955142974853516
20.008140563964844
17.376575469970703
16.6060848236084
17.376575469970703
22.465312957763672
20.62278175354004
12.15723991394043
31.41869354248047
89.07276916503906
24.502721786499023
28.122318267822266
24.502721786499023
12.889762878417969
14.047100067138672
13.312557220458984
18.44516944885254
18.42974853515625
19.65992546081543
27.36453628540039
22.77309799194336
19.840181350708008
24.587032318115234
25.99474334716797
22.627084732055664
11.503528594970703
19.15447235107422
13.99856948852539
12.615171432495117
20.672664642333984
20.508424758911133
24.070659637451172
21.216493606567383
34.619293212890625
22.815837860107422
15.344463348388672
13.661125183105469
15.077970504760742
12.37167739868164
17.07754135131836
15.301948547363281
22.026899337768555
18.705949783325195
22.026899337768555
19.717082977294922
13.151952743530273
23.657426834106445
20.444034576416016
20.749679565429688
12.411510467529297
14.169242858886719
24.86305809020996
22.913814544677734
21.86507225036621
10.49801254272461
22.784297943115234
19.91754150390625
22.784297943115234
14.339179992675781
24.895641326904297
21.599409103393555
24.895641326904297
24.895641326904297
21.599409103393555
27.685894012451172
28.046127319335938
27.685894012451172
24.895641326904297
21.599409103393555
24.895641326904297
20.69690704345703
22.15709686279297
20.616031646728516
24.895641326904297
21.599409103393555
16.269153594970703
24.895641326904297
21.599409103393555
24.895641326904297
30.727855682373047
17.507553100585938
30.727855682373047
24.895641326904297
21.599409103393555
24.895641326904297
21.599409103393555
24.895641326904297
15.604476928710938
24.46702003479004
23.340608596801758
23.67995834350586
27.69400405883789
24.57732582092285
22.361902236938477
10.940654754638672
16.471736907958984
13.492965698242188
29.849910736083984
24.16541290283203
24.222787857055664
24.16541290283203
28.392208099365234
28.7169132232666
28.392208099365234
24.40823745727539
20.612564086914062
24.40823745727539
16.695858001708984
44.871604919433594
10.371517181396484
23.511404037475586
32.83631134033203
23.511404037475586
14.366470336914062
24.895641326904297
21.599409103393555
31.845806121826172
25.79085922241211
27.242538452148438
24.895641326904297
21.599409103393555
24.40823745727539
20.612564086914062
24.40823745727539
29.50951385498047
21.692962646484375
17.899343490600586
21.692962646484375
18.84379005432129
20.39460563659668
20.677881240844727
12.489849090576172
21.692962646484375
17.899343490600586
21.692962646484375
21.692962646484375
17.899343490600586
24.895641326904297
21.599409103393555
16.70815086364746
19.02248764038086
22.370662689208984
32.208030700683594
22.370956420898438
12.90627670288086
13.797191619873047
24.1643009185791
24.221967697143555
72.91304016113281
44.19180679321289
23.68286895751953
28.50316619873047
21.766189575195312
71.50822448730469
27.773561477661133
44.36539077758789
22.259990692138672
11.851511001586914
21.431079864501953
13.092765808105469
19.25273895263672
25.653846740722656
24.204299926757812
26.182540893554688
31.371734619140625
21.68553924560547
27.809856414794922
18.378883361816406
13.657814025878906
19.25273895263672
22.171438217163086
22.598623275756836
22.308475494384766
30.773113250732422
18.868789672851562
22.259990692138672
12.342397689819336
22.259990692138672
17.918516159057617
13.985000610351562
22.259990692138672
21.648649215698242
21.32689666748047
15.856407165527344
26.90906524658203
13.75040054321289
27.561416625976562
23.13479232788086
44.83909606933594
43.89643096923828
30.773113250732422
12.984466552734375
13.609346389770508
15.041606903076172
28.045757293701172
22.171438217163086
13.240333557128906
22.171438217163086
30.773113250732422
30.773113250732422
24.310012817382812
24.310012817382812
23.076492309570312
24.310012817382812
18.936100006103516
14.81781005859375
26.182540893554688
11.569660186767578
47.93570327758789
79.26607513427734
19.25273895263672
20.760787963867188
19.25273895263672
14.48012924194336
30.274261474609375
66.97380065917969
26.90906524658203
12.40087890625
13.335227966308594
19.25273895263672
15.597616195678711
22.598623275756836
13.293018341064453
13.293018341064453
12.539487838745117
13.293018341064453
22.259990692138672
13.746070861816406
19.609596252441406
21.697406768798828
26.90906524658203
15.419952392578125
23.13479232788086
14.804132461547852
12.085369110107422
25.653846740722656
16.287940979003906
22.598623275756836
12.871162414550781
14.82136344909668
23.064437866210938
22.259990692138672
14.8800048828125
40.156715393066406
26.90906524658203
27.389793395996094
26.90906524658203
15.3475341796875
13.555330276489258
13.391277313232422
13.555330276489258
12.871162414550781
12.947275161743164
14.110288619995117
12.947275161743164
12.947275161743164
12.947275161743164
12.947275161743164
12.947275161743164
24.626480102539062
12.947275161743164
22.598623275756836
12.95738410949707
12.947275161743164
16.55462646484375
30.773113250732422
16.862154006958008
30.773113250732422
14.420896530151367
12.947275161743164
19.65660285949707
12.947275161743164
12.947275161743164
12.947275161743164
14.110288619995117
12.947275161743164
12.947380065917969
12.947380065917969
12.947380065917969
12.947380065917969
12.947380065917969
12.947380065917969
12.947380065917969
12.947380065917969
14.110553741455078
16.012657165527344
12.947380065917969
12.998363494873047
12.947380065917969
11.603418350219727
12.947380065917969
12.947380065917969
13.294647216796875
12.947380065917969
11.603418350219727
14.110553741455078
18.3454532623291
11.65072250366211
14.81597900390625
11.603418350219727
11.603418350219727
