11.566646575927734
10.551481246948242
25.49429702758789
13.582439422607422
16.909297943115234
17.75244140625
2.6111373901367188
20.0217342376709
17.51358985900879
14.13314437866211
4.293281555175781
11.10736083984375
34.35502243041992
0.6957511901855469
10.654155731201172
14.708526611328125
18.960227966308594
12.094001770019531
7.824739456176758
13.086189270019531
17.924270629882812
17.956398010253906
13.057239532470703
17.51358985900879
13.768974304199219
1.3830795288085938
13.556079864501953
17.542827606201172
24.949098587036133
10.364322662353516
2.8842391967773438
7.218193054199219
14.717279434204102
9.408527374267578
8.659334182739258
15.463508605957031
17.51358985900879
4.551811218261719
11.938190460205078
34.8782958984375
20.073963165283203
25.486957550048828
8.702003479003906
9.623077392578125
1.4383125305175781
11.704402923583984
2.4450416564941406
10.353706359863281
10.09193229675293
15.238731384277344
16.09667205810547
18.563549041748047
23.570512771606445
15.590063095092773
21.595916748046875
11.165489196777344
8.659334182739258
7.218193054199219
21.40958023071289
19.52486801147461
1.9884796142578125
21.61121368408203
10.71000862121582
10.551481246948242
16.11249542236328
12.745651245117188
12.852571487426758
6.101844787597656
36.303138732910156
8.659334182739258
15.758277893066406
26.13489532470703
15.60219955444336
12.11235237121582
13.228715896606445
13.478118896484375
15.49456787109375
15.982213973999023
17.06171417236328
5.005840301513672
17.815330505371094
24.125022888183594
21.580432891845703
14.816032409667969
16.11249542236328
23.025962829589844
2.7386093139648438
15.275787353515625
18.604557037353516
17.627086639404297
15.105125427246094
20.0217342376709
18.923580169677734
21.61121368408203
11.371307373046875
21.54889678955078
15.459867477416992
10.71000862121582
17.956398010253906
17.924270629882812
8.927860260009766
4.183963775634766
21.560977935791016
11.609317779541016
22.61284828186035
12.816688537597656
10.3052978515625
13.970783233642578
17.020984649658203
1.7266349792480469
15.296100616455078
23.025962829589844
12.31230354309082
13.009889602661133
17.926681518554688
16.953521728515625
12.31230354309082
17.29318618774414
16.32697296142578
0.9797859191894531
20.84051513671875
17.627086639404297
5.918083190917969
19.751428604125977
13.057239532470703
16.914501190185547
10.651945114135742
17.924270629882812
12.994758605957031
14.944709777832031
11.175764083862305
1.4250335693359375
14.717279434204102
13.601768493652344
26.15926170349121
14.899246215820312
14.080806732177734
21.260570526123047
8.91690444946289
14.075202941894531
16.35266876220703
8.190923690795898
15.44023323059082
21.54889678955078
13.48788833618164
7.126350402832031
14.816032409667969
15.974239349365234
7.79608154296875
11.704402923583984
13.619874954223633
13.057239532470703
18.12868881225586
16.953521728515625
17.014068603515625
12.449142456054688
16.355403900146484
11.165489196777344
4.245746612548828
14.841066360473633
17.29318618774414
22.075824737548828
7.183162689208984
21.560977935791016
8.307592391967773
0.8681526184082031
11.956039428710938
14.444677352905273
7.218193054199219
21.61121368408203
14.849323272705078
14.717279434204102
4.157955169677734
16.72638511657715
17.627086639404297
15.911153793334961
13.096508026123047
18.129867553710938
16.429235458374023
4.941474914550781
16.493053436279297
6.775733947753906
16.397653579711914
18.563549041748047
20.0217342376709
12.951419830322266
22.888063430786133
21.61121368408203
17.355148315429688
20.0217342376709
7.126350402832031
8.927860260009766
5.449066162109375
3.0723495483398438
12.61444091796875
7.184196472167969
16.429235458374023
15.375232696533203
8.659334182739258
9.547222137451172
8.659334182739258
19.88137435913086
12.848804473876953
21.560977935791016
12.347915649414062
21.54889678955078
20.0217342376709
16.032676696777344
11.165489196777344
18.634113311767578
12.53961181640625
17.627086639404297
10.077981948852539
21.408710479736328
19.911691665649414
15.91158676147461
15.807607650756836
17.355148315429688
17.24140167236328
15.58420181274414
11.491809844970703
21.61121368408203
14.913034439086914
16.945892333984375
12.485294342041016
17.46672821044922
16.11249542236328
53.64512634277344
28.999874114990234
14.075202941894531
9.792015075683594
17.29318618774414
14.717279434204102
15.973625183105469
0.557281494140625
24.759143829345703
58.80282974243164
11.95956802368164
11.7645263671875
15.807607650756836
11.257171630859375
11.165489196777344
13.802074432373047
2.8761215209960938
6.931781768798828
16.11249542236328
3.7484664916992188
15.758277893066406
8.9163818359375
4.072315216064453
0.9797859191894531
32.373512268066406
9.24908447265625
7.985935211181641
10.113985061645508
11.566646575927734
21.54889678955078
11.609317779541016
9.744449615478516
14.037284851074219
26.01949119567871
13.816535949707031
18.44506072998047
21.408710479736328
16.11249542236328
10.393177032470703
10.516281127929688
22.385517120361328
18.100908279418945
11.92262077331543
17.51358985900879
17.503183364868164
0.3346595764160156
11.29539680480957
11.609317779541016
17.936969757080078
14.080806732177734
16.56466293334961
19.52486801147461
11.673830032348633
8.659334182739258
20.3540096282959
12.449142456054688
6.1823272705078125
2.4040756225585938
15.830581665039062
11.566646575927734
11.704402923583984
11.673830032348633
11.611318588256836
12.848804473876953
13.057239532470703
19.751428604125977
13.48788833618164
12.31230354309082
11.228219985961914
16.3262882232666
13.970783233642578
14.446109771728516
4.443729400634766
24.502153396606445
16.05251693725586
11.602495193481445
22.485485076904297
12.67524528503418
11.257171630859375
16.72638511657715
19.053617477416992
18.960227966308594
10.364322662353516
13.768974304199219
12.61444091796875
7.126350402832031
8.927860260009766
16.93387222290039
10.551481246948242
12.31230354309082
11.609317779541016
2.1417083740234375
11.29539680480957
18.563549041748047
13.057239532470703
63.71802520751953
3.3381309509277344
12.449142456054688
17.51358985900879
15.590063095092773
17.687488555908203
20.0217342376709
11.29539680480957
27.063274383544922
15.982213973999023
21.098094940185547
18.960227966308594
11.83700180053711
8.927860260009766
13.3270263671875
9.408527374267578
10.654155731201172
8.220516204833984
17.24140167236328
16.11249542236328
15.459867477416992
16.3262882232666
13.057239532470703
20.578739166259766
16.11249542236328
22.385517120361328
10.242847442626953
16.355403900146484
7.218193054199219
10.077981948852539
13.10324478149414
14.623384475708008
15.796857833862305
12.190399169921875
7.985935211181641
11.609317779541016
25.387386322021484
7.218193054199219
8.927860260009766
25.387386322021484
12.798763275146484
5.439521789550781
16.220739364624023
24.759143829345703
12.449142456054688
24.10989761352539
4.194353103637695
17.15074920654297
10.319780349731445
20.077396392822266
11.295196533203125
7.218193054199219
54.27458190917969
17.70567512512207
13.431564331054688
12.396970748901367
10.364322662353516
12.331762313842773
7.550418853759766
6.665180206298828
8.659334182739258
15.44023323059082
19.203176498413086
14.797285079956055
28.809844970703125
7.217807769775391
11.37127685546875
16.112579345703125
25.387081146240234
7.25848388671875
7.664676666259766
17.627422332763672
12.448028564453125
29.953758239746094
27.871917724609375
14.567188262939453
13.768449783325195
21.54924964904785
18.801530838012695
18.284969329833984
15.913389205932617
17.801803588867188
18.284969329833984
15.232872009277344
17.742141723632812
10.414691925048828
16.007112503051758
11.411670684814453
4.931968688964844
27.677886962890625
19.52486801147461
19.52486801147461
2.4426116943359375
4.00712776184082
1.9890174865722656
27.290447235107422
27.290447235107422
27.677886962890625
20.85689926147461
1.8857803344726562
22.75347900390625
3.8320045471191406
55.030025482177734
12.436445236206055
19.616535186767578
61.595252990722656
18.019628524780273
21.509811401367188
18.284969329833984
18.52344512939453
6.101844787597656
17.46289825439453
19.425758361816406
18.25371742248535
19.425758361816406
21.53668975830078
23.265066146850586
20.181440353393555
19.023860931396484
17.73733901977539
27.94342041015625
34.74903869628906
23.83152198791504
22.857513427734375
17.143001556396484
5.801103591918945
7.400640487670898
15.004196166992188
11.48593521118164
5.221626281738281
7.840221405029297
14.497303009033203
18.09699249267578
14.119258880615234
1.1869888305664062
3.4488182067871094
16.04236602783203
3.745716094970703
6.614810943603516
26.01873016357422
5.278753280639648
17.15032958984375
15.373308181762695
6.552806854248047
25.94432830810547
14.336795806884766
12.861116409301758
3.9280471801757812
7.120334625244141
18.67333984375
15.057975769042969
15.057975769042969
15.057975769042969
18.67333984375
18.67333984375
16.840341567993164
16.840341567993164
10.693084716796875
10.693084716796875
18.67333984375
15.514575958251953
20.92871856689453
11.148616790771484
10.721458435058594
15.057975769042969
3.9938621520996094
18.050086975097656
14.636981964111328
2.943115234375
3.7694129943847656
5.764469146728516
3.997772216796875
10.721458435058594
4.262027740478516
4.119758605957031
10.217096328735352
12.861116409301758
12.861116409301758
12.861116409301758
16.04236602783203
5.600881576538086
9.890647888183594
10.1654052734375
18.67333984375
7.034191131591797
7.120334625244141
7.120334625244141
18.67333984375
17.200298309326172
8.353340148925781
9.521751403808594
12.861116409301758
16.04236602783203
25.809438705444336
12.861116409301758
10.721458435058594
3.3668441772460938
8.990859985351562
10.293701171875
10.630455017089844
16.04236602783203
7.7929534912109375
11.379573822021484
12.966022491455078
12.182159423828125
8.065277099609375
10.888263702392578
14.420047760009766
3.4234619140625
26.6673641204834
16.04236602783203
12.861116409301758
3.691976547241211
13.68210220336914
12.765859603881836
18.040847778320312
14.667387008666992
13.578548431396484
16.04236602783203
4.6998443603515625
26.743419647216797
24.222415924072266
17.896535873413086
19.10559844970703
19.297603607177734
20.709285736083984
19.938709259033203
18.897987365722656
19.792776107788086
20.893722534179688
18.019628524780273
11.79742431640625
17.52952766418457
17.143001556396484
18.09699249267578
14.119258880615234
14.497303009033203
14.119258880615234
11.48593521118164
15.004196166992188
11.48593521118164
8.309593200683594
11.56036376953125
5.045742034912109
7.400640487670898
5.801103591918945
7.400640487670898
57.42002868652344
18.050086975097656
85.52063751220703
13.545644760131836
11.25479507446289
13.545644760131836
3.561077117919922
13.545644760131836
11.25479507446289
13.545644760131836
4.42364501953125
29.621761322021484
16.33110237121582
5.950618743896484
16.186683654785156
12.425653457641602
13.49458122253418
17.28767967224121
14.169427871704102
17.28767967224121
17.28767967224121
14.169427871704102
2.769489288330078
14.239900588989258
11.056428909301758
14.239900588989258
12.504158020019531
10.522117614746094
17.31719207763672
9.594196319580078
14.014453887939453
11.611318588256836
10.103694915771484
11.611318588256836
16.599998474121094
22.344680786132812
16.599998474121094
3.888988494873047
7.706020355224609
15.077096939086914
15.88979721069336
6.627574920654297
10.693084716796875
10.693084716796875
10.693084716796875
16.840341567993164
16.840341567993164
16.840341567993164
16.840341567993164
10.693084716796875
16.840341567993164
10.693084716796875
10.693084716796875
10.693084716796875
10.693084716796875
16.840341567993164
16.840341567993164
16.840341567993164
3.093996047973633
5.138309478759766
14.239900588989258
11.056428909301758
14.239900588989258
4.535327911376953
13.869487762451172
17.28767967224121
14.169427871704102
17.28767967224121
7.5634613037109375
17.28767967224121
14.169427871704102
22.11470603942871
21.17877197265625
22.11470603942871
5.523200988769531
22.52579116821289
23.921878814697266
23.921878814697266
12.62369155883789
17.28767967224121
14.169427871704102
17.28767967224121
14.169427871704102
17.28767967224121
12.982940673828125
12.562263488769531
8.480220794677734
13.395666122436523
14.255306243896484
2.959545135498047
15.980619430541992
12.526199340820312
15.980619430541992
11.371307373046875
7.697551727294922
11.371307373046875
7.768627166748047
10.799589157104492
12.912439346313477
13.637895584106445
13.394515991210938
15.980619430541992
12.526199340820312
15.980619430541992
18.47040557861328
19.52486801147461
18.47040557861328
17.536022186279297
17.15094566345215
11.371307373046875
7.697551727294922
11.371307373046875
11.371307373046875
7.697551727294922
17.28767967224121
14.169427871704102
17.543048858642578
5.125389099121094
13.395666122436523
14.255306243896484
13.395666122436523
17.28767967224121
14.065561294555664
14.156942367553711
28.537904739379883
14.156942367553711
19.871435165405273
18.0933895111084
19.871435165405273
19.871435165405273
20.92871856689453
15.514575958251953
20.92871856689453
20.92871856689453
15.514575958251953
63.91465759277344
16.847076416015625
12.347503662109375
13.823966979980469
12.339265823364258
13.823966979980469
14.636981964111328
18.050086975097656
14.636981964111328
11.283044815063477
6.119102478027344
11.753669738769531
12.275566101074219
14.724559783935547
3.4680213928222656
29.462329864501953
16.546329498291016
12.347503662109375
12.776159286499023
15.565694808959961
2.939298629760742
10.1654052734375
5.837017059326172
12.509418487548828
5.940044403076172
4.023126602172852
10.693084716796875
10.693084716796875
10.693084716796875
26.06821060180664
8.75156021118164
21.139080047607422
7.563972473144531
10.693084716796875
10.693084716796875
10.693084716796875
10.693084716796875
10.693084716796875
27.677886962890625
14.876556396484375
14.245046615600586
21.817840576171875
20.92871856689453
15.514575958251953
6.30157470703125
21.260570526123047
18.12334442138672
19.691226959228516
3.4504051208496094
-2.657665252685547
19.691226959228516
-2.657665252685547
103.97310638427734
36.919925689697266
-2.657665252685547
-2.657665252685547
-2.657665252685547
-2.657665252685547
13.600162506103516
-2.657665252685547
-2.657665252685547
-2.657665252685547
-2.657665252685547
-2.657665252685547
-2.657665252685547
-2.657665252685547
-2.657665252685547
-2.657665252685547
-2.657665252685547
8.94412612915039
25.914718627929688
19.691226959228516
-2.657665252685547
-2.657665252685547
8.94412612915039
-2.657665252685547
-2.657665252685547
-2.657665252685547
8.94412612915039
-2.657665252685547
-2.657665252685547
33.01692199707031
-2.657665252685547
-2.657665252685547
8.94412612915039
17.79751968383789
16.41559600830078
-2.657665252685547
-2.657665252685547
8.94412612915039
-2.657665252685547
-2.657665252685547
-2.657665252685547
8.94412612915039
-2.657665252685547
-2.657665252685547
-2.657665252685547
-2.657665252685547
8.94412612915039
11.033092498779297
2.173248291015625
-2.657665252685547
11.256034851074219
5.3619384765625
-2.657665252685547
8.94412612915039
-2.657665252685547
-2.657665252685547
-2.657665252685547
-2.657665252685547
8.94412612915039
10.290655136108398
3.033428192138672
-2.657665252685547
-2.657665252685547
8.94412612915039
39.32256317138672
-2.657665252685547
-2.657665252685547
10.13308334350586
0.4754981994628906
24.068618774414062
1.5009765625
-2.657665252685547
-2.657665252685547
8.94412612915039
12.304351806640625
12.304351806640625
10.111278533935547
10.180585861206055
12.304351806640625
8.94412612915039
12.304351806640625
12.304351806640625
8.94412612915039
10.579578399658203
10.579578399658203
17.79751968383789
10.858047485351562
10.579578399658203
10.579578399658203
15.193014144897461
13.107490539550781
15.193014144897461
17.144996643066406
8.94412612915039
11.216659545898438
11.216659545898438
13.692779541015625
23.24034309387207
8.94412612915039
11.216659545898438
11.216659545898438
12.587779998779297
18.17685317993164
2.815347671508789
11.216659545898438
20.71057891845703
8.94412612915039
10.290655136108398
3.9710960388183594
22.686250686645508
21.41378402709961
12.159639358520508
9.343429565429688
5.93121337890625
13.692779541015625
13.647054672241211
19.616535186767578
21.048940658569336
0.42282867431640625
12.159639358520508
7.186164855957031
15.193014144897461
15.191869735717773
4.245830535888672
4.245830535888672
1.14349365234375
-0.592681884765625
24.068618774414062
5.959316253662109
6.116611480712891
1.6099052429199219
1.6956253051757812
8.94412612915039
3.0299854278564453
15.193014144897461
8.605323791503906
12.159639358520508
0.6041259765625
0.9320907592773438
1.2645759582519531
13.086410522460938
-0.592681884765625
4.826732635498047
7.8726959228515625
2.5047760009765625
1.706512451171875
6.046417236328125
13.086410522460938
4.697959899902344
13.086410522460938
8.94412612915039
13.086410522460938
24.068618774414062
15.956607818603516
13.086410522460938
17.124300003051758
1.3339920043945312
1.725921630859375
13.086929321289062
17.123563766479492
11.509475708007812
14.598339080810547
41.31610870361328
31.340782165527344
5.151432037353516
5.151432037353516
98.40473175048828
5.151432037353516
31.340782165527344
5.151432037353516
17.213836669921875
7.755825042724609
17.49435043334961
24.969226837158203
50.668453216552734
5.151432037353516
5.151432037353516
5.151432037353516
5.151432037353516
5.151432037353516
5.151432037353516
5.151432037353516
5.151432037353516
41.726600646972656
5.151432037353516
5.151432037353516
5.151432037353516
5.151432037353516
5.151432037353516
5.151432037353516
5.151432037353516
5.151432037353516
5.151432037353516
5.151432037353516
5.151432037353516
5.151432037353516
5.151432037353516
5.151432037353516
5.151432037353516
5.151432037353516
5.151432037353516
5.151432037353516
5.151432037353516
5.151432037353516
5.151432037353516
5.151432037353516
5.151432037353516
5.151432037353516
5.151432037353516
5.151432037353516
5.151432037353516
5.151432037353516
5.151432037353516
5.151432037353516
5.151432037353516
5.151432037353516
5.151432037353516
5.151432037353516
5.151432037353516
5.151432037353516
5.151432037353516
5.151432037353516
5.151432037353516
5.151432037353516
5.151432037353516
5.151432037353516
5.151432037353516
5.151432037353516
5.151432037353516
5.151432037353516
5.151432037353516
5.151432037353516
5.151432037353516
5.151432037353516
5.151432037353516
5.151432037353516
5.151432037353516
5.151432037353516
5.151432037353516
5.151432037353516
5.151432037353516
5.151432037353516
5.151432037353516
5.151432037353516
11.030773162841797
11.11007308959961
1.703338623046875
20.85689926147461
25.375219345092773
23.157947540283203
16.86928939819336
23.157947540283203
16.86928939819336
12.95626449584961
11.644283294677734
10.723690032958984
17.180835723876953
2.206798553466797
11.9619140625
0.8491096496582031
5.011383056640625
11.11007308959961
2.1196632385253906
14.876556396484375
14.245046615600586
11.9619140625
9.80832290649414
14.876556396484375
17.91104507446289
10.823598861694336
13.1729736328125
9.59402847290039
49.111915588378906
11.961912155151367
5.571643829345703
8.10690689086914
23.157947540283203
16.869295120239258
13.203893661499023
23.157947540283203
16.869295120239258
13.203893661499023
30.51248550415039
18.601524353027344
19.78862190246582
-0.28211212158203125
14.87655258178711
14.245044708251953
11.469123840332031
18.601524353027344
19.78862190246582
18.534379959106445
18.601524353027344
19.78862190246582
18.534379959106445
29.975601196289062
27.290449142456055
27.290449142456055
27.290449142456055
12.331762313842773
12.402429580688477
18.601524353027344
19.78862190246582
18.534379959106445
14.87655258178711
14.245044708251953
21.817842483520508
18.601524353027344
19.78862190246582
18.534379959106445
18.601524353027344
10.065961837768555
11.275154113769531
17.91775131225586
14.841066360473633
12.315067291259766
10.492805480957031
3.8582839965820312
14.841066360473633
12.315067291259766
20.92871856689453
15.514577865600586
20.92871856689453
20.92871856689453
15.514577865600586
51.331111907958984
2.71539306640625
5.347461700439453
10.026046752929688
19.78862190246582
18.534379959106445
4.023124694824219
20.28173065185547
17.94605255126953
20.28173065185547
46.057254791259766
19.369098663330078
14.843185424804688
15.68487548828125
19.369098663330078
14.843185424804688
19.369098663330078
5.934970855712891
10.799589157104492
12.912439346313477
13.63789176940918
5.414371490478516
16.847076416015625
14.43855094909668
16.546327590942383
12.34749984741211
12.776159286499023
12.34749984741211
13.823966979980469
12.339263916015625
13.823966979980469
11.48593521118164
15.004196166992188
11.48593521118164
7.400640487670898
5.801103591918945
7.400640487670898
14.841066360473633
12.315067291259766
2.859039306640625
29.32798194885254
72.03472900390625
14.636978149414062
18.050079345703125
14.636978149414062
4.452461242675781
2.4911842346191406
4.014862060546875
10.165409088134766
9.582338333129883
12.509418487548828
19.369098663330078
14.843185424804688
12.23294448852539
16.79909896850586
17.795591354370117
15.58395004272461
0.521026611328125
14.053421020507812
5.4102630615234375
3.067901611328125
12.386032104492188
12.701862335205078
16.15597915649414
12.443767547607422
30.92578125
13.333965301513672
5.922599792480469
4.200084686279297
7.315290451049805
2.9651260375976562
8.616138458251953
6.651218414306641
14.239900588989258
11.05643081665039
14.239900588989258
9.619071960449219
4.193716049194336
14.724559783935547
12.08443832397461
11.753669738769531
2.9211158752441406
6.579063415527344
18.040849685668945
14.667387008666992
22.732646942138672
0.5811729431152344
13.545644760131836
11.254796981811523
13.545644760131836
5.978229522705078
17.28767967224121
14.169427871704102
17.28767967224121
17.28767967224121
14.169427871704102
18.154621124267578
18.941173553466797
18.154621124267578
17.28767967224121
14.169427871704102
17.28767967224121
12.728395462036133
14.13137435913086
12.80270767211914
17.28767967224121
14.169427871704102
5.98321533203125
17.28767967224121
14.169427871704102
17.28767967224121
24.989215850830078
11.190450668334961
24.989215850830078
17.28767967224121
14.169427871704102
17.28767967224121
14.169427871704102
17.28767967224121
9.369972229003906
18.46900749206543
16.894140243530273
17.208528518676758
18.096988677978516
15.263046264648438
12.943532943725586
0.6188316345214844
10.276859283447266
4.372730255126953
21.386898040771484
13.395668029785156
14.255306243896484
13.395668029785156
18.47040557861328
19.52486801147461
18.47040557861328
15.980619430541992
12.526199340820312
15.980619430541992
6.743999481201172
38.32087707519531
-1.0629005432128906
15.495227813720703
26.0341796875
15.495227813720703
7.13909912109375
17.28767967224121
14.169427871704102
23.157947540283203
16.869295120239258
29.293819427490234
17.28767967224121
14.169427871704102
15.980619430541992
12.526199340820312
15.980619430541992
22.843639373779297
11.371307373046875
7.697551727294922
11.371307373046875
10.799589157104492
12.912439346313477
13.63789176940918
2.784679412841797
11.371307373046875
7.697551727294922
11.371307373046875
11.371307373046875
7.697551727294922
17.28767967224121
14.169427871704102
8.137298583984375
10.020530700683594
14.156944274902344
28.53790283203125
14.157222747802734
3.5720901489257812
5.402347564697266
13.395092010498047
14.254064559936523
52.75531005859375
55.92399978637695
14.598339080810547
24.716102600097656
11.509475708007812
70.01460266113281
19.691226959228516
40.7176513671875
15.193014144897461
1.526702880859375
13.335287094116211
7.884803771972656
11.033092498779297
21.04894256591797
13.094112396240234
17.79752540588379
18.577739715576172
11.017227172851562
14.984771728515625
9.343429565429688
5.7012176513671875
11.033092498779297
13.600166320800781
13.692781448364258
13.546104431152344
24.068614959716797
9.921722412109375
15.193014144897461
2.545459747314453
15.193014144897461
9.444463729858398
5.639869689941406
15.193014144897461
12.902690887451172
19.74843978881836
7.449161529541016
17.124296188354492
5.871334075927734
26.650840759277344
15.417793273925781
58.29168701171875
55.34359359741211
24.068614959716797
3.264850616455078
3.245098114013672
6.329776763916016
16.920978546142578
13.600166320800781
2.7011451721191406
13.600166320800781
24.068614959716797
24.068614959716797
16.455293655395508
16.455293655395508
15.997684478759766
16.455293655395508
10.846221923828125
5.908882141113281
17.79752540588379
1.2013893127441406
53.697967529296875
87.87418365478516
11.033092498779297
11.89345932006836
11.033092498779297
5.242832183837891
25.731014251708984
62.356746673583984
17.124296188354492
2.1118927001953125
3.036224365234375
11.033092498779297
6.614219665527344
13.692781448364258
1.6040401458740234
1.6040401458740234
0.945556640625
1.6040401458740234
15.193014144897461
2.815349578857422
9.845903396606445
11.968023300170898
17.124296188354492
5.8851165771484375
15.417793273925781
6.098272323608398
1.3689613342285156
21.04894256591797
10.232097625732422
13.692781448364258
1.283468246459961
6.441383361816406
12.667423248291016
15.193014144897461
6.074535369873047
33.01692199707031
17.124296188354492
19.616533279418945
17.124296188354492
6.788190841674805
3.5053787231445312
3.4013404846191406
3.5053787231445312
1.283468246459961
1.3709793090820312
3.269622802734375
1.3709793090820312
1.3709793090820312
1.3709793090820312
1.3709793090820312
1.3709793090820312
17.16603660583496
1.3709793090820312
13.692781448364258
1.2490310668945312
1.3709793090820312
7.860904693603516
24.068614959716797
8.142086029052734
24.068614959716797
4.9878692626953125
1.3709793090820312
12.141090393066406
1.3709793090820312
1.3709793090820312
1.3709793090820312
3.269622802734375
1.3709793090820312
1.371124267578125
1.371124267578125
1.371124267578125
1.371124267578125
1.371124267578125
1.371124267578125
1.371124267578125
1.371124267578125
3.269744873046875
7.884731292724609
1.371124267578125
2.3641815185546875
1.371124267578125
0.09983444213867188
1.371124267578125
1.371124267578125
2.2691116333007812
1.371124267578125
0.09983444213867188
3.269744873046875
6.846189498901367
0.32506561279296875
5.6877899169921875
0.09983444213867188
0.09983444213867188
