6.556669235229492
5.699104309082031
22.879840850830078
8.299758911132812
11.880002975463867
12.369434356689453
-2.95355224609375
14.327720642089844
11.641109466552734
10.190670013427734
-1.3822479248046875
5.707727432250977
28.902233123779297
-4.921863555908203
7.412128448486328
10.578598022460938
31.0628604888916
6.322761535644531
1.6638870239257812
8.285287857055664
11.936433792114258
11.839132308959961
8.421154022216797
11.641109466552734
8.82528305053711
-4.648658752441406
7.7592315673828125
11.646743774414062
25.032142639160156
5.758174896240234
-3.086345672607422
2.608062744140625
8.764263153076172
5.031299591064453
7.727386474609375
10.358123779296875
11.641109466552734
-0.26638031005859375
10.333534240722656
30.29134178161621
14.509521484375
24.714290618896484
5.215721130371094
3.4168472290039062
-4.574806213378906
6.972734451293945
-3.3248748779296875
6.8311004638671875
6.424797058105469
13.05910873413086
11.470340728759766
12.635101318359375
19.108806610107422
12.833152770996094
16.46090316772461
5.783332824707031
7.727386474609375
2.608062744140625
15.460800170898438
13.470954895019531
-2.8684921264648438
17.718626022338867
7.553596496582031
5.699104309082031
12.057670593261719
7.467601776123047
9.570442199707031
-1.130401611328125
34.59904479980469
7.727386474609375
11.941679000854492
20.037433624267578
12.98236083984375
7.609607696533203
12.334609985351562
16.099681854248047
3.432403564453125
10.836971282958984
16.51575469970703
-1.4418487548828125
15.866897583007812
22.766019821166992
19.09807586669922
10.375175476074219
12.057670593261719
18.203399658203125
-3.0798797607421875
9.212104797363281
13.108747482299805
12.021638870239258
10.232124328613281
14.327720642089844
13.339836120605469
17.718626022338867
6.435832977294922
17.75200653076172
10.504898071289062
7.553596496582031
11.839132308959961
11.936433792114258
4.146575927734375
-0.7776870727539062
17.296592712402344
6.703369140625
18.69782257080078
8.038345336914062
5.25269889831543
10.339008331298828
11.903736114501953
-4.551300048828125
4.8586273193359375
18.203399658203125
7.030580520629883
7.66229248046875
17.231353759765625
11.78750228881836
7.030580520629883
11.862115859985352
11.71234130859375
-4.970306396484375
14.105743408203125
12.021638870239258
0.4017448425292969
15.846748352050781
8.421154022216797
11.356414794921875
5.814582824707031
11.936433792114258
9.985660552978516
16.257112503051758
5.784461975097656
-3.265533447265625
8.764263153076172
8.987590789794922
23.468521118164062
9.316482543945312
9.172657012939453
18.40392303466797
4.177722930908203
8.473249435424805
10.937286376953125
2.3780479431152344
14.026432037353516
17.75200653076172
12.925024032592773
0.5413551330566406
10.375175476074219
11.68008804321289
1.4506492614746094
6.972734451293945
8.506839752197266
8.421154022216797
13.304580688476562
11.78750228881836
10.952630996704102
7.389896392822266
11.193689346313477
5.783332824707031
-1.4179344177246094
9.605409622192383
11.862115859985352
17.591421127319336
2.8324851989746094
17.296592712402344
4.394294738769531
-5.472782135009766
6.754417419433594
11.006702423095703
2.608062744140625
17.718626022338867
9.71506118774414
8.764263153076172
-1.6971054077148438
11.212318420410156
12.021638870239258
15.74957275390625
8.10403060913086
8.96231460571289
10.740049362182617
-0.6069564819335938
10.352354049682617
5.757114410400391
13.198986053466797
12.635101318359375
14.327720642089844
5.3180999755859375
18.418895721435547
17.718626022338867
15.474761962890625
14.327720642089844
0.5413551330566406
4.146575927734375
-0.5531654357910156
-2.1466407775878906
7.393098831176758
1.2444534301757812
10.740049362182617
10.533832550048828
7.727386474609375
4.829048156738281
7.727386474609375
15.24551773071289
8.141298294067383
17.296592712402344
9.253372192382812
17.75200653076172
14.327720642089844
8.842613220214844
5.783332824707031
13.56585693359375
7.505256652832031
12.021638870239258
5.084310531616211
18.419097900390625
14.75106430053711
10.990495681762695
12.482769012451172
15.474761962890625
11.743104934692383
10.199630737304688
6.100378036499023
17.718626022338867
10.799152374267578
13.960979461669922
7.905601501464844
12.20047378540039
12.057670593261719
55.132789611816406
27.292530059814453
8.473249435424805
4.690456390380859
11.862115859985352
8.764263153076172
11.427467346191406
-4.799282073974609
21.43380355834961
58.901485443115234
8.315120697021484
6.196186065673828
12.482769012451172
6.312013626098633
5.783332824707031
8.774833679199219
-2.7362136840820312
1.0229225158691406
12.057670593261719
-1.8941268920898438
11.941679000854492
0.6827545166015625
-1.4567146301269531
-4.970306396484375
29.302188873291016
2.9844894409179688
4.999725341796875
5.555690765380859
6.556669235229492
17.75200653076172
6.703369140625
5.164066314697266
9.098335266113281
20.305007934570312
8.695770263671875
14.43977165222168
18.419097900390625
12.057670593261719
5.696355819702148
6.0930633544921875
21.468399047851562
13.03509521484375
6.895219802856445
11.641109466552734
11.282783508300781
-5.583652496337891
5.795955657958984
6.703369140625
13.75766372680664
9.172657012939453
12.150215148925781
13.470954895019531
6.2638702392578125
7.727386474609375
14.56881332397461
7.389896392822266
1.9836196899414062
-3.5211830139160156
12.332660675048828
6.556669235229492
6.972734451293945
6.2638702392578125
7.663459777832031
8.141298294067383
8.421154022216797
15.846748352050781
12.925024032592773
7.030580520629883
10.67238998413086
11.901714324951172
10.339008331298828
9.504447937011719
-1.212890625
22.47726058959961
12.402523040771484
6.89697265625
20.465221405029297
7.187656402587891
6.312013626098633
11.212318420410156
46.409942626953125
31.0628604888916
5.758174896240234
8.82528305053711
7.393098831176758
0.5413551330566406
4.146575927734375
11.363523483276367
5.699104309082031
7.030580520629883
6.703369140625
-3.1311874389648438
5.795955657958984
12.635101318359375
8.421154022216797
69.83147430419922
-2.3739280700683594
7.389896392822266
11.641109466552734
12.833152770996094
11.29636001586914
14.327720642089844
5.795955657958984
28.94324493408203
10.836971282958984
17.023475646972656
31.0628604888916
6.92695426940918
4.146575927734375
12.997539520263672
5.031299591064453
7.412128448486328
3.0543594360351562
11.743104934692383
12.057670593261719
10.504898071289062
11.901714324951172
8.421154022216797
16.027355194091797
12.057670593261719
21.468399047851562
10.335441589355469
11.193689346313477
2.608062744140625
5.084310531616211
15.32459831237793
11.559730529785156
11.088737487792969
9.822517395019531
4.999725341796875
6.703369140625
20.572555541992188
2.608062744140625
4.146575927734375
20.572555541992188
9.40042495727539
-0.90362548828125
14.131145477294922
21.43380355834961
7.389896392822266
19.553422927856445
-1.3277320861816406
15.646915435791016
4.702144622802734
14.337516784667969
6.765621185302734
2.608062744140625
49.84447479248047
13.307422637939453
8.395334243774414
7.8084869384765625
5.758174896240234
8.845691680908203
2.4128189086914062
2.4052162170410156
7.727386474609375
14.026432037353516
15.92431640625
9.170631408691406
26.18545913696289
2.6064910888671875
6.435688018798828
12.059879302978516
20.571880340576172
1.9356575012207031
3.761730194091797
12.021787643432617
7.3888397216796875
25.283061981201172
23.87701416015625
6.6812286376953125
8.824451446533203
17.752330780029297
9.79250717163086
9.945060729980469
11.684452056884766
8.924888610839844
9.945060729980469
10.460332870483398
9.360466003417969
6.5333099365234375
12.469635009765625
5.266292572021484
-1.0627479553222656
24.157108306884766
13.470954895019531
13.470954895019531
-4.2148284912109375
-1.544097900390625
-4.820770263671875
23.96198844909668
23.96198844909668
24.157108306884766
15.661968231201172
-5.094860076904297
17.545730590820312
-1.7282524108886719
45.222991943359375
7.351818084716797
14.335641860961914
90.93405151367188
9.497848510742188
16.984966278076172
9.945060729980469
9.546894073486328
-1.130401611328125
8.553180694580078
10.757392883300781
9.29977035522461
10.757392883300781
16.522438049316406
16.049076080322266
14.804611206054688
11.084949493408203
10.9765625
26.351280212402344
29.327877044677734
15.284976959228516
15.176616668701172
15.239286422729492
1.3050308227539062
2.5219154357910156
10.235723495483398
7.219135284423828
0.4245491027832031
1.7904586791992188
10.643318176269531
15.628204345703125
8.948474884033203
-4.0739593505859375
-2.0997467041015625
9.789192199707031
-1.0728263854980469
2.410938262939453
21.49294662475586
0.2989006042480469
12.147865295410156
8.46847915649414
0.27524566650390625
19.553001403808594
8.909049987792969
6.154430389404297
-2.0271453857421875
0.502227783203125
12.647235870361328
8.78774642944336
8.78774642944336
8.78774642944336
12.647235870361328
12.647235870361328
10.57720947265625
10.57720947265625
5.329168319702148
5.329168319702148
12.647235870361328
11.789009094238281
15.129091262817383
8.154670715332031
4.117458343505859
8.78774642944336
-1.5568466186523438
13.920391082763672
9.895099639892578
-2.802173614501953
-1.0482978820800781
-0.12931060791015625
-0.6848068237304688
4.117458343505859
-0.6202812194824219
-2.3322372436523438
4.3009033203125
6.154430389404297
6.154430389404297
6.154430389404297
9.789192199707031
0.4666900634765625
5.3328857421875
7.007678985595703
12.647235870361328
2.5853042602539062
0.502227783203125
0.502227783203125
12.647235870361328
12.06900405883789
0.78375244140625
0.9443893432617188
6.154430389404297
9.789192199707031
23.70625114440918
6.154430389404297
4.117458343505859
-2.359050750732422
3.5520858764648438
5.9358673095703125
6.074951171875
9.789192199707031
3.5750274658203125
2.188690185546875
8.549633026123047
8.776721954345703
1.7734527587890625
6.528007507324219
7.880413055419922
-2.318531036376953
26.9356689453125
9.789192199707031
6.154430389404297
-1.1482391357421875
8.494049072265625
7.835369110107422
15.209735870361328
13.245296478271484
9.839313507080078
9.789192199707031
-0.01660919189453125
22.36200714111328
17.308250427246094
10.217979431152344
10.126827239990234
10.476272583007812
14.72076416015625
13.119964599609375
10.006744384765625
10.846763610839844
16.698772430419922
9.497848510742188
6.792438507080078
14.413362503051758
15.239286422729492
15.628204345703125
8.948474884033203
10.643318176269531
8.948474884033203
7.219135284423828
10.235723495483398
7.219135284423828
5.346271514892578
8.985424041748047
-1.287139892578125
2.5219154357910156
1.3050308227539062
2.5219154357910156
53.908233642578125
13.920391082763672
76.86227416992188
7.514762878417969
6.047412872314453
7.514762878417969
-1.0980758666992188
7.514762878417969
6.047412872314453
7.514762878417969
-1.8265876770019531
25.466949462890625
11.339399337768555
-0.23818206787109375
11.033945083618164
9.053062438964844
11.57107925415039
11.795936584472656
9.482227325439453
11.795936584472656
11.795936584472656
9.482227325439453
-2.4322853088378906
10.113773345947266
6.135181427001953
10.113773345947266
6.541790008544922
3.9199371337890625
8.262191772460938
3.9647178649902344
5.038784027099609
7.663459777832031
10.721088409423828
7.663459777832031
14.808456420898438
15.723392486572266
14.808456420898438
-0.2627067565917969
1.9516143798828125
9.201248168945312
13.252473831176758
-0.19459152221679688
5.329168319702148
5.329168319702148
5.329168319702148
10.57720947265625
10.57720947265625
10.57720947265625
10.57720947265625
5.329168319702148
10.57720947265625
5.329168319702148
5.329168319702148
5.329168319702148
5.329168319702148
10.57720947265625
10.57720947265625
10.57720947265625
-2.629657745361328
-0.5006828308105469
10.113773345947266
6.135181427001953
10.113773345947266
0.8837928771972656
8.46633529663086
11.795936584472656
9.482227325439453
11.795936584472656
2.22564697265625
11.795936584472656
9.482227325439453
17.174612045288086
16.14337158203125
17.174612045288086
-0.648101806640625
17.664752960205078
17.730167388916016
17.730167388916016
6.510829925537109
11.795936584472656
9.482227325439453
11.795936584472656
9.482227325439453
11.795936584472656
9.416534423828125
6.640613555908203
3.0525856018066406
7.764373779296875
8.74850845336914
-3.1219406127929688
12.360939025878906
10.482011795043945
12.360939025878906
6.435832977294922
2.7373619079589844
6.435832977294922
6.9592132568359375
5.861322402954102
7.643165588378906
9.588602066040039
7.2150421142578125
12.360939025878906
10.482011795043945
12.360939025878906
13.780632019042969
13.470954895019531
13.780632019042969
14.576190948486328
11.072887420654297
6.435832977294922
2.7373619079589844
6.435832977294922
6.435832977294922
2.7373619079589844
11.795936584472656
9.482227325439453
11.932998657226562
-0.5322074890136719
7.764373779296875
8.74850845336914
7.764373779296875
11.795936584472656
10.749500274658203
8.679405212402344
24.543275833129883
8.679405212402344
14.392698287963867
13.688018798828125
14.392698287963867
14.392698287963867
15.129091262817383
11.789009094238281
15.129091262817383
15.129091262817383
11.789009094238281
63.79429626464844
12.293231964111328
9.256326675415039
8.414920806884766
11.468223571777344
8.414920806884766
9.895099639892578
13.920391082763672
9.895099639892578
4.934257507324219
-0.041629791259765625
7.565105438232422
6.788726806640625
8.777847290039062
-3.1487083435058594
26.95535659790039
11.501739501953125
9.256326675415039
9.130229949951172
11.906562805175781
-2.7726173400878906
7.007678985595703
3.342987060546875
8.456611633300781
1.7564048767089844
-1.455352783203125
5.329168319702148
5.329168319702148
5.329168319702148
23.21111297607422
3.9300994873046875
34.53949737548828
2.0169105529785156
5.329168319702148
5.329168319702148
5.329168319702148
5.329168319702148
5.329168319702148
24.157108306884766
9.376169204711914
8.745826721191406
17.68027114868164
15.129091262817383
11.789009094238281
0.3694190979003906
18.40392303466797
14.490461349487305
17.68105697631836
-2.6645660400390625
-10.726558685302734
17.68105697631836
-10.726558685302734
103.20793914794922
29.58234405517578
-10.726558685302734
-10.726558685302734
-10.726558685302734
-10.726558685302734
8.420982360839844
-10.726558685302734
-10.726558685302734
-10.726558685302734
-10.726558685302734
-10.726558685302734
-10.726558685302734
-10.726558685302734
-10.726558685302734
-10.726558685302734
-10.726558685302734
2.2623062133789062
18.408294677734375
17.68105697631836
-10.726558685302734
-10.726558685302734
2.2623062133789062
-10.726558685302734
-10.726558685302734
-10.726558685302734
2.2623062133789062
-10.726558685302734
-10.726558685302734
27.28665542602539
-10.726558685302734
-10.726558685302734
2.2623062133789062
14.854454040527344
17.548038482666016
-10.726558685302734
-10.726558685302734
2.2623062133789062
-10.726558685302734
-10.726558685302734
-10.726558685302734
2.2623062133789062
-10.726558685302734
-10.726558685302734
-10.726558685302734
-10.726558685302734
2.2623062133789062
6.384021759033203
-4.688087463378906
-10.726558685302734
5.866954803466797
0.5589523315429688
-10.726558685302734
2.2623062133789062
-10.726558685302734
-10.726558685302734
-10.726558685302734
-10.726558685302734
2.2623062133789062
7.121280670166016
-2.603046417236328
-10.726558685302734
-10.726558685302734
2.2623062133789062
49.62051773071289
-10.726558685302734
-10.726558685302734
4.7399139404296875
-5.482448577880859
18.598377227783203
-5.757297515869141
-10.726558685302734
-10.726558685302734
2.2623062133789062
6.536273956298828
6.536273956298828
9.426891326904297
4.3957061767578125
6.536273956298828
2.2623062133789062
6.536273956298828
6.536273956298828
2.2623062133789062
3.7731170654296875
3.7731170654296875
14.854454040527344
6.841396331787109
3.7731170654296875
3.7731170654296875
11.924209594726562
7.282981872558594
11.924209594726562
14.930564880371094
2.2623062133789062
3.968151092529297
3.968151092529297
10.169479370117188
17.361419677734375
2.2623062133789062
3.968151092529297
3.968151092529297
10.04616928100586
12.416667938232422
-4.196704864501953
3.968151092529297
15.246185302734375
2.2623062133789062
7.121280670166016
-1.8826866149902344
20.40181541442871
15.420787811279297
4.963535308837891
5.012176513671875
0.39156341552734375
10.169479370117188
7.9048614501953125
14.335641860961914
17.430469512939453
-5.885860443115234
4.963535308837891
0.8701553344726562
11.924209594726562
10.071540832519531
-1.6623764038085938
-1.6623764038085938
-5.5151214599609375
-7.428031921386719
18.598377227783203
-0.12458038330078125
-0.13505172729492188
-4.606201171875
-4.7366180419921875
2.2623062133789062
-3.1605758666992188
11.924209594726562
2.551990509033203
4.963535308837891
-6.162841796875
-5.59197998046875
-5.391471862792969
6.2447509765625
-7.428031921386719
-1.7306365966796875
1.9730758666992188
-3.809093475341797
-4.460231781005859
-0.2779731750488281
6.2447509765625
-1.8563270568847656
6.2447509765625
2.2623062133789062
6.2447509765625
18.598377227783203
9.629444122314453
6.2447509765625
11.139106750488281
-5.398834228515625
-5.272991180419922
6.245815277099609
11.137725830078125
5.8231201171875
9.06001091003418
41.38677978515625
28.0986328125
-2.9948387145996094
-2.9948387145996094
107.19395446777344
-2.9948387145996094
28.0986328125
-2.9948387145996094
11.966320037841797
2.8633193969726562
10.489852905273438
23.04013442993164
45.58858108520508
-2.9948387145996094
-2.9948387145996094
-2.9948387145996094
-2.9948387145996094
-2.9948387145996094
-2.9948387145996094
-2.9948387145996094
-2.9948387145996094
36.069557189941406
-2.9948387145996094
-2.9948387145996094
-2.9948387145996094
-2.9948387145996094
-2.9948387145996094
-2.9948387145996094
-2.9948387145996094
-2.9948387145996094
-2.9948387145996094
-2.9948387145996094
-2.9948387145996094
-2.9948387145996094
-2.9948387145996094
-2.9948387145996094
-2.9948387145996094
-2.9948387145996094
-2.9948387145996094
-2.9948387145996094
-2.9948387145996094
-2.9948387145996094
-2.9948387145996094
-2.9948387145996094
-2.9948387145996094
-2.9948387145996094
-2.9948387145996094
-2.9948387145996094
-2.9948387145996094
-2.9948387145996094
-2.9948387145996094
-2.9948387145996094
-2.9948387145996094
-2.9948387145996094
-2.9948387145996094
-2.9948387145996094
-2.9948387145996094
-2.9948387145996094
-2.9948387145996094
-2.9948387145996094
-2.9948387145996094
-2.9948387145996094
-2.9948387145996094
-2.9948387145996094
-2.9948387145996094
-2.9948387145996094
-2.9948387145996094
-2.9948387145996094
-2.9948387145996094
-2.9948387145996094
-2.9948387145996094
-2.9948387145996094
-2.9948387145996094
-2.9948387145996094
-2.9948387145996094
-2.9948387145996094
-2.9948387145996094
-2.9948387145996094
-2.9948387145996094
-2.9948387145996094
-2.9948387145996094
-2.9948387145996094
6.475208282470703
5.754613876342773
-3.75054931640625
15.661968231201172
21.01162338256836
16.39495086669922
10.83163833618164
16.39495086669922
10.83163833618164
2.6922645568847656
1.86126708984375
1.1013145446777344
8.74759292602539
-4.9399261474609375
8.697948455810547
-5.3458251953125
-0.12725830078125
5.754613876342773
-3.414653778076172
9.376169204711914
8.745826721191406
8.697948455810547
4.826877593994141
9.376169204711914
12.004150390625
5.445896148681641
8.382823944091797
5.229366302490234
51.134307861328125
8.697948455810547
0.0554656982421875
2.286235809326172
16.39495086669922
10.831642150878906
6.714878082275391
16.39495086669922
10.831642150878906
6.714878082275391
27.871448516845703
13.943159103393555
15.863677978515625
-6.582466125488281
9.376167297363281
8.745826721191406
5.3531494140625
13.943159103393555
15.863677978515625
11.843757629394531
13.943159103393555
15.863677978515625
11.843757629394531
31.051895141601562
23.96198844909668
23.96198844909668
23.96198844909668
8.845695495605469
9.239990234375
13.943159103393555
15.863677978515625
11.843757629394531
9.376167297363281
8.745826721191406
17.680274963378906
13.943159103393555
15.863677978515625
11.843757629394531
13.943159103393555
6.1755523681640625
5.820060729980469
12.964235305786133
9.605409622192383
7.229398727416992
5.174720764160156
-1.6590080261230469
9.605409622192383
7.229398727416992
15.12908935546875
11.789009094238281
15.12908935546875
15.12908935546875
11.789009094238281
42.00430679321289
-4.045818328857422
-0.6097831726074219
3.9726181030273438
15.863677978515625
11.843757629394531
-1.455352783203125
15.967479705810547
13.685394287109375
15.967479705810547
52.98820114135742
18.160995483398438
12.607505798339844
10.132696151733398
18.160995483398438
12.607505798339844
18.160995483398438
-0.6577415466308594
5.861318588256836
7.643171310424805
9.588600158691406
-0.7605209350585938
12.293231964111328
9.619514465332031
11.501739501953125
9.256330490112305
9.130233764648438
9.256330490112305
8.414913177490234
11.468208312988281
8.414913177490234
7.219135284423828
10.235723495483398
7.219135284423828
2.521900177001953
1.3050308227539062
2.521900177001953
9.605409622192383
7.229398727416992
-2.822338104248047
26.410343170166016
66.66703796386719
9.895092010498047
13.92038345336914
9.895092010498047
-1.832733154296875
-4.157623291015625
-1.6140632629394531
7.0076904296875
5.300754547119141
8.45660400390625
18.160995483398438
12.607505798339844
8.926300048828125
13.859743118286133
12.586538314819336
10.774417877197266
-5.815620422363281
6.029941558837891
-0.3953819274902344
-3.7647323608398438
7.433900833129883
10.165111541748047
10.797142028808594
8.912345886230469
26.61661720275879
10.160612106323242
1.6614570617675781
-2.1333045959472656
1.5456428527832031
-3.413848876953125
2.7556495666503906
0.6236495971679688
10.11376953125
6.135181427001953
10.11376953125
3.4238510131835938
-2.1306190490722656
8.777854919433594
11.893234252929688
7.5651092529296875
-3.3970184326171875
2.7150611877441406
15.209724426269531
13.245304107666016
21.94974136352539
-4.621955871582031
7.514759063720703
6.047416687011719
7.514759063720703
1.3160629272460938
11.79593276977539
9.482231140136719
11.79593276977539
11.79593276977539
9.482231140136719
17.357955932617188
14.798789978027344
17.357955932617188
11.79593276977539
9.482231140136719
11.79593276977539
7.568159103393555
10.054695129394531
8.324455261230469
11.79593276977539
9.482231140136719
1.4175491333007812
11.79593276977539
9.482231140136719
11.79593276977539
18.319576263427734
7.284519195556641
18.319576263427734
11.79593276977539
9.482231140136719
11.79593276977539
9.482231140136719
11.79593276977539
5.111232757568359
14.430839538574219
12.583656311035156
12.887727737426758
15.628219604492188
13.57107162475586
10.688343048095703
-5.218772888183594
4.332691192626953
-2.5556182861328125
15.250724792480469
7.764373779296875
8.74850845336914
7.764373779296875
13.780633926391602
13.470951080322266
13.780633926391602
12.360933303833008
10.481996536254883
12.360933303833008
0.14261245727539062
34.67888641357422
-7.494434356689453
10.543743133544922
21.2387638092041
10.543743133544922
2.8947982788085938
11.79593276977539
9.482231140136719
16.39495086669922
10.831642150878906
26.36019515991211
11.79593276977539
9.482231140136719
12.360933303833008
10.481996536254883
12.360933303833008
20.4219970703125
6.435844421386719
2.73736572265625
6.435844421386719
5.861318588256836
7.643171310424805
9.588600158691406
-3.746906280517578
6.435844421386719
2.73736572265625
6.435844421386719
6.435844421386719
2.73736572265625
11.79593276977539
9.482231140136719
1.7455787658691406
4.1804046630859375
8.679401397705078
24.543275833129883
8.679248809814453
-2.5588226318359375
-0.8660774230957031
7.763999938964844
8.747644424438477
43.58302688598633
54.473331451416016
9.06001091003418
21.32538414001465
5.8231201171875
58.20159149169922
17.681060791015625
40.94837951660156
11.924209594726562
-3.4038314819335938
8.327247619628906
2.5895423889160156
6.38401985168457
17.430471420288086
7.9471893310546875
14.854446411132812
11.336097717285156
5.168792724609375
9.310665130615234
5.012176513671875
-0.0306243896484375
6.38401985168457
8.420978546142578
10.169464111328125
8.596942901611328
18.59838104248047
2.5153465270996094
11.924209594726562
-4.055854797363281
11.924209594726562
2.923583984375
-0.6762199401855469
11.924209594726562
7.241031646728516
16.077804565429688
1.4574127197265625
11.139110565185547
0.10932159423828125
24.14583969116211
11.080013275146484
65.29275512695312
61.808433532714844
18.59838104248047
-4.050479888916016
-3.3125267028808594
0.3836669921875
9.138336181640625
8.420978546142578
-3.7598342895507812
8.420978546142578
18.59838104248047
18.59838104248047
10.37954330444336
10.37954330444336
10.028274536132812
10.37954330444336
5.6348724365234375
-0.03023529052734375
14.854446411132812
-5.370647430419922
52.70770263671875
94.4215087890625
6.38401985168457
6.035694122314453
6.38401985168457
-0.8185195922851562
21.95738983154297
59.05572509765625
11.139110565185547
-3.5700035095214844
-2.6293563842773438
6.38401985168457
0.40807342529296875
10.169464111328125
-5.755336761474609
-5.755336761474609
-6.396827697753906
-5.755336761474609
11.924209594726562
-4.196704864501953
4.632640838623047
6.438514709472656
11.139110565185547
-0.4850959777832031
11.080013275146484
0.363006591796875
-5.416767120361328
17.430471420288086
6.312309265136719
10.169464111328125
-6.186038970947266
1.4257583618164062
5.963504791259766
11.924209594726562
-0.22551727294921875
27.286659240722656
11.139110565185547
14.33564567565918
11.139110565185547
0.6205482482910156
-3.170085906982422
-3.3461456298828125
-3.170085906982422
-6.186038970947266
-6.0780487060546875
-4.011760711669922
-6.0780487060546875
-6.0780487060546875
-6.0780487060546875
-6.0780487060546875
-6.0780487060546875
12.692403793334961
-6.0780487060546875
10.169464111328125
-6.277484893798828
-6.0780487060546875
1.1301727294921875
18.59838104248047
1.3666267395019531
18.59838104248047
-0.8529701232910156
-6.0780487060546875
6.556816101074219
-6.0780487060546875
-6.0780487060546875
-6.0780487060546875
-4.011760711669922
-6.0780487060546875
-6.078166961669922
-6.078166961669922
-6.078166961669922
-6.078166961669922
-6.078166961669922
-6.078166961669922
-6.078166961669922
-6.078166961669922
-4.011810302734375
2.529338836669922
-6.078166961669922
-4.375347137451172
-6.078166961669922
-6.995456695556641
-6.078166961669922
-6.078166961669922
-4.782646179199219
-6.078166961669922
-6.995456695556641
-4.011810302734375
-0.38067626953125
-6.764125823974609
-0.88739013671875
-6.995456695556641
-6.995456695556641
