9.17696762084961
7.563632965087891
24.87017822265625
10.764816284179688
14.397117614746094
15.031513214111328
-0.5495223999023438
16.78672218322754
14.602815628051758
11.378215789794922
1.1373367309570312
8.476490020751953
32.482177734375
-2.183734893798828
7.9423828125
12.104072570800781
19.919620513916016
9.425186157226562
4.444026947021484
10.266725540161133
14.751708984375
14.740047454833984
9.644140243530273
14.602815628051758
11.27475357055664
-1.7243232727050781
10.67947006225586
14.344337463378906
24.463359832763672
7.585979461669922
-0.21992111206054688
4.347400665283203
11.69235610961914
6.613826751708984
6.0426025390625
13.029468536376953
14.602815628051758
0.6092185974121094
10.160491943359375
32.73912811279297
17.47012710571289
25.24190902709961
7.368419647216797
6.3166961669921875
-1.5371208190917969
9.048583984375
-0.7342300415039062
7.475013732910156
7.475728988647461
13.80844497680664
13.270788192749023
15.254384994506836
21.121017456054688
12.972875595092773
18.441083908081055
8.296255111694336
6.0426025390625
4.347400665283203
18.14078712463379
16.378713607788086
-0.76904296875
19.224084854125977
7.998664855957031
7.563632965087891
12.778274536132812
10.159317016601562
9.552703857421875
2.3649139404296875
35.2698974609375
6.0426025390625
13.24329948425293
23.306514739990234
12.261829376220703
9.36161994934082
11.113565444946289
11.21365737915039
7.7685394287109375
13.087104797363281
14.72899055480957
0.18872451782226562
15.928159713745117
22.655099868774414
18.175392150878906
12.368574142456055
12.778274536132812
20.460247039794922
-0.2609100341796875
12.280372619628906
15.509027481079102
14.558858871459961
12.641063690185547
16.78672218322754
16.265262603759766
19.224084854125977
8.524984359741211
20.032442092895508
12.723114013671875
7.998664855957031
14.740047454833984
14.751708984375
5.975090026855469
1.4351730346679688
19.48367691040039
9.150821685791016
19.923208236694336
10.207273483276367
7.479146957397461
11.533832550048828
14.594310760498047
-0.9434089660644531
7.992290496826172
20.460247039794922
9.634727478027344
9.604551315307617
15.96158218383789
13.810495376586914
9.634727478027344
14.384994506835938
13.997970581054688
-1.5776634216308594
17.564498901367188
14.558858871459961
2.4398422241210938
17.543960571289062
9.644140243530273
14.224632263183594
8.361259460449219
14.751708984375
10.154350280761719
13.71268081665039
8.401927947998047
-1.5512313842773438
11.69235610961914
11.322101593017578
24.814132690429688
11.987556457519531
11.283977508544922
19.793842315673828
6.550205230712891
11.39680290222168
13.422050476074219
5.175933837890625
12.71463394165039
20.032442092895508
10.939403533935547
3.694042205810547
12.368574142456055
14.155742645263672
5.512474060058594
9.048583984375
10.93484878540039
9.644140243530273
15.492265701293945
13.810495376586914
14.221498489379883
9.607307434082031
13.700965881347656
8.296255111694336
1.3220405578613281
12.252447128295898
14.384994506835938
19.466304779052734
4.312862396240234
19.48367691040039
5.5638885498046875
-2.111370086669922
9.16452407836914
12.197904586791992
4.347400665283203
19.224084854125977
12.374984741210938
11.69235610961914
1.9311943054199219
14.24612045288086
14.558858871459961
13.356027603149414
10.588281631469727
14.338809967041016
13.707569122314453
1.6901931762695312
13.267900466918945
4.23443603515625
13.552194595336914
15.254384994506836
16.78672218322754
7.23638916015625
20.177274703979492
19.224084854125977
14.630901336669922
16.78672218322754
3.694042205810547
5.975090026855469
2.741374969482422
0.6285781860351562
9.785646438598633
4.408363342285156
13.707569122314453
12.837963104248047
6.0426025390625
6.642383575439453
6.0426025390625
17.654537200927734
10.089576721191406
19.48367691040039
9.320335388183594
20.032442092895508
16.78672218322754
11.356441497802734
8.296255111694336
14.810993194580078
9.966434478759766
14.558858871459961
7.606206893920898
20.14181137084961
17.275636672973633
13.222980499267578
12.689102172851562
14.630901336669922
14.449907302856445
12.935871124267578
8.723344802856445
19.224084854125977
12.148189544677734
15.427501678466797
9.893085479736328
14.366832733154297
12.778274536132812
52.56905746459961
26.85651397705078
11.39680290222168
7.14875602722168
14.384994506835938
11.69235610961914
13.185235977172852
-2.664409637451172
23.042308807373047
58.668968200683594
8.550348281860352
8.967418670654297
12.689102172851562
8.766761779785156
8.296255111694336
10.325672149658203
-0.15745162963867188
3.875568389892578
12.778274536132812
1.178314208984375
13.24329948425293
3.3316078186035156
1.1874427795410156
-1.5776634216308594
29.263410568237305
5.7942047119140625
5.212749481201172
7.135599136352539
9.17696762084961
20.032442092895508
9.150821685791016
6.883399963378906
11.240577697753906
22.45159149169922
11.227790832519531
16.595643997192383
20.14181137084961
12.778274536132812
8.15925407409668
7.675411224365234
20.41300392150879
15.809894561767578
9.267541885375977
14.602815628051758
14.27686882019043
-2.8441619873046875
8.47586441040039
9.150821685791016
15.879119873046875
11.283977508544922
14.292932510375977
16.378713607788086
8.747283935546875
6.0426025390625
17.459218978881836
9.607307434082031
3.7607574462890625
-0.7766189575195312
13.909246444702148
9.17696762084961
9.048583984375
8.747283935546875
8.845840454101562
10.089576721191406
9.644140243530273
17.543960571289062
10.939403533935547
9.634727478027344
8.631473541259766
13.909294128417969
11.533832550048828
11.803598403930664
1.5453720092773438
23.459314346313477
13.407257080078125
8.94720458984375
21.29469871520996
9.929039001464844
8.766761779785156
14.24612045288086
26.814769744873047
19.919620513916016
7.585979461669922
11.27475357055664
9.785646438598633
3.694042205810547
5.975090026855469
14.13296127319336
7.563632965087891
9.634727478027344
9.150821685791016
-0.6652603149414062
8.47586441040039
15.254384994506836
9.644140243530273
67.9036636352539
0.06915664672851562
9.607307434082031
14.602815628051758
12.972875595092773
14.673530578613281
16.78672218322754
8.47586441040039
26.434825897216797
13.087104797363281
18.46107292175293
19.919620513916016
9.143028259277344
5.975090026855469
11.139720916748047
6.613826751708984
7.9423828125
5.705696105957031
14.449907302856445
12.778274536132812
12.723114013671875
13.909294128417969
9.644140243530273
18.269033432006836
12.778274536132812
20.41300392150879
7.6947021484375
13.700965881347656
4.347400665283203
7.606206893920898
11.24337387084961
12.475860595703125
12.359598159790039
9.810190200805664
5.212749481201172
9.150821685791016
22.29368782043457
4.347400665283203
5.975090026855469
22.29368782043457
10.610891342163086
1.8886833190917969
13.41537857055664
23.042308807373047
9.607307434082031
21.479398727416992
1.317962646484375
14.506118774414062
7.078643798828125
17.260623931884766
8.75540542602539
4.347400665283203
52.10545349121094
15.853870391845703
10.509834289550781
9.69110107421875
7.585979461669922
9.859052658081055
4.720939636230469
3.908510208129883
6.0426025390625
12.71463394165039
16.892215728759766
11.651718139648438
27.425430297851562
4.346975326538086
8.524866104125977
12.778205871582031
22.293275833129883
3.961090087890625
5.396289825439453
14.55910873413086
9.606208801269531
27.515888214111328
25.541221618652344
11.009208679199219
11.274139404296875
20.032840728759766
14.239608764648438
14.07628059387207
13.733980178833008
13.300960540771484
14.07628059387207
12.951349258422852
13.516998291015625
8.015071868896484
13.841636657714844
8.399276733398438
1.9218254089355469
26.348352432250977
16.378713607788086
16.378713607788086
-1.2394790649414062
0.8365898132324219
-1.7264175415039062
26.116809844970703
26.116809844970703
26.348352432250977
18.0300235748291
-1.7712249755859375
20.339059829711914
0.6137886047363281
49.83247375488281
9.680761337280273
17.025251388549805
73.70270538330078
13.77842903137207
19.389511108398438
14.07628059387207
13.971435546875
2.3649139404296875
12.978631973266602
15.04233169555664
13.768688201904297
15.04233169555664
19.938316345214844
19.0766544342041
17.36952018737793
14.891399383544922
14.349071502685547
25.294708251953125
31.628368377685547
19.21099853515625
18.520610809326172
14.949480056762695
2.8769073486328125
4.5414886474609375
12.616344451904297
8.821582794189453
1.3762741088867188
4.566619873046875
12.037530899047852
15.633996963500977
11.358491897583008
-1.3584632873535156
1.0082435607910156
12.549427032470703
1.4547996520996094
4.8494110107421875
23.767391204833984
3.1193275451660156
12.014530181884766
11.875316619873047
3.152301788330078
22.779869079589844
11.663833618164062
9.37802505493164
0.7639999389648438
3.7850570678710938
15.673225402832031
11.869976043701172
11.869976043701172
11.869976043701172
15.673225402832031
15.673225402832031
13.867040634155273
13.867040634155273
7.895359039306641
7.895359039306641
15.673225402832031
12.078048706054688
17.72311019897461
10.724533081054688
7.392383575439453
11.869976043701172
1.1756820678710938
15.30868148803711
11.17148208618164
0.26415252685546875
0.7132301330566406
3.1430282592773438
0.9853553771972656
7.392383575439453
1.1406364440917969
0.8375625610351562
7.218986511230469
9.37802505493164
9.37802505493164
9.37802505493164
12.549427032470703
3.1929092407226562
7.04217529296875
7.341083526611328
15.673225402832031
5.184364318847656
3.7850570678710938
3.7850570678710938
15.673225402832031
15.263816833496094
3.929912567138672
4.710548400878906
9.37802505493164
12.549427032470703
24.3187255859375
9.37802505493164
7.392383575439453
0.5685882568359375
6.4257354736328125
7.342517852783203
7.591094970703125
12.549427032470703
4.827213287353516
6.593288421630859
11.545463562011719
10.130882263183594
4.64898681640625
8.26278305053711
11.125633239746094
0.4139595031738281
25.8206844329834
12.549427032470703
9.37802505493164
1.4313278198242188
10.620059967041016
10.259868621826172
15.564170837402344
12.06027603149414
11.72833251953125
12.549427032470703
1.5399627685546875
24.79222869873047
20.827577590942383
14.023086547851562
14.548019409179688
14.74936294555664
17.423992156982422
16.101633071899414
14.340322494506836
15.272315979003906
18.931625366210938
13.77842903137207
9.022520065307617
14.65397834777832
14.949480056762695
15.633996963500977
11.358491897583008
12.037530899047852
11.358491897583008
8.821582794189453
12.616344451904297
8.821582794189453
6.661094665527344
10.113998413085938
1.7351036071777344
4.5414886474609375
2.8769073486328125
4.5414886474609375
55.22166442871094
15.30868148803711
82.75849914550781
10.419322967529297
8.273962020874023
10.419322967529297
1.3573112487792969
10.419322967529297
8.273962020874023
10.419322967529297
1.0474624633789062
27.025693893432617
13.323028564453125
2.5869140625
13.266965866088867
9.550369262695312
10.694101333618164
14.321084976196289
11.766769409179688
14.321084976196289
14.321084976196289
11.766769409179688
-0.16408538818359375
11.704504013061523
8.51603889465332
11.704504013061523
5.794914245605469
4.046741485595703
9.478996276855469
5.241527557373047
6.848480224609375
8.845840454101562
7.741666793823242
8.845840454101562
14.075246810913086
19.331600189208984
14.075246810913086
0.3409423828125
4.345241546630859
11.688724517822266
13.430158615112305
3.8478164672851562
7.895359039306641
7.895359039306641
7.895359039306641
13.867040634155273
13.867040634155273
13.867040634155273
13.867040634155273
7.895359039306641
13.867040634155273
7.895359039306641
7.895359039306641
7.895359039306641
7.895359039306641
13.867040634155273
13.867040634155273
13.867040634155273
-0.17131423950195312
2.0746726989746094
11.704504013061523
8.51603889465332
11.704504013061523
1.8640861511230469
10.91961669921875
14.321084976196289
11.766769409179688
14.321084976196289
4.270599365234375
14.321084976196289
11.766769409179688
19.579076766967773
18.617759704589844
19.579076766967773
2.331867218017578
20.04116439819336
20.826168060302734
20.826168060302734
9.355606079101562
14.321084976196289
11.766769409179688
14.321084976196289
11.766769409179688
14.321084976196289
10.948322296142578
9.533393859863281
6.017734527587891
9.798503875732422
11.078899383544922
0.19263458251953125
13.254558563232422
10.412212371826172
13.254558563232422
8.524984359741211
4.688779830932617
8.524984359741211
6.549732208251953
8.139518737792969
10.679195404052734
11.25494384765625
9.722888946533203
13.254558563232422
10.412212371826172
13.254558563232422
16.15887451171875
16.378713607788086
16.15887451171875
15.478891372680664
14.16262435913086
8.524984359741211
4.688779830932617
8.524984359741211
8.524984359741211
4.688779830932617
14.321084976196289
11.766769409179688
14.616943359375
2.0770721435546875
9.798503875732422
11.078899383544922
9.798503875732422
14.321084976196289
12.468002319335938
11.230688095092773
25.82448959350586
11.230688095092773
17.49340057373047
16.069669723510742
17.49340057373047
17.49340057373047
17.72311019897461
12.078048706054688
17.72311019897461
17.72311019897461
12.078048706054688
65.13417053222656
14.427391052246094
10.305656433105469
10.967885971069336
10.25778579711914
10.967885971069336
11.17148208618164
15.30868148803711
11.17148208618164
7.952388763427734
3.0614013671875
9.178768157958984
9.336502075195312
11.647567749023438
0.5381202697753906
28.533794403076172
14.06155014038086
10.305656433105469
10.521018981933594
13.879398345947266
-0.12691116333007812
7.341083526611328
3.0111656188964844
10.191730499267578
4.024951934814453
1.0739288330078125
7.895359039306641
7.895359039306641
7.895359039306641
24.294048309326172
5.755167007446289
23.65328598022461
5.366558074951172
7.895359039306641
7.895359039306641
7.895359039306641
7.895359039306641
7.895359039306641
26.348352432250977
12.054876327514648
11.544853210449219
19.72650909423828
17.72311019897461
12.078048706054688
3.4612808227539062
19.793842315673828
16.564517974853516
17.435705184936523
0.20766067504882812
-7.60076904296875
17.435705184936523
-7.60076904296875
100.73556518554688
33.216773986816406
-7.60076904296875
-7.60076904296875
-7.60076904296875
-7.60076904296875
10.836875915527344
-7.60076904296875
-7.60076904296875
-7.60076904296875
-7.60076904296875
-7.60076904296875
-7.60076904296875
-7.60076904296875
-7.60076904296875
-7.60076904296875
-7.60076904296875
5.4891204833984375
18.762939453125
17.435705184936523
-7.60076904296875
-7.60076904296875
5.4891204833984375
-7.60076904296875
-7.60076904296875
-7.60076904296875
5.4891204833984375
-7.60076904296875
-7.60076904296875
31.317888259887695
-7.60076904296875
-7.60076904296875
5.4891204833984375
15.050277709960938
15.642402648925781
-7.60076904296875
-7.60076904296875
5.4891204833984375
-7.60076904296875
-7.60076904296875
-7.60076904296875
5.4891204833984375
-7.60076904296875
-7.60076904296875
-7.60076904296875
-7.60076904296875
5.4891204833984375
8.264951705932617
-1.4205207824707031
-7.60076904296875
8.456890106201172
3.0152511596679688
-7.60076904296875
5.4891204833984375
-7.60076904296875
-7.60076904296875
-7.60076904296875
-7.60076904296875
5.4891204833984375
7.498809814453125
0.09803009033203125
-7.60076904296875
-7.60076904296875
5.4891204833984375
46.67695617675781
-7.60076904296875
-7.60076904296875
7.1486968994140625
-2.7410659790039062
21.067188262939453
-2.306751251220703
-7.60076904296875
-7.60076904296875
5.4891204833984375
9.070907592773438
9.070907592773438
7.347797393798828
6.970550537109375
9.070907592773438
5.4891204833984375
9.070907592773438
9.070907592773438
5.4891204833984375
6.996028900146484
6.996028900146484
15.050277709960938
8.958282470703125
6.996028900146484
6.996028900146484
13.397041320800781
10.040054321289062
13.397041320800781
16.318317413330078
5.4891204833984375
7.433906555175781
7.433906555175781
10.769596099853516
19.94772720336914
5.4891204833984375
7.433906555175781
7.433906555175781
10.329322814941406
14.817527770996094
-0.7025718688964844
7.433906555175781
17.510658264160156
5.4891204833984375
7.498809814453125
0.9710693359375
21.561662673950195
19.486251831054688
8.388992309570312
6.46034049987793
2.6724472045898438
10.769596099853516
10.602840423583984
17.025251388549805
19.249006271362305
-2.6920852661132812
8.388992309570312
3.693370819091797
13.397041320800781
12.493328094482422
1.4214820861816406
1.4214820861816406
-2.3195266723632812
-3.971668243408203
21.067188262939453
2.849536895751953
2.600818634033203
-1.4324607849121094
-1.5934600830078125
5.4891204833984375
0.029079437255859375
13.397041320800781
5.0493011474609375
8.388992309570312
-2.970630645751953
-2.2996444702148438
-2.406726837158203
9.475166320800781
-3.971668243408203
1.3538246154785156
4.419212341308594
-0.5592575073242188
-1.2292213439941406
2.4743690490722656
9.475166320800781
1.1011848449707031
9.475166320800781
5.4891204833984375
9.475166320800781
21.067188262939453
12.386194229125977
9.475166320800781
13.90225601196289
-2.2692031860351562
-2.1409568786621094
9.475959777832031
13.901371002197266
8.332237243652344
11.995906829833984
41.37651062011719
29.877592086791992
0.9614601135253906
0.9614601135253906
101.93751525878906
0.9614601135253906
29.877592086791992
0.9614601135253906
14.337043762207031
4.7611541748046875
14.064620971679688
25.12091827392578
47.768489837646484
0.9614601135253906
0.9614601135253906
0.9614601135253906
0.9614601135253906
0.9614601135253906
0.9614601135253906
0.9614601135253906
0.9614601135253906
39.011024475097656
0.9614601135253906
0.9614601135253906
0.9614601135253906
0.9614601135253906
0.9614601135253906
0.9614601135253906
0.9614601135253906
0.9614601135253906
0.9614601135253906
0.9614601135253906
0.9614601135253906
0.9614601135253906
0.9614601135253906
0.9614601135253906
0.9614601135253906
0.9614601135253906
0.9614601135253906
0.9614601135253906
0.9614601135253906
0.9614601135253906
0.9614601135253906
0.9614601135253906
0.9614601135253906
0.9614601135253906
0.9614601135253906
0.9614601135253906
0.9614601135253906
0.9614601135253906
0.9614601135253906
0.9614601135253906
0.9614601135253906
0.9614601135253906
0.9614601135253906
0.9614601135253906
0.9614601135253906
0.9614601135253906
0.9614601135253906
0.9614601135253906
0.9614601135253906
0.9614601135253906
0.9614601135253906
0.9614601135253906
0.9614601135253906
0.9614601135253906
0.9614601135253906
0.9614601135253906
0.9614601135253906
0.9614601135253906
0.9614601135253906
0.9614601135253906
0.9614601135253906
0.9614601135253906
0.9614601135253906
0.9614601135253906
0.9614601135253906
0.9614601135253906
0.9614601135253906
0.9614601135253906
0.9614601135253906
0.9614601135253906
8.330169677734375
8.583650588989258
-0.8944168090820312
18.0300235748291
23.11397361755371
19.935319900512695
13.645608901977539
19.935319900512695
13.645608901977539
6.424034118652344
4.780918121337891
3.82000732421875
11.512672424316406
-1.6475257873535156
9.149173736572266
-2.2962799072265625
2.331989288330078
8.583650588989258
-0.7870712280273438
12.054876327514648
11.544853210449219
9.149173736572266
7.7089385986328125
12.054876327514648
15.337669372558594
7.933525085449219
9.796850204467773
6.865715026855469
52.525848388671875
9.149175643920898
2.967304229736328
4.988559722900391
19.935321807861328
13.645608901977539
10.109306335449219
19.935321807861328
13.645608901977539
10.109306335449219
29.77715301513672
16.24020004272461
17.57740020751953
-2.8446884155273438
12.054876327514648
11.544853210449219
8.319442749023438
16.24020004272461
17.57740020751953
15.5894775390625
16.24020004272461
17.57740020751953
15.5894775390625
29.792922973632812
26.116809844970703
26.116809844970703
26.116809844970703
9.859052658081055
9.966449737548828
16.24020004272461
17.57740020751953
15.5894775390625
12.054876327514648
11.544853210449219
19.726505279541016
16.24020004272461
17.57740020751953
15.5894775390625
16.24020004272461
7.234367370605469
7.800048828125
15.302865982055664
12.252445220947266
9.752115249633789
7.775775909423828
0.6546821594238281
12.252445220947266
9.752115249633789
17.723112106323242
12.078048706054688
17.723112106323242
17.723112106323242
12.078048706054688
46.91276550292969
-0.3858604431152344
2.1237869262695312
6.583580017089844
17.57740020751953
15.5894775390625
1.0739288330078125
17.978708267211914
15.769119262695312
17.978708267211914
49.53422546386719
16.343067169189453
12.205991744995117
12.780517578125
16.343067169189453
12.205991744995117
16.343067169189453
3.7109107971191406
8.139514923095703
10.679195404052734
11.25494384765625
2.134124755859375
14.427391052246094
11.945762634277344
14.06155014038086
10.305660247802734
10.52102279663086
10.305660247802734
10.967887878417969
10.257780075073242
10.967887878417969
8.821586608886719
12.616340637207031
8.821586608886719
4.541496276855469
2.876911163330078
4.541496276855469
12.252445220947266
9.752115249633789
-0.4654808044433594
28.262554168701172
68.41007995605469
11.171480178833008
15.308677673339844
11.171480178833008
1.2378959655761719
-0.3517303466796875
1.1299400329589844
7.341083526611328
6.725706100463867
10.191728591918945
16.343067169189453
12.205991744995117
10.230178833007812
14.587291717529297
15.299253463745117
13.353006362915039
-2.368061065673828
8.582489013671875
2.6083297729492188
-0.13558197021484375
9.547477722167969
10.672779083251953
13.248285293579102
9.319450378417969
28.68899917602539
10.457866668701172
2.728912353515625
0.6494255065917969
4.079601287841797
-0.373016357421875
5.442661285400391
3.2396621704101562
11.704504013061523
8.51603889465332
11.704504013061523
7.344570159912109
1.064117431640625
11.64756965637207
10.473733901977539
9.178768157958984
-0.47441864013671875
4.987236022949219
15.564170837402344
12.060277938842773
22.87646484375
-2.4183692932128906
10.419315338134766
8.273958206176758
10.419315338134766
3.3127517700195312
14.321086883544922
11.766767501831055
14.321086883544922
14.321086883544922
11.766767501831055
16.069231033325195
16.200042724609375
16.069231033325195
14.321086883544922
11.766767501831055
14.321086883544922
9.977317810058594
11.330572128295898
10.057548522949219
14.321086883544922
11.766767501831055
4.765666961669922
14.321086883544922
11.766767501831055
14.321086883544922
22.2490234375
9.355045318603516
22.2490234375
14.321086883544922
11.766767501831055
14.321086883544922
11.766767501831055
14.321086883544922
7.453102111816406
16.319318771362305
14.552913665771484
14.860498428344727
15.633996963500977
12.555559158325195
10.124591827392578
-2.269775390625
5.956398010253906
1.1216316223144531
18.66356658935547
9.798503875732422
11.078899383544922
9.798503875732422
16.15887451171875
16.378713607788086
16.15887451171875
13.254558563232422
10.412208557128906
13.254558563232422
3.7609291076660156
35.95823669433594
-4.061576843261719
12.780740737915039
23.644145965576172
12.780740737915039
2.9932708740234375
14.321086883544922
11.766767501831055
19.935321807861328
13.645608901977539
29.346084594726562
14.321086883544922
11.766767501831055
13.254558563232422
10.412208557128906
13.254558563232422
21.957698822021484
8.524982452392578
4.68878173828125
8.524982452392578
8.139514923095703
10.679195404052734
11.25494384765625
-0.5568351745605469
8.524982452392578
4.68878173828125
8.524982452392578
8.524982452392578
4.68878173828125
14.321086883544922
11.766767501831055
4.817512512207031
6.868644714355469
11.230690002441406
25.824478149414062
11.230850219726562
0.3919830322265625
2.0412521362304688
9.797653198242188
11.077432632446289
47.52818298339844
56.11860656738281
11.995908737182617
22.392765045166016
8.332237243652344
66.77340698242188
17.435705184936523
42.336387634277344
13.397041320800781
-0.9360275268554688
10.642831802368164
5.1619873046875
8.264951705932617
19.248998641967773
9.018856048583984
15.050277709960938
12.696121215820312
7.004978179931641
9.79336929321289
6.46034049987793
2.3749313354492188
8.264951705932617
10.836875915527344
10.769596099853516
10.175590515136719
21.067184448242188
6.084804534912109
13.397041320800781
-1.0910720825195312
13.397041320800781
5.909454345703125
2.081348419189453
13.397041320800781
9.920024871826172
17.823528289794922
4.055698394775391
13.90225601196289
2.454822540283203
24.893524169921875
13.008846282958984
61.58567810058594
58.27170944213867
21.067184448242188
-0.7098274230957031
-0.343017578125
2.849884033203125
10.538463592529297
10.836875915527344
-0.8091392517089844
10.836875915527344
21.067184448242188
21.067184448242188
13.36397933959961
13.36397933959961
12.748666763305664
13.36397933959961
8.19747543334961
2.4611854553222656
15.050277709960938
-2.528057098388672
53.09126663208008
90.14697265625
8.264951705932617
8.793346405029297
8.264951705932617
1.7796058654785156
23.87885093688965
60.71622085571289
13.90225601196289
-0.7958145141601562
0.3164863586425781
8.264951705932617
3.4478073120117188
10.769596099853516
-2.200885772705078
-2.200885772705078
-2.855609893798828
-2.200885772705078
13.397041320800781
-0.7025718688964844
6.800554275512695
9.093358993530273
13.90225601196289
2.5427169799804688
13.008846282958984
2.6783485412597656
-2.2879562377929688
19.248998641967773
9.124565124511719
10.769596099853516
-2.480052947998047
3.9953041076660156
9.125831604003906
13.397041320800781
2.7083473205566406
31.317895889282227
13.90225601196289
17.025251388549805
13.90225601196289
3.5145797729492188
0.09791946411132812
-0.24561691284179688
0.09791946411132812
-2.480052947998047
-2.3996124267578125
-0.3534660339355469
-2.3996124267578125
-2.3996124267578125
-2.3996124267578125
-2.3996124267578125
-2.3996124267578125
15.194814682006836
-2.3996124267578125
10.769596099853516
-2.598857879638672
-2.3996124267578125
4.172939300537109
21.067184448242188
4.396232604980469
21.067184448242188
2.1131057739257812
-2.3996124267578125
9.304428100585938
-2.3996124267578125
-2.3996124267578125
-2.3996124267578125
-0.3534660339355469
-2.3996124267578125
-2.3995094299316406
-2.3995094299316406
-2.3995094299316406
-2.3995094299316406
-2.3995094299316406
-2.3995094299316406
-2.3995094299316406
-2.3995094299316406
-0.3533973693847656
5.106227874755859
-2.3995094299316406
-1.2282562255859375
-2.3995094299316406
-3.4989852905273438
-2.3995094299316406
-2.3995094299316406
-1.1688613891601562
-2.3995094299316406
-3.4989852905273438
-0.3533973693847656
3.219512939453125
-3.3943519592285156
1.9624748229980469
-3.4989852905273438
-3.4989852905273438
