16.912593841552734
17.410106658935547
28.21002960205078
19.525306701660156
22.192096710205078
23.277332305908203
8.694019317626953
26.39390754699707
23.224491119384766
19.29486656188965
10.32729721069336
16.15700912475586
38.3636474609375
7.5939178466796875
16.117568969726562
20.09325408935547
23.22393798828125
16.546875
13.723796844482422
18.606840133666992
24.268089294433594
23.80931854248047
20.112293243408203
23.224491119384766
18.940227508544922
8.073184967041016
17.601356506347656
23.84759521484375
26.537437438964844
15.612485885620117
9.227022171020508
14.15078353881836
20.984045028686523
15.175619125366211
14.792800903320312
20.388641357421875
23.224491119384766
10.130813598632812
16.708396911621094
37.531124114990234
23.462020874023438
28.02499771118164
12.493492126464844
15.048477172851562
8.334526062011719
16.804784774780273
9.281940460205078
16.16118621826172
15.231071472167969
16.51388168334961
21.663549423217773
24.95344352722168
27.96617889404297
20.9326171875
27.109161376953125
16.533329010009766
14.792800903320312
14.15078353881836
26.094459533691406
25.688138961791992
7.916774749755859
27.03505516052246
16.192434310913086
17.410106658935547
22.50562286376953
18.11729621887207
19.405881881713867
14.524187088012695
37.56806945800781
14.792800903320312
21.28919219970703
30.957778930664062
22.45238494873047
17.555217742919922
18.908859252929688
19.25516128540039
20.503246307373047
21.447595596313477
22.214998245239258
10.8759765625
22.576099395751953
27.465423583984375
27.865875244140625
19.75452995300293
22.50562286376953
27.177318572998047
8.951534271240234
20.786304473876953
25.030099868774414
23.716331481933594
19.996034622192383
26.39390754699707
23.878108978271484
27.03505516052246
18.081451416015625
24.191516876220703
20.788814544677734
16.192434310913086
23.80931854248047
24.268089294433594
15.886693954467773
10.631875991821289
25.53456687927246
16.88759994506836
28.410877227783203
18.115795135498047
15.602170944213867
19.218868255615234
21.24999237060547
8.560604095458984
18.318058013916016
27.177318572998047
17.462753295898438
19.058794021606445
23.899375915527344
22.695327758789062
17.462753295898438
22.680665969848633
20.012035369873047
7.863813400268555
26.90634536743164
23.716331481933594
11.52462387084961
23.779335021972656
20.112293243408203
22.791431427001953
15.45689582824707
24.268089294433594
18.919692993164062
19.400543212890625
17.095439910888672
7.472087860107422
20.984045028686523
17.70856285095215
28.30084800720215
20.38309669494629
19.428909301757812
24.729719161987305
13.726966857910156
19.3698787689209
21.46762466430664
13.62067985534668
21.060836791992188
24.191516876220703
19.810070037841797
12.96830940246582
19.75452995300293
22.628725051879883
13.802288055419922
16.804784774780273
18.73969268798828
20.112293243408203
23.02593421936035
22.695327758789062
22.159439086914062
18.081233978271484
21.69794464111328
16.533329010009766
10.432836532592773
20.031452178955078
22.680665969848633
26.472705841064453
14.281635284423828
25.53456687927246
13.904197692871094
7.692079544067383
17.15172004699707
19.670642852783203
14.15078353881836
27.03505516052246
19.916732788085938
20.984045028686523
10.723861694335938
21.712997436523438
23.716331481933594
21.36951446533203
18.44852638244629
24.467498779296875
23.366365432739258
11.043159484863281
22.351882934570312
12.693717956542969
22.08474349975586
24.95344352722168
26.39390754699707
16.73737335205078
28.62218475341797
27.03505516052246
23.10028076171875
26.39390754699707
12.96830940246582
15.886693954467773
11.178504943847656
9.539470672607422
18.22039794921875
12.153209686279297
23.366365432739258
20.72380256652832
14.792800903320312
16.387062072753906
14.792800903320312
23.627702713012695
18.315444946289062
25.53456687927246
18.96414566040039
24.191516876220703
26.39390754699707
21.877574920654297
16.533329010009766
21.51395034790039
17.642410278320312
23.716331481933594
15.466503143310547
25.0293025970459
25.333818435668945
21.19778060913086
22.079883575439453
23.10028076171875
22.545543670654297
21.30670738220215
16.69796371459961
27.03505516052246
19.907146453857422
20.804832458496094
17.541683197021484
23.663026809692383
22.50562286376953
56.273040771484375
31.630077362060547
19.3698787689209
15.479232788085938
22.680665969848633
20.984045028686523
21.439350128173828
7.142707824707031
27.824071884155273
57.22526931762695
18.67782974243164
16.9161376953125
22.079883575439453
16.6564884185791
16.533329010009766
20.990203857421875
9.422107696533203
12.395998001098633
22.50562286376953
10.129493713378906
21.28919219970703
12.655052185058594
9.915603637695312
7.863813400268555
35.681968688964844
15.12734603881836
13.58780288696289
16.62159538269043
16.912593841552734
24.191516876220703
16.88759994506836
16.634418487548828
19.367399215698242
32.524452209472656
19.03299903869629
22.034067153930664
25.0293025970459
22.50562286376953
15.240943908691406
16.28594970703125
26.28832244873047
22.2426700592041
17.040481567382812
23.224491119384766
23.2853946685791
7.124658584594727
16.702381134033203
16.88759994506836
21.73872184753418
19.428909301757812
21.097042083740234
25.688138961791992
17.534713745117188
14.792800903320312
25.357269287109375
18.081233978271484
11.029869079589844
9.18603515625
19.901979446411133
16.912593841552734
16.804784774780273
17.534713745117188
17.153987884521484
18.315444946289062
20.112293243408203
23.779335021972656
19.810070037841797
17.462753295898438
17.109474182128906
21.583667755126953
19.218868255615234
19.626588821411133
10.774776458740234
27.528085708618164
20.646137237548828
16.8665714263916
23.754154205322266
17.715648651123047
16.6564884185791
21.712997436523438
22.479747772216797
23.22393798828125
15.612485885620117
18.940227508544922
18.22039794921875
12.96830940246582
15.886693954467773
22.76519775390625
17.410106658935547
17.462753295898438
16.88759994506836
7.740215301513672
16.702381134033203
24.95344352722168
20.112293243408203
49.366668701171875
9.450878143310547
18.081233978271484
23.224491119384766
20.9326171875
21.83234405517578
26.39390754699707
16.702381134033203
29.80058479309082
21.447595596313477
25.10834503173828
23.22393798828125
16.955535888671875
15.886693954467773
19.57110595703125
15.175619125366211
16.117568969726562
13.430887222290039
22.545543670654297
22.50562286376953
20.788814544677734
21.583667755126953
20.112293243408203
24.512653350830078
22.50562286376953
26.28832244873047
15.815853118896484
21.69794464111328
14.15078353881836
15.466503143310547
19.680727005004883
19.777000427246094
21.903371810913086
16.563804626464844
13.58780288696289
16.88759994506836
32.266212463378906
14.15078353881836
15.886693954467773
32.266212463378906
18.022998809814453
11.319232940673828
21.996456146240234
27.824071884155273
18.081233978271484
28.741817474365234
10.074310302734375
22.84132194519043
17.2321834564209
25.336078643798828
16.410808563232422
14.15078353881836
55.18533706665039
24.45826530456543
18.67208480834961
17.321664810180664
15.612485885620117
17.85136604309082
12.725334167480469
13.767417907714844
14.792800903320312
21.060836791992188
21.96211814880371
20.96221923828125
33.129493713378906
14.150217056274414
18.081327438354492
22.505840301513672
32.26586151123047
14.332956314086914
12.040733337402344
23.71676254272461
18.0804500579834
34.07335662841797
30.631858825683594
20.358692169189453
18.939939498901367
24.19176483154297
26.914955139160156
26.119394302368164
19.97850227355957
25.99005126953125
26.119394302368164
19.80471420288086
25.623584747314453
16.501638412475586
20.5518741607666
16.504600524902344
11.001846313476562
30.763134002685547
25.688138961791992
25.688138961791992
9.209358215332031
10.177173614501953
8.56396484375
28.23451805114746
28.23451805114746
30.763134002685547
26.307514190673828
9.036579132080078
27.920942306518555
10.290950775146484
69.15780639648438
17.411922454833984
24.843990325927734
45.540260314941406
25.850812911987305
26.288820266723633
26.119394302368164
26.69537925720215
14.524187088012695
25.601423263549805
27.21883773803711
26.305158615112305
27.21883773803711
25.81576156616211
30.771793365478516
24.86081314086914
26.32320785522461
23.782299041748047
32.100379943847656
39.84661865234375
31.15007209777832
30.55810546875
23.14244842529297
12.993274688720703
13.945737838745117
19.656265258789062
17.070585250854492
11.472625732421875
13.947189331054688
20.199960708618164
24.64092254638672
19.9353084564209
7.971181869506836
10.556785583496094
22.381385803222656
10.20322036743164
12.461849212646484
28.819217681884766
11.869739532470703
21.435585021972656
21.093727111816406
12.753730773925781
29.028926849365234
18.82833480834961
18.491689682006836
10.487525939941406
13.093875885009766
22.709320068359375
19.86534881591797
19.86534881591797
19.86534881591797
22.709320068359375
22.709320068359375
24.32820701599121
24.32820701599121
16.640901565551758
16.640901565551758
22.709320068359375
22.85334587097168
26.89407730102539
15.508968353271484
16.595796585083008
19.86534881591797
9.613241195678711
24.87504005432129
21.3179874420166
9.567251205444336
9.906173706054688
12.855751037597656
10.100522994995117
16.595796585083008
10.173032760620117
10.821723937988281
15.490486145019531
18.491689682006836
18.491689682006836
18.491689682006836
22.381385803222656
12.1822509765625
15.583683013916016
15.83610725402832
22.709320068359375
12.048053741455078
13.093875885009766
13.093875885009766
22.709320068359375
23.37017059326172
12.210678100585938
13.537796020507812
18.491689682006836
22.381385803222656
27.10049057006836
18.491689682006836
16.595796585083008
9.81396484375
14.964569091796875
15.73251724243164
15.977706909179688
22.381385803222656
13.171710968017578
15.11215591430664
17.846820831298828
17.202938079833984
14.066926956176758
16.251075744628906
19.599782943725586
9.904817581176758
26.843656539916992
22.381385803222656
18.491689682006836
10.13210678100586
18.7796688079834
17.788272857666016
22.50914192199707
20.120595932006836
15.70562744140625
22.381385803222656
10.515592575073242
31.02741241455078
30.677059173583984
24.620079040527344
27.317731857299805
27.388647079467773
27.11553955078125
26.184032440185547
27.017314910888672
27.76335334777832
25.34027862548828
25.850812911987305
17.060251235961914
23.845558166503906
23.14244842529297
24.64092254638672
19.9353084564209
20.199960708618164
19.9353084564209
17.070585250854492
19.656265258789062
17.070585250854492
12.122713088989258
14.65927505493164
11.194986343383789
13.945737838745117
12.993274688720703
13.945737838745117
63.27720260620117
24.87504005432129
98.48585510253906
19.662405014038086
17.132593154907227
19.662405014038086
9.563884735107422
19.662405014038086
17.132593154907227
19.662405014038086
11.011611938476562
32.912506103515625
21.337297439575195
11.985366821289062
21.403087615966797
18.055749893188477
19.04636001586914
22.623781204223633
18.99182891845703
22.623781204223633
22.623781204223633
18.99182891845703
8.73733139038086
19.271682739257812
16.05253028869629
19.271682739257812
17.801490783691406
15.219051361083984
20.520435333251953
14.766265869140625
17.601856231689453
17.153987884521484
16.138656616210938
17.153987884521484
21.68012237548828
27.181394577026367
21.68012237548828
9.562721252441406
13.294986724853516
21.967403411865234
20.195415496826172
13.794422149658203
16.640901565551758
16.640901565551758
16.640901565551758
24.32820701599121
24.32820701599121
24.32820701599121
24.32820701599121
16.640901565551758
24.32820701599121
16.640901565551758
16.640901565551758
16.640901565551758
16.640901565551758
24.32820701599121
24.32820701599121
24.32820701599121
9.255069732666016
11.78873062133789
19.271682739257812
16.05253028869629
19.271682739257812
11.11669921875
18.944740295410156
22.623781204223633
18.99182891845703
22.623781204223633
13.404537200927734
22.623781204223633
18.99182891845703
26.76698875427246
25.895065307617188
26.76698875427246
12.219110488891602
26.721399307250977
29.04465103149414
29.04465103149414
16.928058624267578
22.623781204223633
18.99182891845703
22.623781204223633
18.99182891845703
22.623781204223633
18.254714965820312
18.16094398498535
13.862678527832031
20.329700469970703
20.752546310424805
9.56771469116211
21.374448776245117
17.894651412963867
21.374448776245117
18.081451416015625
14.541786193847656
18.081451416015625
10.628911972045898
16.075218200683594
17.88134002685547
18.24424171447754
18.49755096435547
21.374448776245117
17.894651412963867
21.374448776245117
25.357885360717773
25.688138961791992
25.357885360717773
19.85284996032715
21.16735076904297
18.081451416015625
14.541786193847656
18.081451416015625
18.081451416015625
14.541786193847656
22.623781204223633
18.99182891845703
22.59539222717285
12.383373260498047
20.329700469970703
20.752546310424805
20.329700469970703
22.623781204223633
17.37954330444336
19.712682723999023
32.03776550292969
19.712682723999023
25.000383377075195
21.809894561767578
25.000383377075195
25.000383377075195
26.89407730102539
22.85334587097168
26.89407730102539
26.89407730102539
22.85334587097168
59.08387756347656
21.687179565429688
17.45441246032715
19.71575927734375
18.042476654052734
19.71575927734375
21.3179874420166
24.87504005432129
21.3179874420166
17.38248634338379
12.654205322265625
17.812774658203125
18.359832763671875
20.731693267822266
10.412981033325195
30.496715545654297
21.573637008666992
17.45441246032715
17.71847915649414
18.97500991821289
9.140108108520508
15.83610725402832
12.083967208862305
17.126903533935547
10.761760711669922
9.975282669067383
16.640901565551758
16.640901565551758
16.640901565551758
29.016117095947266
15.803247451782227
25.439163208007812
12.871280670166016
16.640901565551758
16.640901565551758
16.640901565551758
16.640901565551758
16.640901565551758
30.763134002685547
20.432554244995117
19.601299285888672
24.21056365966797
26.89407730102539
22.85334587097168
11.839447021484375
24.729719161987305
22.841482162475586
25.104642868041992
9.67950439453125
6.367515563964844
25.104642868041992
6.367515563964844
90.2416000366211
42.56159210205078
6.367515563964844
6.367515563964844
6.367515563964844
6.367515563964844
19.281681060791016
6.367515563964844
6.367515563964844
6.367515563964844
6.367515563964844
6.367515563964844
6.367515563964844
6.367515563964844
6.367515563964844
6.367515563964844
6.367515563964844
16.163347244262695
25.877761840820312
25.104642868041992
6.367515563964844
6.367515563964844
16.163347244262695
6.367515563964844
6.367515563964844
6.367515563964844
16.163347244262695
6.367515563964844
6.367515563964844
39.45637512207031
6.367515563964844
6.367515563964844
16.163347244262695
23.30501937866211
16.586925506591797
6.367515563964844
6.367515563964844
16.163347244262695
6.367515563964844
6.367515563964844
6.367515563964844
16.163347244262695
6.367515563964844
6.367515563964844
6.367515563964844
6.367515563964844
16.163347244262695
16.457592010498047
8.916511535644531
6.367515563964844
16.49666976928711
10.5008544921875
6.367515563964844
16.163347244262695
6.367515563964844
6.367515563964844
6.367515563964844
6.367515563964844
16.163347244262695
16.594192504882812
9.249259948730469
6.367515563964844
6.367515563964844
16.163347244262695
39.41889953613281
6.367515563964844
6.367515563964844
16.150543212890625
7.302940368652344
28.717761993408203
9.150617599487305
6.367515563964844
6.367515563964844
16.163347244262695
18.613840103149414
18.613840103149414
15.583187103271484
15.104646682739258
18.613840103149414
16.163347244262695
18.613840103149414
18.613840103149414
16.163347244262695
17.67699432373047
17.67699432373047
23.30501937866211
14.195039749145508
17.67699432373047
17.67699432373047
19.53342056274414
18.518030166625977
19.53342056274414
20.823028564453125
16.163347244262695
18.37042236328125
18.37042236328125
19.57423210144043
27.46759033203125
16.163347244262695
18.37042236328125
18.37042236328125
18.145950317382812
23.91421890258789
10.077335357666016
18.37042236328125
25.647090911865234
16.163347244262695
16.594192504882812
9.411615371704102
26.30497169494629
24.484779357910156
19.09805679321289
15.300666809082031
9.59573745727539
19.57423210144043
17.949840545654297
24.843990325927734
24.2581844329834
7.859718322753906
19.09805679321289
12.106378555297852
19.53342056274414
19.377946853637695
10.756019592285156
10.756019592285156
8.44168472290039
7.152902603149414
28.717761993408203
12.213727951049805
11.0849609375
8.671972274780273
8.747783660888672
16.163347244262695
10.04751205444336
19.53342056274414
13.111715316772461
19.09805679321289
8.049800872802734
7.8266143798828125
8.11663818359375
19.751033782958984
7.152902603149414
11.594947814941406
12.429805755615234
9.517202377319336
8.983116149902344
11.017459869384766
19.751033782958984
10.339370727539062
19.751033782958984
16.163347244262695
19.751033782958984
28.717761993408203
21.308433532714844
19.751033782958984
23.901906967163086
7.9760894775390625
8.429981231689453
19.751047134399414
23.901193618774414
18.21982192993164
20.494760513305664
41.01654052734375
34.621337890625
13.802898406982422
13.802898406982422
93.38799285888672
13.802898406982422
34.621337890625
13.802898406982422
20.44741439819336
14.000801086425781
23.340118408203125
25.33366584777832
56.9050407409668
13.802898406982422
13.802898406982422
13.802898406982422
13.802898406982422
13.802898406982422
13.802898406982422
13.802898406982422
13.802898406982422
46.51148986816406
13.802898406982422
13.802898406982422
13.802898406982422
13.802898406982422
13.802898406982422
13.802898406982422
13.802898406982422
13.802898406982422
13.802898406982422
13.802898406982422
13.802898406982422
13.802898406982422
13.802898406982422
13.802898406982422
13.802898406982422
13.802898406982422
13.802898406982422
13.802898406982422
13.802898406982422
13.802898406982422
13.802898406982422
13.802898406982422
13.802898406982422
13.802898406982422
13.802898406982422
13.802898406982422
13.802898406982422
13.802898406982422
13.802898406982422
13.802898406982422
13.802898406982422
13.802898406982422
13.802898406982422
13.802898406982422
13.802898406982422
13.802898406982422
13.802898406982422
13.802898406982422
13.802898406982422
13.802898406982422
13.802898406982422
13.802898406982422
13.802898406982422
13.802898406982422
13.802898406982422
13.802898406982422
13.802898406982422
13.802898406982422
13.802898406982422
13.802898406982422
13.802898406982422
13.802898406982422
13.802898406982422
13.802898406982422
13.802898406982422
13.802898406982422
13.802898406982422
13.802898406982422
13.802898406982422
13.802898406982422
16.038341522216797
16.19382095336914
8.302528381347656
26.307514190673828
31.102863311767578
28.947795867919922
23.03057098388672
28.947795867919922
23.03057098388672
21.501445770263672
17.337993621826172
15.815284729003906
20.07282257080078
9.699470520019531
18.200061798095703
7.3171844482421875
10.588918685913086
16.19382095336914
8.600421905517578
20.432554244995117
19.601299285888672
18.200061798095703
15.028690338134766
20.432554244995117
21.957630157470703
16.69954490661621
19.169986724853516
15.419776916503906
52.98215103149414
18.200057983398438
11.781585693359375
13.134796142578125
28.947795867919922
23.03057098388672
18.330116271972656
28.947795867919922
23.03057098388672
18.330116271972656
32.962913513183594
23.08707046508789
23.8488712310791
7.446340560913086
20.432554244995117
19.601303100585938
16.786781311035156
23.08707046508789
23.8488712310791
22.76029396057129
23.08707046508789
23.8488712310791
22.76029396057129
33.378562927246094
28.23451805114746
28.23451805114746
28.23451805114746
17.85136604309082
17.865055084228516
23.08707046508789
23.8488712310791
22.76029396057129
20.432554244995117
19.601303100585938
24.21056365966797
23.08707046508789
23.8488712310791
22.76029396057129
23.08707046508789
16.060016632080078
17.555015563964844
22.555356979370117
20.031450271606445
17.83899688720703
16.464649200439453
9.914230346679688
20.031450271606445
17.83899688720703
26.89407730102539
22.85334587097168
26.89407730102539
26.89407730102539
22.85334587097168
67.18003845214844
10.08309555053711
11.305986404418945
14.46272087097168
23.8488712310791
22.76029396057129
9.975284576416016
24.443037033081055
22.24483871459961
24.443037033081055
35.960533142089844
24.46332359313965
19.945045471191406
21.102930068969727
24.46332359313965
19.945045471191406
24.46332359313965
13.861377716064453
16.07522201538086
17.88134002685547
18.244237899780273
11.270116806030273
21.687179565429688
19.490219116210938
21.573637008666992
17.454416275024414
17.71847915649414
17.454416275024414
19.71575927734375
18.042476654052734
19.71575927734375
17.070587158203125
19.656265258789062
17.070587158203125
13.94573974609375
12.993274688720703
13.94573974609375
20.031450271606445
17.83899688720703
8.915292739868164
31.050838470458984
80.22205352783203
21.3179874420166
24.87504005432129
21.3179874420166
9.992376327514648
10.218208312988281
10.154033660888672
15.836109161376953
15.42936897277832
17.12689971923828
24.46332359313965
19.945045471191406
17.715560913085938
21.817081451416016
23.188522338867188
20.323556900024414
7.833343505859375
17.323596954345703
11.178125381469727
9.340591430664062
17.854515075683594
17.84716796875
21.444412231445312
18.270423889160156
33.92938232421875
19.49518394470215
12.913566589355469
10.40493392944336
12.350730895996094
9.04751205444336
14.314382553100586
12.331653594970703
19.271682739257812
16.05253028869629
19.271682739257812
16.8765869140625
10.138774871826172
20.7316951751709
17.589521408081055
17.81277084350586
9.065593719482422
12.637252807617188
22.50914192199707
20.120594024658203
21.958534240722656
7.146427154541016
19.662405014038086
17.132596969604492
19.662405014038086
11.625289916992188
22.623777389526367
18.99182891845703
22.623777389526367
22.623777389526367
18.99182891845703
24.77437400817871
25.299100875854492
24.77437400817871
22.623777389526367
18.99182891845703
22.623777389526367
17.96772003173828
19.379676818847656
18.00265884399414
22.623777389526367
18.99182891845703
13.201629638671875
22.623777389526367
18.99182891845703
22.623777389526367
28.891721725463867
15.22511100769043
28.891721725463867
22.623777389526367
18.99182891845703
22.623777389526367
18.99182891845703
22.623777389526367
13.78305435180664
22.477323532104492
21.24561882019043
21.562255859375
24.64092254638672
21.4050350189209
19.11524200439453
7.434675216674805
14.32278823852539
10.49197006225586
27.09768295288086
20.329700469970703
20.752546310424805
20.329700469970703
25.357885360717773
25.68813705444336
25.357885360717773
21.374448776245117
17.894649505615234
21.374448776245117
13.516969680786133
42.718990325927734
6.550985336303711
20.84762191772461
30.487043380737305
20.84762191772461
13.368186950683594
22.623777389526367
18.99182891845703
28.947795867919922
23.03057098388672
28.11205291748047
22.623777389526367
18.99182891845703
21.374448776245117
17.894649505615234
21.374448776245117
27.468875885009766
18.08145523071289
14.541786193847656
18.08145523071289
16.07522201538086
17.88134002685547
18.244237899780273
9.210323333740234
18.08145523071289
14.541786193847656
18.08145523071289
18.08145523071289
14.541786193847656
22.623777389526367
18.99182891845703
13.875614166259766
16.191076278686523
19.712682723999023
32.03776168823242
19.712980270385742
9.69594955444336
10.866443634033203
20.328514099121094
20.75162124633789
66.33683776855469
49.01058578491211
20.49476432800293
27.04287338256836
18.21982192993164
66.84014892578125
25.104644775390625
44.95695495605469
19.533414840698242
8.316598892211914
18.67596435546875
10.853984832763672
16.457592010498047
24.2581844329834
19.097095489501953
23.30501937866211
24.689022064208984
17.39641571044922
21.120777130126953
15.300664901733398
10.610477447509766
16.457592010498047
19.281681060791016
19.57423210144043
18.73442840576172
28.71776580810547
16.191617965698242
19.533414840698242
8.884967803955078
19.533414840698242
15.021427154541016
10.945808410644531
19.533414840698242
18.624887466430664
20.233543395996094
12.863826751708984
23.901905059814453
10.740488052368164
27.316179275512695
20.410930633544922
48.090965270996094
46.771141052246094
28.71776580810547
9.596532821655273
10.002933502197266
11.833580017089844
21.756874084472656
19.281681060791016
9.614429473876953
19.281681060791016
28.71776580810547
28.71776580810547
22.169811248779297
22.169811248779297
20.637596130371094
22.169811248779297
16.186010360717773
11.571277618408203
23.30501937866211
7.813449859619141
49.67506408691406
82.4427719116211
16.457592010498047
17.751863479614258
16.457592010498047
11.132635116577148
28.92575454711914
64.91899871826172
23.901905059814453
8.933795928955078
9.913982391357422
16.457592010498047
12.588733673095703
19.57423210144043
9.407745361328125
9.407745361328125
8.691482543945312
9.407745361328125
19.533414840698242
10.077335357666016
16.339679718017578
18.444984436035156
23.901905059814453
12.294193267822266
20.410930633544922
11.590320587158203
8.329048156738281
24.2581844329834
14.298276901245117
19.57423210144043
9.03400993347168
11.982460021972656
19.579544067382812
19.533414840698242
11.708650588989258
39.45637512207031
23.901905059814453
24.843990325927734
23.901905059814453
12.32457160949707
10.14457893371582
9.928363800048828
10.14457893371582
9.03400993347168
9.10382080078125
10.426568984985352
9.10382080078125
9.10382080078125
9.10382080078125
9.10382080078125
9.10382080078125
22.117923736572266
9.10382080078125
19.57423210144043
9.071540832519531
9.10382080078125
13.473709106445312
28.71776580810547
13.845870971679688
28.71776580810547
11.271903991699219
9.10382080078125
17.390056610107422
9.10382080078125
9.10382080078125
9.10382080078125
10.426568984985352
9.10382080078125
9.1038818359375
9.1038818359375
9.1038818359375
9.1038818359375
9.1038818359375
9.1038818359375
9.1038818359375
9.1038818359375
10.42681884765625
13.246700286865234
9.1038818359375
9.350774765014648
9.1038818359375
7.73065185546875
9.1038818359375
9.1038818359375
9.678993225097656
9.1038818359375
7.73065185546875
10.42681884765625
14.634361267089844
7.784303665161133
11.577640533447266
7.73065185546875
7.73065185546875
