29.201908111572266
31.66928482055664
35.195556640625
31.205612182617188
32.03276062011719
32.438167572021484
24.663585662841797
39.732913970947266
33.72882843017578
30.605640411376953
25.368488311767578
27.86941909790039
36.376914978027344
25.511281967163086
29.52560043334961
29.626667022705078
34.57965850830078
29.698535919189453
25.32668685913086
31.736494064331055
36.199710845947266
35.71240234375
36.83433532714844
33.72882843017578
30.079498291015625
25.335338592529297
26.519447326660156
35.96644592285156
33.1730842590332
28.120956420898438
25.363468170166016
29.537513732910156
33.067108154296875
29.385021209716797
29.12589454650879
29.869224548339844
33.72882843017578
36.10025405883789
35.41752624511719
37.57072448730469
29.51628875732422
31.967004776000977
27.348974227905273
26.245223999023438
25.421733856201172
28.936227798461914
25.884504318237305
27.699588775634766
28.80461883544922
29.004600524902344
31.075729370117188
36.339149475097656
32.83366394042969
34.52287673950195
34.55162811279297
28.283647537231445
29.12589454650879
29.537513732910156
32.89759826660156
37.82254409790039
24.72296142578125
38.491695404052734
30.228870391845703
31.66928482055664
36.47223663330078
30.469545364379883
32.037933349609375
31.9920654296875
38.07854080200195
29.12589454650879
32.91136169433594
40.65869903564453
36.657039642333984
30.7451114654541
30.157756805419922
30.428089141845703
52.484710693359375
31.510984420776367
33.70587921142578
35.086761474609375
30.182687759399414
35.61945724487305
37.534297943115234
30.943695068359375
36.47223663330078
32.39633560180664
24.896282196044922
30.217350006103516
36.33515930175781
35.789161682128906
29.932727813720703
39.732913970947266
33.46630859375
38.491695404052734
32.828346252441406
31.162456512451172
34.5434455871582
30.228870391845703
35.71240234375
36.199710845947266
30.418861389160156
26.44841957092285
34.760955810546875
30.1380672454834
36.52040100097656
30.279743194580078
27.782135009765625
29.336669921875
31.141250610351562
25.699432373046875
49.23635482788086
32.39633560180664
29.30535125732422
28.682640075683594
36.72450256347656
33.483341217041016
29.30535125732422
32.21894836425781
27.901348114013672
25.115558624267578
35.18528366088867
35.789161682128906
26.241483688354492
30.62351417541504
36.83433532714844
34.987308502197266
26.21115493774414
36.199710845947266
33.327091217041016
29.97417449951172
29.625507354736328
24.736202239990234
33.067108154296875
26.918773651123047
33.050201416015625
31.399620056152344
31.035892486572266
33.0390625
28.55620574951172
29.865985870361328
33.39359664916992
26.027931213378906
33.24422836303711
31.162456512451172
33.018226623535156
25.86273765563965
30.943695068359375
38.20958709716797
28.769779205322266
28.936227798461914
30.340576171875
36.83433532714844
32.16092300415039
33.483341217041016
34.876800537109375
33.32950210571289
31.98021697998047
28.283647537231445
25.06829261779785
30.48934555053711
32.21894836425781
34.324275970458984
29.61749267578125
34.760955810546875
28.447277069091797
25.607254028320312
28.13319206237793
31.776836395263672
29.537513732910156
38.491695404052734
29.63907241821289
33.067108154296875
25.966196060180664
32.12118911743164
35.789161682128906
33.590816497802734
31.283916473388672
41.591278076171875
36.180213928222656
26.962284088134766
34.90890121459961
28.022714614868164
34.22205352783203
36.339149475097656
39.732913970947266
39.11763000488281
38.39927673339844
38.491695404052734
35.213619232177734
39.732913970947266
25.86273765563965
30.418861389160156
25.668087005615234
26.064741134643555
30.533706665039062
25.486759185791016
36.180213928222656
32.4897575378418
29.12589454650879
31.516502380371094
29.12589454650879
29.709835052490234
31.202922821044922
34.760955810546875
30.415739059448242
31.162456512451172
39.732913970947266
40.73225021362305
28.283647537231445
36.111263275146484
30.276840209960938
35.789161682128906
28.366985321044922
31.469749450683594
31.327640533447266
30.16485595703125
36.12487030029297
35.213619232177734
32.95486831665039
31.887184143066406
28.418731689453125
38.491695404052734
34.00448989868164
28.931373596191406
29.053264617919922
36.42426300048828
36.47223663330078
49.13618469238281
34.23069763183594
29.865985870361328
28.826005935668945
32.21894836425781
33.067108154296875
34.212806701660156
24.693225860595703
34.30649185180664
42.208892822265625
33.74970245361328
28.432817459106445
36.12487030029297
30.112850189208984
28.283647537231445
38.647422790527344
25.26056480407715
26.65380096435547
36.47223663330078
25.447538375854492
32.91136169433594
41.77058029174805
25.244068145751953
25.115558624267578
36.907508850097656
27.31081771850586
27.4464111328125
28.739795684814453
29.201908111572266
31.162456512451172
30.1380672454834
32.14324188232422
33.16197967529297
38.3927001953125
33.18702697753906
29.153669357299805
31.469749450683594
36.47223663330078
27.718952178955078
30.292457580566406
35.62038040161133
31.153671264648438
28.310340881347656
33.72882843017578
35.784454345703125
25.02082061767578
28.157054901123047
30.1380672454834
30.288232803344727
31.035892486572266
30.193002700805664
37.82254409790039
29.46070098876953
29.12589454650879
34.142154693603516
33.32950210571289
25.180667877197266
25.78933334350586
29.028827667236328
29.201908111572266
28.936227798461914
29.46070098876953
30.978809356689453
31.202922821044922
36.83433532714844
30.62351417541504
33.018226623535156
29.30535125732422
29.752965927124023
32.50965118408203
29.336669921875
30.6463565826416
25.765695571899414
32.04954147338867
32.787933349609375
29.800186157226562
31.318164825439453
29.157203674316406
30.112850189208984
32.12118911743164
36.139686584472656
34.57965850830078
28.120956420898438
30.079498291015625
30.533706665039062
25.86273765563965
30.418861389160156
32.200050354003906
31.66928482055664
29.30535125732422
30.1380672454834
24.08030891418457
28.157054901123047
36.339149475097656
36.83433532714844
35.56475830078125
24.83717155456543
33.32950210571289
33.72882843017578
34.52287673950195
31.839282989501953
39.732913970947266
28.157054901123047
37.980552673339844
31.510984420776367
33.71602249145508
34.57965850830078
27.9503116607666
30.418861389160156
33.99418640136719
29.385021209716797
29.52560043334961
26.776966094970703
32.95486831665039
36.47223663330078
34.5434455871582
32.50965118408203
36.83433532714844
31.968997955322266
36.47223663330078
35.62038040161133
29.384136199951172
31.98021697998047
29.537513732910156
28.366985321044922
32.90297317504883
31.827659606933594
36.34217834472656
27.414384841918945
27.4464111328125
30.1380672454834
38.67790985107422
29.537513732910156
30.418861389160156
38.67790985107422
30.31960678100586
25.335752487182617
34.260074615478516
34.30649185180664
33.32950210571289
38.323455810546875
25.010251998901367
34.9506950378418
31.635425567626953
36.07729721069336
29.35653305053711
29.537513732910156
40.40624237060547
36.9500732421875
28.729921340942383
27.553014755249023
28.120956420898438
30.550357818603516
25.15382957458496
29.79551887512207
29.12589454650879
33.24422836303711
34.70343780517578
34.435585021972656
34.52894592285156
29.53705596923828
32.828067779541016
36.472469329833984
38.67780685424805
29.33419418334961
25.64236831665039
35.789512634277344
33.32965087890625
38.04661560058594
36.07825469970703
37.163734436035156
30.07958221435547
31.16236114501953
39.25606918334961
39.259300231933594
31.49679946899414
38.976497650146484
39.259300231933594
30.620830535888672
38.97903060913086
29.29241943359375
31.419509887695312
27.180004119873047
25.800392150878906
33.75935363769531
37.82254409790039
37.82254409790039
24.80585289001465
25.18195152282715
24.70467758178711
33.27717208862305
33.27717208862305
33.75935363769531
39.55289077758789
25.276866912841797
32.72174072265625
25.577558517456055
124.06222534179688
28.00191307067871
33.54829406738281
42.65186309814453
38.076698303222656
34.5914192199707
39.259300231933594
39.20299530029297
31.9920654296875
38.76814651489258
39.47957229614258
38.94892501831055
39.47957229614258
34.73634719848633
42.00352478027344
35.231868743896484
37.45344924926758
35.81304931640625
39.24828338623047
44.8266487121582
40.313209533691406
41.78077697753906
36.50889587402344
28.888961791992188
30.033485412597656
29.61899757385254
30.32359504699707
39.377662658691406
27.388748168945312
31.68816375732422
37.447086334228516
31.55681610107422
25.93669891357422
27.759601593017578
30.710350036621094
26.858062744140625
28.010284423828125
34.00151824951172
27.616371154785156
42.530296325683594
29.40896224975586
26.952316284179688
35.139278411865234
30.311416625976562
28.755962371826172
26.250019073486328
25.83024787902832
31.042743682861328
29.842788696289062
29.842788696289062
29.842788696289062
31.042743682861328
31.042743682861328
37.781742095947266
37.781742095947266
29.606399536132812
29.606399536132812
31.042743682861328
37.707923889160156
39.0312614440918
29.535869598388672
28.210195541381836
29.842788696289062
25.194019317626953
38.39863967895508
35.54859924316406
25.983539581298828
26.1173095703125
27.57809066772461
26.118282318115234
28.210195541381836
26.19407081604004
26.144393920898438
26.990541458129883
28.755962371826172
28.755962371826172
28.755962371826172
30.710350036621094
27.836210250854492
28.116256713867188
27.614017486572266
31.042743682861328
25.86801528930664
25.83024787902832
25.83024787902832
31.042743682861328
43.90064239501953
39.75035095214844
38.63245391845703
28.755962371826172
30.710350036621094
33.4099235534668
28.755962371826172
28.210195541381836
25.7930908203125
29.169597625732422
29.059494018554688
29.486164093017578
30.710350036621094
27.80828285217285
40.065208435058594
27.763545989990234
35.67339324951172
27.18252182006836
35.10240936279297
28.5787353515625
25.939218521118164
35.23548889160156
30.710350036621094
28.755962371826172
26.895986557006836
30.884536743164062
28.981483459472656
33.661827087402344
32.948238372802734
26.26324462890625
30.710350036621094
26.27985954284668
33.32798385620117
40.3900146484375
34.769493103027344
39.50116729736328
39.949432373046875
37.36558532714844
35.438446044921875
39.7591667175293
39.8001823425293
34.83635711669922
38.076698303222656
29.587846755981445
36.36632537841797
36.50889587402344
37.447086334228516
31.55681610107422
31.68816375732422
31.55681610107422
30.32359504699707
29.61899757385254
30.32359504699707
26.6603946685791
27.594459533691406
26.271881103515625
30.033485412597656
28.888961791992188
30.033485412597656
87.70294952392578
38.39863967895508
145.19076538085938
31.71368408203125
29.239242553710938
31.71368408203125
25.31391143798828
31.71368408203125
29.239242553710938
31.71368408203125
26.225234985351562
31.80349349975586
27.998748779296875
25.58578872680664
33.837711334228516
32.512054443359375
33.26689147949219
34.43904113769531
31.6137638092041
34.43904113769531
34.43904113769531
31.6137638092041
24.14958953857422
31.735933303833008
28.705636978149414
31.735933303833008
48.53968048095703
44.86672592163086
49.17878723144531
43.07963180541992
45.19489669799805
30.978809356689453
27.991992950439453
30.978809356689453
32.5057373046875
36.090415954589844
32.5057373046875
34.518821716308594
26.61962127685547
36.28999328613281
32.37946319580078
29.49453353881836
29.606399536132812
29.606399536132812
29.606399536132812
37.781742095947266
37.781742095947266
37.781742095947266
37.781742095947266
29.606399536132812
37.781742095947266
29.606399536132812
29.606399536132812
29.606399536132812
29.606399536132812
37.781742095947266
37.781742095947266
37.781742095947266
24.578125
27.312816619873047
31.735933303833008
28.705636978149414
31.735933303833008
36.999778747558594
27.75876235961914
34.43904113769531
31.6137638092041
34.43904113769531
35.349308013916016
34.43904113769531
31.6137638092041
36.919795989990234
36.041656494140625
36.919795989990234
27.501888275146484
34.232540130615234
35.796634674072266
35.796634674072266
26.732200622558594
34.43904113769531
31.6137638092041
34.43904113769531
31.6137638092041
34.43904113769531
34.817806243896484
28.472932815551758
26.422496795654297
37.37413024902344
35.32516098022461
25.579845428466797
34.05055618286133
30.406972885131836
34.05055618286133
32.828346252441406
29.525779724121094
32.828346252441406
26.501483917236328
29.936450958251953
29.33047866821289
30.58706283569336
28.44142723083496
34.05055618286133
30.406972885131836
34.05055618286133
37.10758590698242
37.82254409790039
37.10758590698242
30.29875946044922
28.383569717407227
32.828346252441406
29.525779724121094
32.828346252441406
32.828346252441406
29.525779724121094
34.43904113769531
31.6137638092041
29.460723876953125
27.985210418701172
37.37413024902344
35.32516098022461
37.37413024902344
34.43904113769531
26.975540161132812
32.28840255737305
31.485763549804688
32.28840255737305
34.481170654296875
30.34591293334961
34.481170654296875
34.481170654296875
39.0312614440918
37.707923889160156
39.0312614440918
39.0312614440918
37.707923889160156
42.8980598449707
31.42751121520996
29.69965171813965
31.553308486938477
30.118824005126953
31.553308486938477
35.54859924316406
38.39863967895508
35.54859924316406
27.98479652404785
27.675518035888672
30.318017959594727
30.511516571044922
31.755613327026367
27.16337013244629
32.34608459472656
31.676355361938477
29.69965171813965
29.66067886352539
27.248289108276367
24.466646194458008
27.614017486572266
26.480453491210938
30.30265235900879
25.324119567871094
24.365568161010742
29.606399536132812
29.606399536132812
29.606399536132812
33.38484191894531
30.397985458374023
34.587955474853516
25.70887565612793
29.606399536132812
29.606399536132812
29.606399536132812
29.606399536132812
29.606399536132812
33.75935363769531
30.109783172607422
29.60651969909668
29.901348114013672
39.0312614440918
37.707923889160156
25.554767608642578
33.0390625
32.2844123840332
37.83854293823242
26.476327896118164
37.31779861450195
37.83854293823242
37.31779861450195
67.39900207519531
53.79704284667969
37.31779861450195
37.31779861450195
37.31779861450195
37.31779861450195
32.66387176513672
37.31779861450195
37.31779861450195
37.31779861450195
37.31779861450195
37.31779861450195
37.31779861450195
37.31779861450195
37.31779861450195
37.31779861450195
37.31779861450195
30.94350814819336
48.08587646484375
37.83854293823242
37.31779861450195
37.31779861450195
30.94350814819336
37.31779861450195
37.31779861450195
37.31779861450195
30.94350814819336
37.31779861450195
37.31779861450195
36.39024353027344
37.31779861450195
37.31779861450195
30.94350814819336
35.088714599609375
27.057682037353516
37.31779861450195
37.31779861450195
30.94350814819336
37.31779861450195
37.31779861450195
37.31779861450195
30.94350814819336
37.31779861450195
37.31779861450195
37.31779861450195
37.31779861450195
30.94350814819336
29.759294509887695
25.055030822753906
37.31779861450195
28.130491256713867
26.689502716064453
37.31779861450195
30.94350814819336
37.31779861450195
37.31779861450195
37.31779861450195
37.31779861450195
30.94350814819336
31.073890686035156
25.789257049560547
37.31779861450195
37.31779861450195
30.94350814819336
29.592735290527344
37.31779861450195
37.31779861450195
27.97892189025879
24.671958923339844
39.332889556884766
26.503686904907227
37.31779861450195
37.31779861450195
30.94350814819336
33.99169158935547
33.99169158935547
29.30303955078125
27.059158325195312
33.99169158935547
30.94350814819336
33.99169158935547
33.99169158935547
30.94350814819336
33.2265625
33.2265625
35.088714599609375
26.857450485229492
33.2265625
33.2265625
33.28436279296875
29.434329986572266
33.28436279296875
28.433767318725586
30.94350814819336
33.0518798828125
33.0518798828125
33.77811050415039
30.651870727539062
30.94350814819336
33.0518798828125
33.0518798828125
30.772441864013672
29.522052764892578
26.34493637084961
33.0518798828125
35.116050720214844
30.94350814819336
31.073890686035156
25.18747901916504
32.512367248535156
33.247093200683594
32.979393005371094
29.630916595458984
24.568864822387695
33.77811050415039
26.987022399902344
33.54829406738281
30.979114532470703
25.130250930786133
32.979393005371094
24.676774978637695
33.28436279296875
28.32611083984375
25.56377601623535
25.56377601623535
25.127330780029297
25.185531616210938
39.332889556884766
26.716310501098633
24.908302307128906
25.405731201171875
25.078353881835938
30.94350814819336
25.633007049560547
33.28436279296875
26.229427337646484
32.979393005371094
25.223844528198242
25.08184814453125
25.23414421081543
32.89383316040039
25.185531616210938
26.883033752441406
25.483369827270508
25.3867244720459
25.26904296875
25.0042667388916
32.89383316040039
24.90420913696289
32.89383316040039
30.94350814819336
32.89383316040039
39.332889556884766
28.433223724365234
32.89383316040039
36.02339553833008
24.24339485168457
24.99596405029297
32.89398193359375
36.02272415161133
31.661314010620117
32.9413948059082
37.800819396972656
36.99235534667969
31.86414909362793
31.86414909362793
105.04508972167969
31.86414909362793
36.99235534667969
31.86414909362793
29.631622314453125
29.192777633666992
30.09017562866211
27.946361541748047
71.56851196289062
31.86414909362793
31.86414909362793
31.86414909362793
31.86414909362793
31.86414909362793
31.86414909362793
31.86414909362793
31.86414909362793
43.964847564697266
31.86414909362793
31.86414909362793
31.86414909362793
31.86414909362793
31.86414909362793
31.86414909362793
31.86414909362793
31.86414909362793
31.86414909362793
31.86414909362793
31.86414909362793
31.86414909362793
31.86414909362793
31.86414909362793
31.86414909362793
31.86414909362793
31.86414909362793
31.86414909362793
31.86414909362793
31.86414909362793
31.86414909362793
31.86414909362793
31.86414909362793
31.86414909362793
31.86414909362793
31.86414909362793
31.86414909362793
31.86414909362793
31.86414909362793
31.86414909362793
31.86414909362793
31.86414909362793
31.86414909362793
31.86414909362793
31.86414909362793
31.86414909362793
31.86414909362793
31.86414909362793
31.86414909362793
31.86414909362793
31.86414909362793
31.86414909362793
31.86414909362793
31.86414909362793
31.86414909362793
31.86414909362793
31.86414909362793
31.86414909362793
31.86414909362793
31.86414909362793
31.86414909362793
31.86414909362793
31.86414909362793
31.86414909362793
31.86414909362793
31.86414909362793
31.86414909362793
31.86414909362793
31.86414909362793
31.86414909362793
27.6492919921875
28.454334259033203
25.681108474731445
39.55289077758789
37.342369079589844
36.02013397216797
31.933273315429688
36.02013397216797
31.933273315429688
51.52306365966797
50.26931381225586
44.71117401123047
40.87924575805664
26.7097110748291
31.98295021057129
24.861679077148438
25.265090942382812
28.454334259033203
25.490554809570312
30.109783172607422
29.60651969909668
31.98295021057129
26.543678283691406
30.109783172607422
28.426456451416016
29.23928451538086
28.27105712890625
28.296321868896484
38.48332977294922
31.98295021057129
26.184864044189453
25.005260467529297
36.02013397216797
31.933273315429688
28.290067672729492
36.02013397216797
31.933273315429688
28.290067672729492
31.59381866455078
33.43538284301758
33.19233703613281
26.104473114013672
30.109783172607422
29.606517791748047
27.748489379882812
33.43538284301758
33.19233703613281
29.823068618774414
33.43538284301758
33.19233703613281
29.823068618774414
37.20416259765625
33.27717208862305
33.27717208862305
33.27717208862305
30.550357818603516
30.366003036499023
33.43538284301758
33.19233703613281
29.823068618774414
30.109783172607422
29.606517791748047
29.901348114013672
33.43538284301758
33.19233703613281
29.823068618774414
33.43538284301758
29.11150360107422
28.55762481689453
30.443510055541992
30.489349365234375
29.60325813293457
29.595626831054688
24.611724853515625
30.489349365234375
29.60325813293457
39.03125762939453
37.707923889160156
39.03125762939453
39.03125762939453
37.707923889160156
119.34857177734375
27.95273208618164
25.213172912597656
27.4920597076416
33.19233703613281
29.823068618774414
24.365568161010742
33.5437126159668
32.331329345703125
33.5437126159668
32.51953887939453
36.29893493652344
33.55194091796875
31.20718002319336
36.29893493652344
33.55194091796875
36.29893493652344
29.77422523498535
29.936450958251953
29.33047866821289
30.58706283569336
25.836078643798828
31.42751121520996
30.27458953857422
31.676355361938477
29.69965171813965
29.66067886352539
29.69965171813965
31.553308486938477
30.118824005126953
31.553308486938477
30.32359504699707
29.61899757385254
30.32359504699707
30.033483505249023
28.888961791992188
30.033483505249023
30.489349365234375
29.60325813293457
24.479660034179688
33.51886749267578
96.66915893554688
35.54859924316406
38.39863586425781
35.54859924316406
25.178630828857422
28.63084602355957
25.198333740234375
27.614017486572266
29.47049903869629
30.30265235900879
36.29893493652344
33.55194091796875
34.53239822387695
33.50754165649414
34.41733932495117
30.677932739257812
25.84273338317871
39.5064811706543
24.734975814819336
26.375024795532227
31.009292602539062
29.479537963867188
33.52757263183594
33.318077087402344
37.0355110168457
34.259925842285156
40.20014953613281
25.297338485717773
24.88843536376953
24.93597984313965
26.139060974121094
26.345081329345703
31.735933303833008
28.705636978149414
31.735933303833008
31.26533317565918
24.468761444091797
31.755613327026367
30.4871768951416
30.318017959594727
25.39729118347168
34.82635498046875
33.661827087402344
32.948238372802734
28.075611114501953
24.46405792236328
31.71368408203125
29.239242553710938
31.71368408203125
25.646018981933594
34.43904113769531
31.6137638092041
34.43904113769531
34.43904113769531
31.6137638092041
35.41670227050781
35.26788330078125
35.41670227050781
34.43904113769531
31.6137638092041
34.43904113769531
30.143712997436523
29.895265579223633
29.768226623535156
34.43904113769531
31.6137638092041
36.61236572265625
34.43904113769531
31.6137638092041
34.43904113769531
34.69982147216797
26.219482421875
34.69982147216797
34.43904113769531
31.6137638092041
34.43904113769531
31.6137638092041
34.43904113769531
35.242881774902344
31.088817596435547
30.48349952697754
30.662050247192383
37.447086334228516
35.133060455322266
34.35408020019531
25.05929946899414
33.403995513916016
26.178850173950195
34.04616165161133
37.37413024902344
35.32516098022461
37.37413024902344
37.10758590698242
37.82254409790039
37.10758590698242
34.05055618286133
30.406972885131836
34.05055618286133
29.567655563354492
57.688114166259766
25.656147003173828
31.379854202270508
34.635231018066406
31.379854202270508
36.58839797973633
34.43904113769531
31.6137638092041
36.02013397216797
31.933273315429688
32.25431823730469
34.43904113769531
31.6137638092041
34.05055618286133
30.406972885131836
34.05055618286133
39.751102447509766
32.828346252441406
29.525779724121094
32.828346252441406
29.936450958251953
29.33047866821289
30.58706283569336
25.244579315185547
32.828346252441406
29.525779724121094
32.828346252441406
32.828346252441406
29.525779724121094
34.43904113769531
31.6137638092041
25.490379333496094
31.06618309020996
32.28840255737305
31.485763549804688
32.288631439208984
24.539812088012695
25.60441780090332
37.372642517089844
35.324951171875
113.68584442138672
36.260536193847656
32.9413948059082
39.8409423828125
31.661314010620117
67.90069580078125
37.83854293823242
38.28288269042969
33.28436279296875
25.359621047973633
30.820981979370117
24.59231185913086
29.759294509887695
30.979114532470703
42.79379653930664
35.088714599609375
56.18522644042969
39.52619934082031
49.809410095214844
29.63092041015625
27.30687713623047
29.759294509887695
32.66387176513672
33.77811050415039
39.544464111328125
39.332889556884766
25.832080841064453
33.28436279296875
25.228368759155273
33.28436279296875
26.167823791503906
25.14167022705078
33.28436279296875
30.097715377807617
28.91522216796875
25.89910888671875
36.02339553833008
25.441051483154297
35.474971771240234
31.40052604675293
40.140113830566406
39.88270568847656
39.332889556884766
25.206308364868164
25.793800354003906
25.9368896484375
58.488677978515625
32.66387176513672
25.542036056518555
32.66387176513672
39.332889556884766
39.332889556884766
28.033615112304688
28.033615112304688
29.284454345703125
28.033615112304688
29.35799789428711
25.921878814697266
35.088714599609375
25.15615463256836
42.73646926879883
66.59419250488281
29.759294509887695
29.2636661529541
29.759294509887695
25.764633178710938
32.335166931152344
67.17949676513672
36.02339553833008
25.41205596923828
25.613784790039062
29.759294509887695
25.354618072509766
33.77811050415039
26.634639739990234
26.634639739990234
26.054603576660156
26.634639739990234
33.28436279296875
26.344932556152344
29.706464767456055
31.109508514404297
36.02339553833008
25.690723419189453
31.40052604675293
26.044754028320312
25.08722686767578
30.979114532470703
27.153079986572266
33.77811050415039
26.24130630493164
25.641212463378906
31.652849197387695
33.28436279296875
25.387798309326172
36.39024353027344
36.02339553833008
33.54829406738281
36.02339553833008
25.790739059448242
25.424192428588867
25.639530181884766
25.424192428588867
26.24130630493164
26.35123062133789
26.541309356689453
26.35123062133789
26.35123062133789
26.35123062133789
26.35123062133789
26.35123062133789
32.72288131713867
26.35123062133789
33.77811050415039
26.318275451660156
26.35123062133789
25.308914184570312
39.332889556884766
26.160358428955078
39.332889556884766
25.344436645507812
26.35123062133789
26.337188720703125
26.35123062133789
26.35123062133789
26.35123062133789
26.541309356689453
26.35123062133789
26.351224899291992
26.351224899291992
26.351224899291992
26.351224899291992
26.351224899291992
26.351224899291992
26.351224899291992
26.351224899291992
26.541275024414062
25.71139144897461
26.351224899291992
25.20111083984375
26.351224899291992
24.85131072998047
26.351224899291992
26.351224899291992
25.215383529663086
26.351224899291992
24.85131072998047
26.541275024414062
29.357402801513672
24.95071792602539
26.63953399658203
24.85131072998047
24.85131072998047
