25.960025787353516
27.752334594726562
33.013450622558594
28.17648696899414
29.618282318115234
30.558467864990234
20.342121124267578
35.85171127319336
31.052364349365234
27.673294067382812
20.861141204833984
24.417011260986328
37.72408676147461
20.4016056060791
25.775428771972656
27.76949691772461
31.26486587524414
26.13645362854004
21.97789764404297
27.920257568359375
32.868003845214844
31.920997619628906
32.46074295043945
31.052364349365234
27.24648666381836
20.643781661987305
23.736316680908203
32.60973358154297
31.04104995727539
24.496566772460938
20.73885154724121
25.09619903564453
30.18406105041504
25.117473602294922
24.869720458984375
27.36673355102539
31.052364349365234
27.941509246826172
29.030445098876953
37.99363327026367
27.800018310546875
30.667438507080078
22.462621688842773
23.19710350036621
20.663455963134766
25.50750732421875
21.27379608154297
24.071121215820312
24.773096084594727
24.874221801757812
28.927330017089844
33.06629180908203
31.6591854095459
30.784921646118164
32.35266876220703
24.919668197631836
24.869720458984375
25.09619903564453
31.700233459472656
34.75481414794922
19.882556915283203
35.14057922363281
26.01445770263672
27.752334594726562
32.801124572753906
27.033979415893555
28.930376052856445
27.44338607788086
37.4696044921875
24.869720458984375
30.247081756591797
39.19211959838867
32.937835693359375
26.964094161987305
27.218433380126953
26.891035079956055
43.514408111572266
28.773536682128906
30.314796447753906
25.083919525146484
28.78652000427246
33.920692443847656
35.2656364440918
27.991939544677734
32.801124572753906
31.001773834228516
20.37197494506836
28.000286102294922
33.54912185668945
32.261070251464844
27.370716094970703
35.85171127319336
30.788299560546875
35.14057922363281
29.323505401611328
29.01136016845703
30.681255340576172
26.01445770263672
31.920997619628906
32.868003845214844
26.342037200927734
21.965383529663086
32.179622650146484
26.63763427734375
34.596405029296875
26.72218894958496
24.3308048248291
27.06633758544922
28.23284149169922
20.944690704345703
38.560604095458984
31.001773834228516
25.919166564941406
25.95745277404785
32.860721588134766
30.847373962402344
25.919166564941406
29.66504669189453
25.536846160888672
20.152976989746094
33.89710998535156
32.261070251464844
22.29690933227539
27.64754867553711
32.46074295043945
32.2362174987793
23.12601089477539
32.868003845214844
29.24543571472168
26.922813415527344
26.370853424072266
19.741817474365234
30.18406105041504
24.153186798095703
31.862276077270508
28.271560668945312
27.80038070678711
30.92757225036621
24.331266403198242
27.040489196777344
30.00792694091797
22.666793823242188
30.078441619873047
29.01136016845703
29.361236572265625
22.450084686279297
27.991939544677734
32.60304641723633
24.680686950683594
25.50750732421875
27.068260192871094
32.46074295043945
29.63951301574707
30.847373962402344
31.29806900024414
28.982120513916016
29.451215744018555
24.919668197631836
20.779621124267578
27.744613647460938
29.66504669189453
31.670780181884766
25.341379165649414
32.179622650146484
24.14825439453125
20.697616577148438
25.159015655517578
28.538738250732422
25.09619903564453
35.14057922363281
27.094587326049805
30.18406105041504
21.452421188354492
29.47974967956543
32.261070251464844
30.153045654296875
28.06629753112793
32.59709930419922
32.525203704833984
22.64948272705078
30.98993682861328
23.44204330444336
31.020954132080078
33.06629180908203
35.85171127319336
31.988723754882812
36.460994720458984
35.14057922363281
32.19455337524414
35.85171127319336
22.450084686279297
26.342037200927734
21.426485061645508
21.196231842041016
27.09764862060547
21.48101043701172
32.525203704833984
29.46044158935547
24.869720458984375
27.54416847229004
24.869720458984375
27.74917984008789
27.450307846069336
32.179622650146484
27.576141357421875
29.01136016845703
35.85171127319336
33.801177978515625
24.919668197631836
29.961523056030273
26.597652435302734
32.261070251464844
24.932811737060547
29.857070922851562
30.254756927490234
28.180633544921875
32.39849090576172
32.19455337524414
30.123611450195312
29.307174682617188
25.09265899658203
35.14057922363281
29.76138687133789
26.515552520751953
25.849529266357422
33.70639419555664
32.801124572753906
51.861473083496094
32.10032653808594
27.040489196777344
25.20974349975586
29.66504669189453
30.18406105041504
30.753982543945312
19.82262420654297
32.31978225708008
46.08911895751953
29.881385803222656
25.457107543945312
32.39849090576172
26.564817428588867
24.919668197631836
34.17119216918945
20.816011428833008
22.471933364868164
32.801124572753906
20.902257919311523
30.247081756591797
30.38402557373047
20.88243865966797
20.152976989746094
35.27778625488281
23.889495849609375
23.568729400634766
25.44623374938965
25.960025787353516
29.01136016845703
26.63763427734375
27.977901458740234
29.287033081054688
36.273704528808594
29.061227798461914
27.283916473388672
29.857070922851562
32.801124572753906
24.258451461791992
26.176536560058594
33.0496826171875
28.50763702392578
25.21979522705078
31.052364349365234
31.876220703125
20.121232986450195
25.172344207763672
26.63763427734375
27.885181427001953
27.80038070678711
27.803508758544922
34.75481414794922
26.227643966674805
24.869720458984375
32.08437728881836
28.982120513916016
20.89458656311035
21.23220443725586
26.194425582885742
25.960025787353516
25.50750732421875
26.227643966674805
26.902210235595703
27.450307846069336
32.46074295043945
27.64754867553711
29.361236572265625
25.919166564941406
26.258869171142578
29.769119262695312
27.06633758544922
27.75417137145996
21.554424285888672
30.80579948425293
28.882984161376953
26.106666564941406
28.71617889404297
25.786754608154297
26.564817428588867
29.47974967956543
32.30931091308594
31.26486587524414
24.496566772460938
27.24648666381836
27.09764862060547
22.450084686279297
26.342037200927734
30.28795623779297
27.752334594726562
25.919166564941406
26.63763427734375
19.246322631835938
25.172344207763672
33.06629180908203
32.46074295043945
35.82432556152344
20.603302001953125
28.982120513916016
31.052364349365234
30.784921646118164
28.816675186157227
35.85171127319336
25.172344207763672
35.627105712890625
28.773536682128906
31.220170974731445
31.26486587524414
24.496442794799805
26.342037200927734
30.003080368041992
25.117473602294922
25.775428771972656
22.655017852783203
30.123611450195312
32.801124572753906
30.681255340576172
29.769119262695312
32.46074295043945
30.143932342529297
32.801124572753906
33.0496826171875
25.0994873046875
29.451215744018555
25.09619903564453
24.932811737060547
29.29261589050293
28.587535858154297
32.25400924682617
23.557613372802734
23.568729400634766
26.63763427734375
36.125511169433594
25.09619903564453
26.342037200927734
36.125511169433594
27.250518798828125
21.370098114013672
30.996919631958008
32.31978225708008
28.982120513916016
36.925132751464844
20.481828689575195
31.837440490722656
27.72290802001953
33.34528350830078
25.57312774658203
25.09619903564453
44.843021392822266
33.528560638427734
25.418676376342773
24.459495544433594
24.496566772460938
26.869037628173828
21.676467895507812
25.32030487060547
24.869720458984375
30.078441619873047
29.218204498291016
30.40679931640625
34.42493438720703
25.095748901367188
29.3232479095459
32.80134582519531
36.125335693359375
25.078937530517578
21.214508056640625
32.26146697998047
28.98220443725586
37.270301818847656
34.55419921875
30.68160057067871
27.246522903442383
29.01132583618164
37.225486755371094
36.74489974975586
28.172718048095703
36.63072204589844
36.74489974975586
27.37894058227539
36.41368865966797
25.488359451293945
28.255577087402344
24.07063102722168
21.643089294433594
32.96742248535156
34.75481414794922
34.75481414794922
20.580501556396484
21.074935913085938
20.274280548095703
31.59854507446289
31.59854507446289
32.96742248535156
36.32282257080078
20.89358139038086
32.093482971191406
21.437999725341797
101.6424789428711
25.164569854736328
31.625816345214844
40.878807067871094
35.929439544677734
32.540008544921875
36.74489974975586
37.089778900146484
27.44338607788086
36.37434005737305
37.423728942871094
36.78992462158203
37.423728942871094
32.500335693359375
40.2741584777832
32.37632751464844
35.272369384765625
32.778968811035156
37.680198669433594
44.84370803833008
39.05035400390625
40.070552825927734
32.64049530029297
24.417442321777344
25.379833221435547
26.8133544921875
26.647863388061523
28.74957275390625
23.613079071044922
28.57131576538086
33.81904220581055
28.460205078125
20.93096160888672
22.992481231689453
29.417335510253906
22.19681739807129
23.62070083618164
29.785783767700195
23.17647933959961
33.70710754394531
27.200532913208008
23.081886291503906
33.15194320678711
27.03113555908203
25.926990509033203
21.866897583007812
22.482648849487305
28.920515060424805
27.320268630981445
27.320268630981445
27.320268630981445
28.920515060424805
28.920515060424805
34.46091842651367
34.46091842651367
26.247188568115234
26.247188568115234
28.920515060424805
33.6787223815918
35.18693542480469
25.354022979736328
25.035297393798828
27.320268630981445
20.771774291992188
34.5291862487793
31.507333755493164
21.39011001586914
21.63695526123047
23.22911834716797
21.638351440429688
25.035297393798828
21.813278198242188
22.01963233947754
24.090042114257812
25.926990509033203
25.926990509033203
25.926990509033203
29.417335510253906
23.539531707763672
24.337757110595703
23.93815040588379
28.920515060424805
21.48196792602539
22.482648849487305
22.482648849487305
28.920515060424805
37.79520034790039
32.0076904296875
29.393726348876953
25.926990509033203
29.417335510253906
31.6087703704834
25.926990509033203
25.035297393798828
21.284496307373047
25.283061981201172
25.48823356628418
25.860456466674805
29.417335510253906
23.794803619384766
31.196548461914062
23.99325180053711
29.956077575683594
23.573823928833008
28.734458923339844
26.093027114868164
21.454483032226562
32.991477966308594
29.417335510253906
25.926990509033203
22.224014282226562
27.581098556518555
25.896451950073242
30.555408477783203
29.42169189453125
22.400569915771484
29.417335510253906
22.011747360229492
33.0980224609375
38.69035720825195
32.892677307128906
37.504764556884766
37.71712875366211
35.48173904418945
33.83238983154297
37.483116149902344
37.89259719848633
32.7458610534668
35.929439544677734
25.82253074645996
33.685646057128906
32.64049530029297
33.81904220581055
28.460205078125
28.57131576538086
28.460205078125
26.647863388061523
26.8133544921875
26.647863388061523
22.077144622802734
23.312713623046875
22.014890670776367
25.379833221435547
24.417442321777344
25.379833221435547
83.01126861572266
34.5291862487793
133.62509155273438
28.905494689941406
25.895751953125
28.905494689941406
20.560256958007812
28.905494689941406
25.895751953125
28.905494689941406
22.156078338623047
31.165674209594727
25.517295837402344
21.989757537841797
30.534440994262695
28.339977264404297
29.068071365356445
30.731910705566406
28.069538116455078
30.731910705566406
30.731910705566406
28.069538116455078
19.86323356628418
28.318031311035156
24.977649688720703
28.318031311035156
37.12971115112305
32.774959564208984
39.06364440917969
31.748855590820312
34.47734451293945
26.902210235595703
24.65158462524414
26.902210235595703
29.57709312438965
33.67298126220703
29.57709312438965
24.924348831176758
23.10759735107422
32.21149444580078
28.4569149017334
25.146041870117188
26.247188568115234
26.247188568115234
26.247188568115234
34.46091842651367
34.46091842651367
34.46091842651367
34.46091842651367
26.247188568115234
34.46091842651367
26.247188568115234
26.247188568115234
26.247188568115234
26.247188568115234
34.46091842651367
34.46091842651367
34.46091842651367
20.334888458251953
23.089344024658203
28.318031311035156
24.977649688720703
28.318031311035156
26.445068359375
25.251474380493164
30.731910705566406
28.069538116455078
30.731910705566406
27.16693115234375
30.731910705566406
28.069538116455078
34.095619201660156
33.24702453613281
34.095619201660156
23.560232162475586
32.74250411987305
34.79723358154297
34.79723358154297
23.690317153930664
30.731910705566406
28.069538116455078
30.731910705566406
28.069538116455078
30.731910705566406
29.964740753173828
26.107168197631836
22.726032257080078
32.9801139831543
31.549230575561523
21.12175750732422
30.805652618408203
26.736663818359375
30.805652618408203
29.323505401611328
25.179567337036133
29.323505401611328
21.54477310180664
25.831266403198242
26.05913543701172
26.93303680419922
25.874469757080078
30.805652618408203
26.736663818359375
30.805652618408203
33.754337310791016
34.75481414794922
33.754337310791016
26.140371322631836
26.21617889404297
29.323505401611328
25.179567337036133
29.323505401611328
29.323505401611328
25.179567337036133
30.731910705566406
28.069538116455078
27.821208953857422
23.72900390625
32.9801139831543
31.549230575561523
32.9801139831543
30.731910705566406
23.917240142822266
28.591564178466797
30.70682716369629
28.591564178466797
32.33910369873047
27.931934356689453
32.33910369873047
32.33910369873047
35.18693542480469
33.6787223815918
35.18693542480469
35.18693542480469
33.6787223815918
46.01955795288086
28.909061431884766
26.348602294921875
28.640710830688477
26.674482345581055
28.640710830688477
31.507333755493164
34.5291862487793
31.507333755493164
25.267831802368164
23.69663429260254
26.974407196044922
27.64981460571289
29.213817596435547
22.448081970214844
31.55080795288086
29.34213638305664
26.348602294921875
26.19831085205078
24.449644088745117
20.180068969726562
23.93815040588379
22.474868774414062
26.17087173461914
20.887157440185547
20.29494857788086
26.247188568115234
26.247188568115234
26.247188568115234
32.204200744628906
26.28435516357422
31.70849609375
21.836490631103516
26.247188568115234
26.247188568115234
26.247188568115234
26.247188568115234
26.247188568115234
32.96742248535156
27.871614456176758
27.06817626953125
28.281787872314453
35.18693542480469
33.6787223815918
21.67006492614746
30.92757225036621
29.840011596679688
34.06871032714844
21.586711883544922
26.64937973022461
34.06871032714844
26.64937973022461
74.12134552001953
50.85655212402344
26.64937973022461
26.64937973022461
26.64937973022461
26.64937973022461
29.13283920288086
26.64937973022461
26.64937973022461
26.64937973022461
26.64937973022461
26.64937973022461
26.64937973022461
26.64937973022461
26.64937973022461
26.64937973022461
26.64937973022461
27.119884490966797
45.410057067871094
34.06871032714844
26.64937973022461
26.64937973022461
27.119884490966797
26.64937973022461
26.64937973022461
26.64937973022461
27.119884490966797
26.64937973022461
26.64937973022461
37.989227294921875
26.64937973022461
26.64937973022461
27.119884490966797
31.84664535522461
22.655593872070312
26.64937973022461
26.64937973022461
27.119884490966797
26.64937973022461
26.64937973022461
26.64937973022461
27.119884490966797
26.64937973022461
26.64937973022461
26.64937973022461
26.64937973022461
27.119884490966797
25.912248611450195
20.275348663330078
26.64937973022461
24.81730842590332
21.688976287841797
26.64937973022461
27.119884490966797
26.64937973022461
26.64937973022461
26.64937973022461
26.64937973022461
27.119884490966797
27.248456954956055
20.941381454467773
26.64937973022461
26.64937973022461
27.119884490966797
30.104949951171875
26.64937973022461
26.64937973022461
25.042715072631836
19.78892707824707
36.053810119628906
21.891754150390625
26.64937973022461
26.64937973022461
27.119884490966797
29.83718490600586
29.83718490600586
24.77586555480957
23.792221069335938
29.83718490600586
27.119884490966797
29.83718490600586
29.83718490600586
27.119884490966797
29.10694122314453
29.10694122314453
31.84664535522461
22.367855072021484
29.10694122314453
29.10694122314453
29.109783172607422
26.65854263305664
29.109783172607422
26.049640655517578
27.119884490966797
29.236251831054688
29.236251831054688
29.721588134765625
29.90912628173828
27.119884490966797
29.236251831054688
29.236251831054688
27.131086349487305
28.407026290893555
22.054086685180664
29.236251831054688
32.65117263793945
27.119884490966797
27.248456954956055
20.364683151245117
31.01886749267578
30.038114547729492
29.428852081298828
25.3929386138916
19.705846786499023
29.721588134765625
24.083873748779297
31.625816345214844
28.987131118774414
20.63358497619629
29.428852081298828
20.833005905151367
29.109783172607422
25.705440521240234
21.483848571777344
21.483848571777344
20.79249382019043
20.513927459716797
36.053810119628906
22.791454315185547
20.723386764526367
20.92717170715332
20.768260955810547
27.119884490966797
21.536785125732422
29.109783172607422
21.98802947998047
29.428852081298828
20.766456604003906
20.413854598999023
20.73232078552246
29.538734436035156
20.513927459716797
22.871246337890625
21.404211044311523
21.131122589111328
21.00311851501465
20.787031173706055
29.538734436035156
20.697265625
29.538734436035156
27.119884490966797
29.538734436035156
36.053810119628906
26.565189361572266
29.538734436035156
32.93226623535156
19.735815048217773
20.512134552001953
29.538803100585938
32.931556701660156
28.658504486083984
30.107070922851562
39.354984283447266
37.87755584716797
27.232112884521484
27.232112884521484
101.00638580322266
27.232112884521484
37.87755584716797
27.232112884521484
26.6527099609375
25.022384643554688
28.355249404907227
25.990291595458984
67.9459457397461
27.232112884521484
27.232112884521484
27.232112884521484
27.232112884521484
27.232112884521484
27.232112884521484
27.232112884521484
27.232112884521484
47.93260192871094
27.232112884521484
27.232112884521484
27.232112884521484
27.232112884521484
27.232112884521484
27.232112884521484
27.232112884521484
27.232112884521484
27.232112884521484
27.232112884521484
27.232112884521484
27.232112884521484
27.232112884521484
27.232112884521484
27.232112884521484
27.232112884521484
27.232112884521484
27.232112884521484
27.232112884521484
27.232112884521484
27.232112884521484
27.232112884521484
27.232112884521484
27.232112884521484
27.232112884521484
27.232112884521484
27.232112884521484
27.232112884521484
27.232112884521484
27.232112884521484
27.232112884521484
27.232112884521484
27.232112884521484
27.232112884521484
27.232112884521484
27.232112884521484
27.232112884521484
27.232112884521484
27.232112884521484
27.232112884521484
27.232112884521484
27.232112884521484
27.232112884521484
27.232112884521484
27.232112884521484
27.232112884521484
27.232112884521484
27.232112884521484
27.232112884521484
27.232112884521484
27.232112884521484
27.232112884521484
27.232112884521484
27.232112884521484
27.232112884521484
27.232112884521484
27.232112884521484
27.232112884521484
27.232112884521484
27.232112884521484
24.319232940673828
24.656389236450195
20.636425018310547
36.32282257080078
36.09196853637695
35.12660217285156
30.119178771972656
35.12660217285156
30.119178771972656
42.48509979248047
40.69941711425781
34.63422393798828
32.23339080810547
22.213424682617188
28.42059898376465
20.070003509521484
20.911762237548828
24.656389236450195
20.595542907714844
27.871614456176758
27.06817626953125
28.42059898376465
22.662473678588867
27.871614456176758
26.577383041381836
25.859966278076172
25.697240829467773
25.051870346069336
42.075599670410156
28.42059898376465
21.88249969482422
21.635299682617188
35.12660217285156
30.119182586669922
25.63686752319336
35.12660217285156
30.119182586669922
25.63686752319336
31.288410186767578
30.462173461914062
30.379070281982422
21.062301635742188
27.871614456176758
27.06817626953125
24.882104873657227
30.462173461914062
30.379070281982422
27.777687072753906
30.462173461914062
30.379070281982422
27.777687072753906
37.03311538696289
31.598546981811523
31.598546981811523
31.598546981811523
26.869033813476562
26.74216079711914
30.462173461914062
30.379070281982422
27.777687072753906
27.871614456176758
27.06817626953125
28.28179168701172
30.462173461914062
30.379070281982422
27.777687072753906
30.462173461914062
25.607585906982422
25.799482345581055
28.271530151367188
27.744613647460938
26.64097023010254
26.249427795410156
20.39141845703125
27.744613647460938
26.64097023010254
35.18693542480469
33.6787223815918
35.18693542480469
35.18693542480469
33.6787223815918
106.8115234375
23.081480026245117
21.397552490234375
23.60342025756836
30.379070281982422
27.777687072753906
20.294946670532227
30.925254821777344
29.3701171875
30.925254821777344
30.75788688659668
33.15446853637695
29.6892147064209
28.871675491333008
33.15446853637695
29.6892147064209
33.15446853637695
25.621681213378906
25.831266403198242
26.059133529663086
26.93303680419922
21.75855255126953
28.909061431884766
27.50641632080078
29.34213638305664
26.348602294921875
26.198307037353516
26.348602294921875
28.640710830688477
26.674482345581055
28.640710830688477
26.647863388061523
26.8133544921875
26.647863388061523
25.379833221435547
24.417442321777344
25.379833221435547
27.744613647460938
26.64097023010254
20.155305862426758
32.161537170410156
95.18475341796875
31.5073299407959
34.5291862487793
31.5073299407959
20.62759780883789
23.75847625732422
20.929534912109375
23.93815040588379
25.33452033996582
26.17087173461914
33.15446853637695
29.6892147064209
27.845226287841797
30.582382202148438
31.710235595703125
27.769947052001953
20.82567596435547
29.01810646057129
20.95706558227539
21.55044937133789
27.170560836791992
26.307504653930664
30.072851181030273
28.90351104736328
35.128902435302734
30.377798080444336
30.004024505615234
21.219696044921875
21.244903564453125
20.619762420654297
22.782941818237305
22.476118087768555
28.318031311035156
24.977649688720703
28.318031311035156
27.29530143737793
20.502464294433594
29.213817596435547
26.971698760986328
26.974407196044922
20.897296905517578
26.924129486083984
30.55540657043457
29.42169189453125
24.960025787353516
19.523834228515625
28.90549659729004
25.895751953125
28.90549659729004
21.264026641845703
30.731910705566406
28.06954002380371
30.731910705566406
30.731910705566406
28.06954002380371
32.69428253173828
32.625457763671875
32.69428253173828
30.731910705566406
28.06954002380371
30.731910705566406
26.809162139892578
27.353391647338867
26.57551383972168
30.731910705566406
28.06954002380371
29.58619499206543
30.731910705566406
28.06954002380371
30.731910705566406
33.3314208984375
23.0170955657959
33.3314208984375
30.731910705566406
28.06954002380371
30.731910705566406
28.06954002380371
30.731910705566406
27.3997802734375
28.75428009033203
27.98772430419922
28.258262634277344
33.81904220581055
31.592025756835938
30.16236114501953
20.05893898010254
25.524621963500977
21.635334014892578
33.111000061035156
32.98011779785156
31.549230575561523
32.98011779785156
33.75433349609375
34.75481414794922
33.75433349609375
30.805652618408203
26.736663818359375
30.805652618408203
25.226268768310547
52.24189758300781
20.432588577270508
28.693904876708984
34.59382629394531
28.693904876708984
26.992908477783203
30.731910705566406
28.06954002380371
35.12660217285156
30.119182586669922
29.242652893066406
30.731910705566406
28.06954002380371
30.805652618408203
26.736663818359375
30.805652618408203
35.558082580566406
29.323505401611328
25.179567337036133
29.323505401611328
25.831266403198242
26.059133529663086
26.93303680419922
20.69171142578125
29.323505401611328
25.179567337036133
29.323505401611328
29.323505401611328
25.179567337036133
30.731910705566406
28.06954002380371
22.44623374938965
26.952030181884766
28.591564178466797
30.70682716369629
28.59181785583496
20.525453567504883
21.265186309814453
32.97880554199219
31.548748016357422
94.45225524902344
37.02677536010742
30.10706901550293
34.796104431152344
28.658504486083984
69.21833801269531
34.06871032714844
40.6051025390625
29.109783172607422
20.537635803222656
27.56481170654297
19.90871810913086
25.912248611450195
28.987131118774414
34.91963195800781
31.846643447875977
45.421722412109375
31.083049774169922
40.77780532836914
25.3929386138916
22.179683685302734
25.912248611450195
29.13283920288086
29.721588134765625
31.60690689086914
36.053810119628906
22.731979370117188
29.109783172607422
20.54650115966797
29.109783172607422
22.842994689941406
21.022666931152344
29.109783172607422
27.22152328491211
25.284862518310547
22.223058700561523
32.93226623535156
20.92884635925293
30.714372634887695
28.77741241455078
40.047306060791016
39.736080169677734
36.053810119628906
20.66259765625
21.3697452545166
22.028024673461914
43.96537780761719
29.13283920288086
21.215137481689453
29.13283920288086
36.053810119628906
36.053810119628906
26.14116859436035
26.14116859436035
26.923442840576172
26.14116859436035
25.52815818786621
21.951377868652344
31.846643447875977
20.33236312866211
43.33335876464844
69.9251708984375
25.912248611450195
26.327499389648438
25.912248611450195
21.785472869873047
31.69873046875
65.69490051269531
32.93226623535156
20.83672523498535
21.38161849975586
25.912248611450195
21.632427215576172
29.721588134765625
22.15021514892578
22.15021514892578
21.47658348083496
22.15021514892578
29.109783172607422
22.054086685180664
26.31897735595703
27.96063804626465
32.93226623535156
21.833654403686523
28.77741241455078
22.028520584106445
20.738327026367188
28.987131118774414
22.766923904418945
29.721588134765625
21.687271118164062
21.748109817504883
28.893430709838867
29.109783172607422
21.6248779296875
37.989227294921875
32.93226623535156
31.62582015991211
32.93226623535156
22.05881118774414
21.265281677246094
21.439437866210938
21.265281677246094
21.687271118164062
21.818775177001953
22.305810928344727
21.818775177001953
21.818775177001953
21.818775177001953
21.818775177001953
21.818775177001953
29.975696563720703
21.818775177001953
29.721588134765625
21.807680130004883
21.818775177001953
21.809133529663086
36.053810119628906
22.656518936157227
36.053810119628906
21.559600830078125
21.818775177001953
23.361019134521484
21.818775177001953
21.818775177001953
21.818775177001953
22.305810928344727
21.818775177001953
21.818832397460938
21.818832397460938
21.818832397460938
21.818832397460938
21.818832397460938
21.818832397460938
21.818832397460938
21.818832397460938
22.305877685546875
22.19492530822754
21.818832397460938
21.1395263671875
21.818832397460938
20.413177490234375
21.818832397460938
21.818832397460938
21.22052001953125
21.818832397460938
20.413177490234375
22.305877685546875
25.593711853027344
20.52047348022461
22.424175262451172
20.413177490234375
20.413177490234375
