21003.28125
176452.109375
3.4526650636652117e+22
3.821558737202812e+22
22135.427734375
735.7354125976562
1096.2803955078125
17566.123046875
77747.875
14027.9599609375
865568.1875
3351312.25
3.821558737202812e+22
7671.80908203125
923.0122680664062
992175040.0
4624.828125
63200.49609375
335452.75
1039.9013671875
25043.119140625
12099648.0
13734.869140625
204034416.0
2703.72802734375
134845.015625
992175040.0
243.87896728515625
105762832.0
11627.1357421875
1201476224.0
68283.8359375
1196.231201171875
3681611.0
1670053.375
472330.53125
584438.5
25179.779296875
992175040.0
23045.72265625
1771.6944580078125
11541.669921875
10153.5751953125
310428.65625
13014.33984375
21821.849609375
275.5726013183594
992175040.0
19263.2421875
392693.28125
333920.5625
49193.828125
22135.427734375
992175040.0
5724509.0
3.821558737202812e+22
74414.1640625
35044.4296875
74414.1640625
3.821558737202812e+22
163970.25
234403.15625
10599.98046875
87353520.0
3211.525634765625
292448.875
21565.529296875
947714816.0
7143.2900390625
2891.056396484375
341767.125
520.7874145507812
2466.292724609375
23447938.0
263755.71875
3163.07666015625
7738.896484375
209959.53125
25853404.0
10685.375
19565.025390625
11784.0986328125
7489.478515625
17566.123046875
734882.0625
12401.732421875
4102712064.0
7410687.5
213132.09375
1684.4459228515625
44204.44140625
13435781120.0
283473.53125
791.5851440429688
992175040.0
74414.1640625
30729.837890625
1063419456.0
173.43450927734375
1840.840576171875
1727738112.0
204034416.0
74414.1640625
-5.747676849365234
12258.2607421875
10766.0849609375
992175040.0
3.821558737202812e+22
19090864.0
1720.7657470703125
905.0648193359375
163989.21875
291528.46875
1.6922071090681872e+19
225272.953125
22440.119140625
3542.580810546875
2056.904052734375
3.821558737202812e+22
590477.25
225680448.0
56189.6328125
6879.34814453125
3777.66455078125
7143.2900390625
74414.1640625
992175040.0
13435781120.0
8217.67578125
8840.1240234375
54873.05859375
7680.37451171875
432364.84375
6710.7236328125
4452.1767578125
79249.9765625
23586.330078125
542115.4375
510.1976318359375
3406.458251953125
22629732.0
10055769.0
16278.61328125
310428.65625
202.08753967285156
340.67840576171875
234403.15625
176452.109375
12285.521484375
7680.37451171875
22142.3125
97420.28125
7680.37451171875
5415484.5
172472.265625
341767.125
992175040.0
3411.935302734375
5126.125
1949.86328125
102.33479309082031
376.6626281738281
319300.84375
2762.240234375
119062.9765625
10766.0849609375
992175040.0
19263.2421875
74414.1640625
7196.09375
418.6991882324219
44130.109375
2684.799072265625
860.7254638671875
17722766.0
7680.37451171875
873.1552734375
17566.123046875
8838.177734375
74414.1640625
8838.177734375
2956.27880859375
9585.4892578125
4274238.5
5938951.5
109865.03125
3.821558737202812e+22
837774784.0
27573.736328125
7738.896484375
99078.515625
11760.998046875
440.932861328125
23447938.0
667.4739379882812
3156.5517578125
11760.998046875
992175040.0
87353520.0
4043.59130859375
9312.458984375
72035.84375
1003579.9375
992175040.0
1321.8306884765625
74414.1640625
22135.427734375
4126.724609375
6455.06298828125
20087.498046875
992175040.0
594202.375
2945521.75
52415.18359375
7680.37451171875
27496.47265625
1893.5931396484375
901.2140502929688
5743.71826171875
2718.4140625
992175040.0
5415484.5
16818.828125
225680448.0
22203.609375
34522.55078125
27573.736328125
1095.6337890625
2910.468505859375
662.4503784179688
2441527.5
14836.212890625
547.4947509765625
234403.15625
3.821558737202812e+22
133615067136.0
5814.02734375
21648.47265625
432364.84375
2605.57177734375
15096.095703125
26335772672.0
15681.0986328125
3.821558737202812e+22
112.3328857421875
10950.7705078125
19263.2421875
455.9698181152344
22135.427734375
590477.25
341767.125
992175040.0
6141.84521484375
195.8814697265625
204034416.0
4126.724609375
22142.3125
459497440.0
74414.1640625
4620.2421875
17566.123046875
34395188.0
417061.40625
1895.1090087890625
14511.248046875
9832.453125
9144595.0
992175040.0
6490.095703125
66894.1875
8099.3818359375
3.821558737202812e+22
992175040.0
12540.25
450950.59375
4911.39990234375
163989.21875
818782.4375
832406336.0
2945521.75
263755.71875
4519.52392578125
24461.1484375
335452.75
10055769.0
2682.943359375
992175040.0
7680.37451171875
899496.9375
19263.2421875
2010320.875
3512.398193359375
12713.0673828125
356.6856689453125
165199.40625
2617.99658203125
992175040.0
19263.2421875
7.54614056290953e+22
6666.53759765625
11561.5185546875
488.4143981933594
280138.625
4690.40087890625
7463.73779296875
5851.04736328125
1999.0140380859375
19263.2421875
1123105280.0
87353520.0
15096.095703125
818782.4375
3.821558737202812e+22
992175040.0
3163.07666015625
26135.05078125
22742.126953125
7680.37451171875
131477.609375
3.821558737202812e+22
313.5924377441406
584438.5
384690.78125
22142.3125
992175040.0
4519.52392578125
27488.0625
4541.65869140625
74414.1640625
992175040.0
17566.123046875
1352120.5
5173.70947265625
2181.914306640625
7310.33154296875
924.6795654296875
1365097856.0
6455.06298828125
1578.5487060546875
7259785.0
992175040.0
2988.31201171875
3609.78125
481411.46875
7358.80859375
303900.03125
584438.5
3.821558737202812e+22
3.821558737202812e+22
4709.517578125
992175040.0
992175040.0
1915.9925537109375
176452.109375
2416.571533203125
1425.2698974609375
899496.9375
1632.8699951171875
8198.974609375
206623.15625
1352120.5
481411.46875
17566.123046875
26335772672.0
2192.2392578125
837.8894653320312
57590.16796875
992175040.0
2840.041015625
3682.7763671875
3.821558737202812e+22
3450633.5
21539.189453125
584438.5
19263.2421875
15096.095703125
110333.6953125
225272.953125
20140.701171875
668771520.0
20786.32421875
1863.6455078125
1181.4510498046875
1921.568603515625
19090864.0
38134.3046875
4102712064.0
442028.65625
1438054875136.0
15246.869140625
247462.421875
5315.57763671875
992175040.0
9809.37890625
203873248.0
3633.723388671875
12401.732421875
3306.219970703125
110.96002197265625
148600.28125
6129.1953125
673.2939453125
19991998.0
7196.09375
6694.10400390625
34409588.0
22142.3125
30627.79296875
16278.61328125
22135.427734375
4912.71044921875
187.92703247070312
22135.427734375
4829.162109375
992175040.0
992175040.0
6490.095703125
1130.070068359375
341767.125
198467.90625
3.821558737202812e+22
80424480.0
3.821558737202812e+22
42018.9296875
341767.125
12876.501953125
6445.107421875
3.821558737202812e+22
136784.125
225680448.0
13435781120.0
10766.0849609375
8383.1015625
278.89837646484375
1290.189208984375
13719.6064453125
2959.052978515625
882.7006225585938
605.8070678710938
992175040.0
1993.908447265625
1565240.5
197611.765625
4541.65869140625
847850.3125
992175040.0
179398656.0
938.26611328125
129750336.0
594202.375
19360.123046875
319300.84375
619.244873046875
1178677.25
19507.30078125
1071.779296875
148.3455352783203
44714560.0
899496.9375
14836.212890625
3681611.0
19263.2421875
40798044.0
31811.810546875
22142.3125
174.559814453125
1984259200.0
1691.393310546875
44714560.0
5658.88330078125
56189.6328125
3681611.0
13045.41796875
4133.54736328125
1567.1158447265625
131477.609375
19991998.0
68283.8359375
7680.37451171875
8217.67578125
459497440.0
2275.63037109375
7358.80859375
12615.5849609375
9879399.0
265243440.0
459497440.0
2416.571533203125
341767.125
3.821558737202812e+22
992175040.0
283473.53125
15131.8974609375
8570.134765625
187807.984375
23998.658203125
6246786.0
53909.0703125
35044.4296875
5063.6494140625
1.89654757404343e+26
3.821558737202812e+22
263755.71875
1840.840576171875
339341184.0
74414.1640625
225680448.0
3.821558737202812e+22
12401.732421875
19877.890625
126603.2578125
11842.9150390625
358229.625
159354.15625
1230.6539306640625
603233.3125
577.8609008789062
4519.52392578125
1644.7344970703125
175385.5
242565.125
213132.09375
74414.1640625
7680.37451171875
7259.72705078125
5531923.0
5734942.0
4126.75
1201476224.0
74414.1640625
1325121408.0
21734.4453125
2718.4140625
5056.18017578125
1885.7122802734375
584438.5
1352120.5
87353520.0
19766.962890625
1196.0213623046875
3104.556396484375
204034416.0
1751.320556640625
19263.2421875
384690.78125
5002.7958984375
924.6795654296875
18658.568359375
11130.6357421875
22135.427734375
95660900352.0
992175040.0
67320.59375
454.8603210449219
992175040.0
265243440.0
15651.1875
584438.5
3.821558737202812e+22
3.821558737202812e+22
992175040.0
21648.47265625
9252.080078125
5311381.0
1222.652099609375
6490.095703125
2945521.75
992175040.0
74434.3515625
4102712064.0
2901.068115234375
992175040.0
505.5547790527344
992175040.0
760.7601318359375
195.9765625
957244160.0
25853404.0
42019.40234375
2285.721435546875
8484.4423828125
41271.31640625
7096.2861328125
2242.867919921875
1080625920.0
992175040.0
225680448.0
11760.998046875
3.821558737202812e+22
7967.11474609375
74414.1640625
1672.4732666015625
292448.875
13435781120.0
17566.123046875
44714560.0
10766.0849609375
280138.625
172520.28125
3818385.0
9613.328125
5879731712.0
5792.43505859375
26335772672.0
104781896.0
12467.0751953125
6748.3701171875
97426.7578125
587.9329223632812
26335772672.0
7259785.0
3351312.25
891.227783203125
3.821558737202812e+22
758475.8125
54873.05859375
13435781120.0
1753277.625
283473.53125
5488.43359375
11540.5087890625
1551.1605224609375
234403.15625
1123.1724853515625
6490.095703125
310428.65625
21648.47265625
335509.0
19263.2421875
22135.427734375
119062.9765625
1610590.0
20395.78515625
225272.953125
5879731712.0
152.80325317382812
153648.734375
952.15625
43268.1875
439.6068420410156
27573.736328125
26859.07421875
662427648.0
2036572.5
6419.15771484375
30959.5390625
27554302.0
2360901.0
938781952.0
748.3091430664062
27573.736328125
1331.3214111328125
5833.439453125
22101.03125
432364.84375
992175040.0
22203.609375
3.821558737202812e+22
3.821558737202812e+22
15289.072265625
26335772672.0
7738.896484375
7738.896484375
5415484.5
85651.9453125
992175040.0
2718.4140625
28141.724609375
1100.780517578125
43175088.0
19090864.0
7188.77001953125
524.9902954101562
830.590087890625
3.821558737202812e+22
74414.1640625
6880.140625
923.0122680664062
54873.05859375
424279.59375
5879731712.0
3215566592.0
5734864.5
1999.1480712890625
1984259200.0
1071.779296875
2140.83837890625
1545.9156494140625
12401.732421875
461005.125
341767.125
26553.6015625
10722.9267578125
14511.248046875
31381.06640625
7259785.0
7680.37451171875
43175088.0
8124.87548828125
1558.1083984375
1.3026669848504504e+25
102613.6875
339341184.0
15910.9853515625
176452.109375
2257797120.0
1076827776.0
160.84323120117188
11760.998046875
10756.9287109375
1110.0684814453125
47778.7734375
4639.35986328125
1840.840576171875
429.3194580078125
25840974.0
109865.03125
2888.749267578125
1194.3067626953125
17566.123046875
4358.779296875
14265.8232421875
341767.125
8698.3935546875
2047.486328125
992175040.0
8838.177734375
159354.15625
992175040.0
19263.2421875
3609.78125
1319.6339111328125
17566.123046875
27329798.0
3230.25439453125
209959.53125
42018.9296875
5733943.0
6490.095703125
64727.66015625
124803.8828125
45677.18359375
4411.873046875
25119.064453125
2562.93505859375
13435781120.0
1144.9219970703125
503.5721740722656
291528.46875
20087.498046875
142619.484375
3931.8857421875
1376999.75
5792.43505859375
263755.71875
1490.1253662109375
7061.09765625
5415484.5
263755.71875
584438.5
448.5970153808594
992175040.0
15651.1875
1301.818359375
3.821558737202812e+22
3681611.0
13651.6689453125
25853404.0
17566.123046875
1984259200.0
1663.760986328125
3.821558737202812e+22
1095.6280517578125
7975.72314453125
10818.486328125
1929.7813720703125
142619.484375
7738.896484375
7089316.0
943.55810546875
11541.669921875
47778.7734375
5734864.5
12485.8974609375
3345008.75
992175040.0
17566.123046875
5879731712.0
967.6495361328125
2195.1376953125
4103480.75
119062.9765625
992175040.0
131477.609375
2319.686279296875
4215.13134765625
156169.3125
22142.3125
355.81951904296875
19090864.0
4938.30615234375
2416.571533203125
896145.0625
197.60208129882812
7680.37451171875
5733943.0
470687.625
67320.59375
19090864.0
494.8246154785156
131477.609375
159160.25
26335772672.0
1666366.125
13435781120.0
481411.46875
64727.66015625
10756.9287109375
567199.8125
3.821558737202812e+22
30228.845703125
28272.095703125
20543.921875
17566.123046875
992175040.0
1088.732421875
3.821558737202812e+22
43268.1875
1172.2589111328125
29126.125
384690.78125
730282.8125
11024.7021484375
204034416.0
668771520.0
3979.314697265625
234403.15625
584438.5
1080625920.0
6346.84130859375
156169.3125
1425.2698974609375
22203.609375
25179.779296875
163989.21875
930.41748046875
1425.2698974609375
99078.515625
5425.2041015625
92752035840.0
2267.4287109375
17566.123046875
17566.123046875
22142.3125
181084.25
992175040.0
18075.310546875
2034.29345703125
12702.345703125
4120.79345703125
15304.337890625
7738.896484375
10055769.0
25853404.0
10756.9287109375
523261.875
176452.109375
8819754.0
22135.427734375
26337842.0
315.2649841308594
11188.8359375
7809.86181640625
468.52935791015625
4102712064.0
1415.361572265625
1164.2884521484375
2416.571533203125
20595.287109375
16362.3798828125
165727376.0
2065.370849609375
1352120.5
4624.828125
73708.578125
5796.67431640625
7975.72314453125
5658.88330078125
2108.017822265625
12401.732421875
26335772672.0
3374.3125
213132.09375
473.244384765625
292448.875
43996.24609375
1362.586181640625
74414.1640625
5585.72119140625
26537.701171875
2494390.75
25185.796875
292448.875
395.01239013671875
1061061.125
4600.0615234375
11842.9150390625
54873.05859375
159354.15625
71992.8828125
355015.09375
28285.712890625
3.821558737202812e+22
1352120.5
1136.1065673828125
7680.37451171875
992175040.0
992175040.0
8099.3818359375
22203.609375
268541.5625
725460.6875
429.3194580078125
247.39878845214844
3633.723388671875
8200.6982421875
1609.43505859375
71992.8828125
102613.6875
19695.75390625
599154.6875
25853404.0
8117.85791015625
3070079.75
25043.119140625
54873.05859375
8198.974609375
1060.5067138671875
25853404.0
3968823.75
234403.15625
832.346435546875
422928.875
25853404.0
74414.1640625
18687.474609375
1435.5419921875
18855.5625
25665.330078125
37.838592529296875
75459.2890625
992175040.0
296.13433837890625
319300.84375
74414.1640625
37978.22265625
31811.810546875
3.821558737202812e+22
9125.888671875
47778.7734375
319300.84375
1518181.5
7680.37451171875
159354.15625
5287.86083984375
2165.513427734375
180701216.0
25364.076171875
119062.9765625
258.8760986328125
133615067136.0
4104091.0
284576.1875
1919.69775390625
818782.4375
560.1161499023438
908646976.0
7495474.5
291528.46875
6346.84130859375
77747.875
3681611.0
280138.625
26859.07421875
1063419456.0
22142.3125
291528.46875
3041.2197265625
313440.1875
611341.25
12401.732421875
131477.609375
27573.736328125
992175040.0
11541.669921875
34522.55078125
7738.896484375
5035.8994140625
22135.427734375
422928.875
43996.24609375
148600.28125
3681611.0
64.77677917480469
584438.5
133615067136.0
7680.37451171875
22135.427734375
310428.65625
893.9835205078125
7715567.0
668771520.0
97426.7578125
159354.15625
818782.4375
115375.6171875
6935.81787109375
2471.91748046875
133615067136.0
11541.669921875
159354.15625
4541.65869140625
352296.15625
74414.1640625
891.9306640625
163989.203125
291528.75
19263.248046875
17566.134765625
8838.173828125
17760.099609375
8217.67578125
642082624.0
4212.044921875
158454.09375
172472.21875
17998.87890625
7783.28369140625
22142.318359375
87301496.0
424279.78125
992175744.0
11842.9130859375
14836.2138671875
992175744.0
3382.994384765625
3452.3916015625
4126.724609375
1061061.125
8989957.0
26335727616.0
67320.5625
3.821567294042104e+22
3.821567294042104e+22
25853378.0
2840.040283203125
23447964.0
15267098.0
2982.206298828125
640.7589111328125
280138.46875
1582.154296875
291353.09375
3908.031494140625
339340832.0
296.8408203125
206622.96875
74414.1171875
74414.1171875
899497.4375
-5.7474212646484375
7795.40478515625
3.821567294042104e+22
85143.0234375
305224.03125
26385.96484375
172472.21875
3351313.5
133615067136.0
2502.331787109375
49835.125
3163.0771484375
20715454.0
5164.2802734375
827.2584228515625
225680432.0
5287.21630859375
15332.109375
143364240.0
8124.88037109375
3351313.5
5658.8828125
292448.75
320504.03125
20442.91015625
3.821567294042104e+22
20543.923828125
7196.08837890625
54873.05859375
32844.453125
57590.20703125
832818.625
5107.58740234375
1102428032.0
91.98583221435547
19263.248046875
686.8607788085938
17566.134765625
291528.75
57580.2265625
3908.031494140625
6547879.0
1352120.375
-5.7474212646484375
992175744.0
3876.7158203125
3.821567294042104e+22
690481344.0
76295.4375
25853378.0
19090866.0
71992.859375
5743.71533203125
7738.89697265625
992068.6875
7259787.0
358229.46875
1840.8416748046875
178104.8125
3351313.5
109865.0390625
244509.125
1654.611572265625
952.5719604492188
45774432.0
3.821567294042104e+22
5734864.5
758474.8125
992175744.0
992175744.0
2747.887939453125
4064.436767578125
1321340.375
80424608.0
3163.0771484375
1840.8416748046875
333.0147705078125
26553.619140625
268541.625
247642.046875
1432560.625
2840.040283203125
5415484.5
3.821567294042104e+22
40725422080.0
992175744.0
28272.1015625
536096.6875
8838.173828125
763.23095703125
44714624.0
1727739136.0
45657488.0
1086.3275146484375
753408896.0
3633.724609375
22142.318359375
992175744.0
20594.28125
16775.193359375
3.821567294042104e+22
5814.02734375
57539.8046875
290.5860595703125
75459.2890625
77747.890625
3633.724609375
12651.201171875
341766.875
579757632.0
8883752.0
7070.7734375
237.68649291992188
25853378.0
88266.53125
4147720.75
22742.15234375
22748.076171875
13206.7685546875
2764.512451171875
20395.77734375
1840.8416748046875
992175744.0
3637.7275390625
11014.2880859375
992175744.0
1080625024.0
9525.509765625
1332.9552001953125
284576.125
371.5533447265625
1958.69873046875
16427.97265625
8295.1552734375
968.2991943359375
1805.9561767578125
17630.376953125
3.821567294042104e+22
6252.46240234375
23998.65234375
335.2318420410156
422929.375
5656.57470703125
5879732224.0
481411.21875
57539.8046875
8383.10546875
992175744.0
362245.5625
9612.7939453125
3463.5283203125
11222.939453125
3.821567294042104e+22
22203.62109375
7516.34716796875
57590.20703125
422929.375
7398182.0
133615067136.0
5071.59033203125
11761.0009765625
23998.65234375
19263.248046875
1123.1729736328125
136282.21875
289287.4375
7143.2900390625
198467.859375
13435796480.0
7259787.0
1011.650634765625
1984260224.0
39022.1328125
3163.0771484375
54.91876983642578
78796064.0
22142.318359375
992175744.0
2142.52685546875
43268.1875
22142.318359375
8217.67578125
4483.45849609375
5791.9169921875
57590.20703125
443836256.0
87353520.0
2740.397216796875
918.5733032226562
8838.173828125
992175744.0
175385.484375
305.4400634765625
87353520.0
1144357.375
3426.581298828125
3633.724609375
124803.9140625
992175744.0
751.4517822265625
17086.515625
9451432.0
31811.806640625
19263.248046875
1984260224.0
19695.740234375
992175744.0
27.440982818603516
19263.248046875
34409588.0
88842.078125
2078.8759765625
1919.6982421875
292448.75
11335.8134765625
156267.328125
13029.94921875
26335727616.0
1.6106219340962876e+26
992175744.0
559.3682250976562
1930.2813720703125
4956061.0
20295.865234375
74414.1171875
720.8742065429688
27329830.0
10685.3896484375
19670.134765625
3290.242431640625
64727.63671875
992175744.0
8383.10546875
32284.095703125
57590.20703125
6227.89306640625
642082624.0
1840.8416748046875
27355.232421875
1818.621826171875
992175744.0
935.631591796875
5814.02734375
2790.93212890625
992175744.0
3637.7275390625
668771776.0
11541.6650390625
1301.8184814453125
2195443.25
19940.216796875
280138.46875
22135.435546875
25119.078125
10756.935546875
5792.4345703125
584438.0625
21687.736328125
828.833984375
2959.054443359375
3.821567294042104e+22
176452.109375
22748.076171875
1477.9512939453125
2900.076904296875
7680.37109375
17566.134765625
3.821567294042104e+22
184774.140625
1071.7791748046875
19263.248046875
172472.21875
2528.139892578125
500813.15625
25185.8046875
4465.55810546875
7680.37109375
4209.6376953125
8295.1552734375
885716.625
992175744.0
4857532.5
229.3003692626953
3998.881591796875
3684.10302734375
47768.44140625
15096.0849609375
19989.517578125
148600.203125
76295.4375
5952201.5
25853378.0
22135.435546875
1359052.0
7196.08837890625
1121.4127197265625
694910464.0
17566.134765625
34409588.0
319300.5
992175744.0
15267098.0
5734864.5
182.16336059570312
103.42942810058594
229.61135864257812
105762800.0
341766.875
74832.4296875
1303.086669921875
1404047488.0
45657488.0
14409.3291015625
74414.1171875
2717.6357421875
47778.7890625
74414.1171875
29711.3125
611.4949340820312
321061248.0
44714624.0
7975.73095703125
7680.37109375
87353520.0
2421.168701171875
11541.6650390625
5792.4345703125
22142.318359375
1919.6982421875
8838.173828125
559118.875
1984.8831787109375
52415.16796875
6478345.5
263755.46875
504552.6875
37978.2421875
3633.724609375
3968822.0
6273.47216796875
74414.1171875
7680.37109375
339340832.0
885.641357421875
