-41.382240295410156
-28.281246185302734
-14.668350219726562
-74.23674774169922
-41.52182388305664
-38.24370574951172
-21.83264923095703
-37.142242431640625
-17.13729476928711
-34.60978698730469
0.38974761962890625
-41.814918518066406
-74.23674774169922
-30.306045532226562
-33.29872131347656
-64.99977111816406
-32.823974609375
-29.607994079589844
-21.009124755859375
-11.05624008178711
-29.898277282714844
-21.39197540283203
-19.262554168701172
-30.166748046875
-13.452133178710938
-16.178356170654297
-64.99977111816406
40.95445251464844
-16.412273406982422
-27.425540924072266
-41.78862380981445
-11.26095199584961
17.293418884277344
-22.38459014892578
-22.228504180908203
57.04623031616211
-26.01431655883789
-37.06696701049805
-64.99977111816406
-24.337745666503906
-38.84917449951172
-28.819297790527344
-27.207809448242188
-21.59705352783203
-29.729873657226562
-32.308067321777344
-34.38371658325195
-64.99977111816406
-34.29550552368164
-22.19857406616211
-30.015785217285156
-14.867637634277344
-41.52182388305664
-64.99977111816406
-27.251312255859375
-74.23674774169922
-43.8129997253418
-22.756912231445312
-43.8129997253418
-74.23674774169922
-22.92096710205078
-38.56037139892578
-32.77861785888672
-24.120452880859375
-22.115646362304688
-25.527587890625
-35.29057312011719
-42.93800354003906
-31.200023651123047
-39.178016662597656
-29.153656005859375
-31.15100860595703
-28.108551025390625
-14.198143005371094
-25.787490844726562
-30.227493286132812
-27.208290100097656
-29.973392486572266
-31.67999267578125
-9.905941009521484
-33.68855667114258
-30.198532104492188
-26.214523315429688
-37.142242431640625
-19.293907165527344
-20.234249114990234
-27.498130798339844
-16.620513916015625
-27.400165557861328
-39.03277587890625
-11.372730255126953
-25.010963439941406
-32.697357177734375
-17.55120849609375
-64.99977111816406
-43.8129997253418
-30.691139221191406
-36.81809997558594
-33.49239730834961
-34.91267395019531
-19.005016326904297
-30.166748046875
-43.8129997253418
-23.71426773071289
-29.891948699951172
-35.12571716308594
-64.99977111816406
-74.23674774169922
-29.279052734375
-29.970317840576172
-16.01251983642578
-22.920730590820312
-39.748558044433594
13.112464904785156
-25.202136993408203
-35.14059829711914
-4.482139587402344
-36.42292404174805
-74.23674774169922
-23.107990264892578
-28.822311401367188
-23.425514221191406
-17.73410415649414
-23.664894104003906
-31.200023651123047
-43.8129997253418
-64.99977111816406
-25.010963439941406
-38.232879638671875
-20.903396606445312
-39.17136001586914
-39.94498062133789
-37.73908996582031
-23.986087799072266
-26.9290771484375
6.9321441650390625
-30.503143310546875
-21.903221130371094
0.3509674072265625
-32.65338134765625
6.175270080566406
-46.059242248535156
-36.04803466796875
-21.59705352783203
-36.06391143798828
4.242664337158203
-38.56037139892578
-28.281246185302734
-22.02173614501953
-39.94498062133789
-41.524356842041016
-19.164291381835938
-39.94498062133789
-19.844303131103516
-24.329757690429688
-29.153656005859375
-64.99977111816406
-27.379074096679688
-32.74159240722656
-24.5721435546875
-28.37405014038086
-23.002002716064453
-34.29854965209961
-7.855094909667969
-26.191932678222656
-35.12571716308594
-64.99977111816406
-34.29550552368164
-43.8129997253418
-35.932498931884766
-5.289051055908203
-22.943641662597656
-9.073650360107422
-12.961585998535156
-21.46955108642578
-39.94498062133789
-17.157238006591797
-37.142242431640625
-31.80083465576172
-43.8129997253418
-31.80083465576172
4.345085144042969
-36.39520263671875
-24.923381805419922
-16.165653228759766
-32.30535125732422
-74.23674774169922
-42.52986145019531
-32.951377868652344
-27.208290100097656
-21.01950454711914
-35.000953674316406
-5.80316162109375
-14.198143005371094
-37.354576110839844
-23.68938446044922
-35.000953674316406
-64.99977111816406
-24.120452880859375
-1.8925285339355469
-15.497596740722656
-30.461956024169922
-30.425045013427734
-64.99977111816406
-8.457221984863281
-43.8129997253418
-41.52182388305664
-30.241111755371094
-34.41327667236328
-38.12013244628906
-64.99977111816406
-28.03626251220703
-1.1514892578125
-18.655147552490234
-39.94498062133789
-30.078346252441406
-3.1412734985351562
-37.3546028137207
-27.57341766357422
-37.70267868041992
-64.99977111816406
-19.844303131103516
-33.00855255126953
-28.822311401367188
-17.38231658935547
-23.332359313964844
-32.951377868652344
-37.39426040649414
6.638576507568359
-29.201271057128906
13.031509399414062
-23.154869079589844
-31.694740295410156
-38.56037139892578
-74.23674774169922
-28.125320434570312
-8.406303405761719
-40.015541076660156
-37.73908996582031
-31.175884246826172
-35.31879806518555
-25.199649810791016
-18.868045806884766
-74.23674774169922
-28.446685791015625
-14.208290100097656
-34.29550552368164
-33.24143600463867
-41.52182388305664
-23.107990264892578
-29.153656005859375
-64.99977111816406
-37.02701950073242
-40.71664047241211
-30.166748046875
-30.241111755371094
-41.524356842041016
-14.946403503417969
-43.8129997253418
-22.905517578125
-37.142242431640625
-23.851776123046875
-28.302841186523438
-35.438751220703125
-16.826595306396484
-6.723209381103516
-8.352729797363281
-64.99977111816406
-34.64093780517578
-18.398761749267578
-40.93771743774414
-74.23674774169922
-64.99977111816406
-20.313804626464844
26.388526916503906
-30.717376708984375
-22.920730590820312
-22.280231475830078
-43.572357177734375
-1.1514892578125
-25.787490844726562
-23.295623779296875
-38.195255279541016
-21.009124755859375
-46.059242248535156
-4.0991668701171875
-64.99977111816406
-39.94498062133789
-27.177406311035156
-34.29550552368164
-4.412376403808594
-32.703086853027344
-16.967636108398438
7.5726776123046875
-21.619617462158203
-17.73419189453125
-64.99977111816406
-34.29550552368164
37.972503662109375
-28.938404083251953
-35.87094497680664
-1.5710830688476562
-36.00556945800781
-37.88811111450195
-36.4230842590332
-40.881324768066406
-34.5860710144043
-34.29550552368164
-42.27553939819336
-24.120452880859375
-35.31879806518555
-22.280231475830078
-74.23674774169922
-64.99977111816406
-30.227493286132812
-15.669036865234375
-7.486537933349609
-39.94498062133789
-22.103729248046875
-74.23674774169922
3.708099365234375
-26.01431655883789
-31.179515838623047
-41.524356842041016
-64.99977111816406
-23.295623779296875
-33.4958381652832
-33.686763763427734
-43.8129997253418
-64.99977111816406
-37.142242431640625
-30.65057373046875
-38.007240295410156
-12.521221160888672
-34.94028854370117
-41.8557243347168
-41.81733703613281
-34.41327667236328
-23.350433349609375
-22.332042694091797
-64.99977111816406
-24.07048797607422
-35.70661163330078
-26.582523345947266
-28.526897430419922
-27.51299285888672
-26.01431655883789
-74.23674774169922
-74.23674774169922
-6.3076171875
-64.99977111816406
-64.99977111816406
-17.880050659179688
-28.281246185302734
-28.472209930419922
-41.7557373046875
-27.177406311035156
61.45769500732422
-28.532073974609375
-19.977951049804688
-30.65057373046875
-26.582523345947266
-37.142242431640625
-25.199649810791016
-35.249359130859375
-41.22731399536133
-22.21126937866211
-64.99977111816406
-34.93104553222656
-33.286109924316406
-74.23674774169922
8.834014892578125
-37.21277618408203
-26.01431655883789
-34.29550552368164
-35.31879806518555
-19.341163635253906
-25.202136993408203
-20.424884796142578
-20.96303939819336
-33.79948425292969
-11.494327545166016
-40.55152130126953
-27.40209197998047
-29.279052734375
-34.85723114013672
-27.498130798339844
-25.15143585205078
2.8614234924316406
-36.85276794433594
-6.4045257568359375
-31.784351348876953
-64.99977111816406
-31.872936248779297
-30.178909301757812
-32.32732391357422
-20.234249114990234
-32.00646209716797
40.48341369628906
-20.509258270263672
-28.354598999023438
-42.61254119873047
-11.391151428222656
-35.932498931884766
-34.39873504638672
-23.848052978515625
-41.524356842041016
-28.989566802978516
-36.04803466796875
-41.52182388305664
-18.276592254638672
-35.14315414428711
-41.52182388305664
-37.79302215576172
-64.99977111816406
-64.99977111816406
-34.64093780517578
11.68487548828125
-29.153656005859375
-21.787940979003906
-74.23674774169922
-23.517005920410156
-74.23674774169922
-17.668304443359375
-29.153656005859375
-7.676445007324219
-35.565677642822266
-74.23674774169922
-20.26758575439453
-28.822311401367188
-25.010963439941406
-35.12571716308594
-34.215248107910156
18.457714080810547
-42.39179611206055
-31.567764282226562
-25.31222152709961
1.6676559448242188
35.02952575683594
-64.99977111816406
-38.54258728027344
-21.983238220214844
-21.606407165527344
-33.686763763427734
-13.87939453125
-64.99977111816406
-25.950664520263672
-37.01192855834961
-10.272880554199219
-28.03626251220703
-21.142181396484375
-34.29854965209961
-33.46112060546875
-16.71662139892578
-40.718788146972656
-34.6226806640625
1.0969619750976562
-49.1136589050293
-27.177406311035156
-23.154869079589844
-22.38459014892578
-34.29550552368164
-27.843063354492188
-35.82707977294922
-41.524356842041016
-39.98577117919922
-21.858234405517578
-28.90338897705078
-49.1136589050293
-32.56085968017578
-23.425514221191406
-22.38459014892578
-35.352378845214844
-28.247169494628906
-36.039371490478516
-22.103729248046875
-11.391151428222656
-11.26095199584961
-39.94498062133789
-38.232879638671875
-14.946403503417969
19.019908905029297
-28.526897430419922
-17.773921966552734
-24.121395111083984
-22.10968780517578
-14.946403503417969
-28.472209930419922
-29.153656005859375
-74.23674774169922
-64.99977111816406
-32.697357177734375
-10.831245422363281
-19.46905517578125
-27.668792724609375
-23.44076919555664
-14.658340454101562
-23.32587432861328
-22.756912231445312
0.09166717529296875
197.75457763671875
-74.23674774169922
-25.787490844726562
-34.91267395019531
-49.09260940551758
-43.8129997253418
-28.822311401367188
-74.23674774169922
-20.234249114990234
-33.95078659057617
-23.164806365966797
-25.467670440673828
-30.808151245117188
-25.95285415649414
-15.38766860961914
-29.3062744140625
-3.0967063903808594
-23.295623779296875
-38.075340270996094
-25.092117309570312
-17.86685562133789
-27.400165557861328
-43.8129997253418
-39.94498062133789
-30.873008728027344
-5.3854522705078125
-31.756484985351562
-28.15069580078125
-41.78862380981445
-43.8129997253418
-17.73050308227539
-35.445335388183594
-37.70267868041992
-30.985149383544922
-38.40882110595703
-26.01431655883789
-30.65057373046875
-24.120452880859375
-35.91470718383789
-39.63896179199219
-31.03271484375
-30.166748046875
-35.49200439453125
-34.29550552368164
-31.179515838623047
-9.0029296875
-41.8557243347168
-26.484073638916016
-32.23504638671875
-41.52182388305664
80.2529296875
-64.99977111816406
-31.97289276123047
-26.504352569580078
-64.99977111816406
-22.10968780517578
-35.50298309326172
-26.01431655883789
-74.23674774169922
-74.23674774169922
-64.99977111816406
-40.015541076660156
36.095436096191406
-26.794654846191406
-21.609893798828125
-34.64093780517578
-1.1514892578125
-64.99977111816406
-27.871997833251953
-27.498130798339844
-25.705459594726562
-64.99977111816406
-31.9029541015625
-64.99977111816406
-35.00415802001953
381.7403564453125
-43.60175323486328
-31.67999267578125
-17.67102813720703
-9.674705505371094
-25.030799865722656
-10.476333618164062
-8.053691864013672
-29.555740356445312
-40.51646423339844
-64.99977111816406
-28.822311401367188
-35.000953674316406
-74.23674774169922
-14.528472900390625
-43.8129997253418
-1.9294166564941406
-25.527587890625
-25.010963439941406
-37.142242431640625
-49.1136589050293
-35.12571716308594
-36.00556945800781
16.91653060913086
-33.031158447265625
-25.53058624267578
-38.759849548339844
-34.415550231933594
-25.199649810791016
-3.4726715087890625
-30.08291244506836
-32.43988037109375
-26.326522827148438
13.896926879882812
-25.199649810791016
-22.332042694091797
-41.814918518066406
-27.689163208007812
-74.23674774169922
-25.848129272460938
-39.17136001586914
-25.010963439941406
-21.230663299560547
-32.697357177734375
-32.072757720947266
-24.008224487304688
-39.304588317871094
-38.56037139892578
-30.272178649902344
-34.64093780517578
-21.59705352783203
-40.015541076660156
-22.43978500366211
-34.29550552368164
-41.52182388305664
-26.191932678222656
-21.869129180908203
-24.196739196777344
-25.202136993408203
-38.759849548339844
34.68672180175781
-31.80904769897461
-13.780475616455078
-13.587955474853516
-39.37326431274414
-32.951377868652344
-29.772491455078125
-19.441505432128906
-11.337837219238281
-24.751327514648438
-34.96595001220703
-23.06462860107422
-1.7181549072265625
-43.48443603515625
-19.24713134765625
-32.951377868652344
-41.595359802246094
-35.044734954833984
-33.942161560058594
-37.73908996582031
-64.99977111816406
-17.38231658935547
-74.23674774169922
-74.23674774169922
-29.44713592529297
-25.199649810791016
-27.208290100097656
-27.208290100097656
-19.844303131103516
-29.378761291503906
-64.99977111816406
-37.70267868041992
-9.259624481201172
-40.67607116699219
-10.208660125732422
-29.279052734375
-35.66658020019531
-26.18700408935547
-35.641761779785156
-74.23674774169922
-43.8129997253418
-29.57623291015625
-33.29872131347656
-39.17136001586914
-26.3360595703125
-38.759849548339844
1.888702392578125
-31.756446838378906
-38.74845504760742
-21.858234405517578
-34.6226806640625
-25.07883071899414
-38.34576416015625
-20.234249114990234
-30.06787109375
-29.153656005859375
-31.599987030029297
-34.45207214355469
-16.826595306396484
-30.105632781982422
-22.332042694091797
-39.94498062133789
-10.208660125732422
-25.826377868652344
-10.639671325683594
11.501258850097656
-28.550304412841797
-49.09260940551758
-33.97602844238281
-28.281246185302734
-16.17251205444336
-39.45431137084961
-36.93672180175781
-35.000953674316406
-34.68147659301758
-34.74652862548828
-17.498043060302734
-32.68486022949219
-34.91267395019531
10.183303833007812
-31.679458618164062
-32.30535125732422
11.770706176757812
-36.65556335449219
-37.142242431640625
-32.878334045410156
-33.60919189453125
-29.153656005859375
-23.32391357421875
-16.090801239013672
-64.99977111816406
-31.80083465576172
-25.95285415649414
-64.99977111816406
-34.29550552368164
-35.70661163330078
-39.31322479248047
-37.142242431640625
-10.001834869384766
-35.32548904418945
-29.973392486572266
-17.668304443359375
-18.593013763427734
-34.64093780517578
-21.517127990722656
-32.245357513427734
-31.792922973632812
-32.205596923828125
-40.49190139770508
-33.413909912109375
-25.010963439941406
-40.807044982910156
-38.96074295043945
-39.748558044433594
-38.12013244628906
-20.84001922607422
-34.67238235473633
-8.91830825805664
-34.415550231933594
-25.787490844726562
15.207847595214844
-2.4561080932617188
-19.844303131103516
-25.787490844726562
-26.01431655883789
-32.04681396484375
-64.99977111816406
-35.50298309326172
-37.468849182128906
-74.23674774169922
-22.38459014892578
-1.5406494140625
-31.67999267578125
-37.142242431640625
-21.858234405517578
-4.316226959228516
-74.23674774169922
-35.36448669433594
-28.79302978515625
-27.618144989013672
-40.305809020996094
-20.84001922607422
-27.208290100097656
-6.07586669921875
-18.48208999633789
-28.819297790527344
-17.498043060302734
-31.756446838378906
-24.812484741210938
-41.80519104003906
-64.99977111816406
-37.142242431640625
-38.759849548339844
-26.719608306884766
-9.505538940429688
-26.23904037475586
-26.191932678222656
-64.99977111816406
-22.103729248046875
-30.92813491821289
-34.19828414916992
-30.268150329589844
-41.524356842041016
-34.5020751953125
-29.279052734375
-30.365886688232422
-28.472209930419922
-30.603500366210938
-33.50507354736328
-39.94498062133789
-18.593013763427734
-6.957485198974609
-31.97289276123047
-29.279052734375
6.501750946044922
-22.103729248046875
-25.9527587890625
-25.199649810791016
-22.04662322998047
-25.010963439941406
-26.582523345947266
-21.517127990722656
-34.68147659301758
-30.609413146972656
-74.23674774169922
-26.720684051513672
-24.578880310058594
-31.792842864990234
-37.142242431640625
-64.99977111816406
-40.50937271118164
-74.23674774169922
-13.587955474853516
-14.499252319335938
-14.5465087890625
-31.179515838623047
-15.307380676269531
-23.957050323486328
-30.166748046875
-20.96303939819336
-17.533512115478516
-38.56037139892578
-26.01431655883789
-40.51646423339844
-23.23309326171875
-30.268150329589844
-41.7557373046875
-17.38231658935547
-37.06696701049805
-22.920730590820312
-19.6243896484375
-41.7557373046875
-21.01950454711914
-33.390968322753906
2.2952957153320312
7.006584167480469
-37.142242431640625
-37.142242431640625
-41.524356842041016
-24.982765197753906
-64.99977111816406
-35.52873992919922
-32.13154983520508
-28.611419677734375
-36.743408203125
-31.27826690673828
-27.208290100097656
-46.059242248535156
-31.67999267578125
-34.68147659301758
-25.172672271728516
-28.281246185302734
-1.7964248657226562
-41.52182388305664
-12.2484130859375
45.07545471191406
-14.227832794189453
-16.702796936035156
-41.60478973388672
-27.498130798339844
-12.833885192871094
150.97451782226562
-28.472209930419922
-34.33865737915039
-27.926368713378906
3.527557373046875
-36.98698806762695
-30.65057373046875
-32.823974609375
-29.603012084960938
-32.676048278808594
-28.79302978515625
-32.56085968017578
-28.382808685302734
-20.234249114990234
-25.199649810791016
-33.453285217285156
-27.400165557861328
-32.16668701171875
-25.527587890625
-31.094650268554688
-16.104156494140625
-43.8129997253418
-14.857109069824219
-34.54853057861328
-25.029327392578125
-37.06739807128906
-25.527587890625
-28.318145751953125
-21.556114196777344
-32.814178466796875
-25.467670440673828
-39.17136001586914
-25.95285415649414
-28.131553649902344
-26.217788696289062
-20.365787506103516
-74.23674774169922
-30.65057373046875
-15.957466125488281
-39.94498062133789
-64.99977111816406
-64.99977111816406
-40.93771743774414
-17.38231658935547
-24.3824462890625
-19.807815551757812
10.183303833007812
-0.941558837890625
-32.32732391357422
-28.528770446777344
-22.18811798095703
-28.131553649902344
-28.550304412841797
-26.127685546875
-27.723190307617188
-31.67999267578125
6.157440185546875
-22.068870544433594
-29.898277282714844
-39.17136001586914
-28.532073974609375
-37.60500717163086
-31.67999267578125
-33.03530502319336
-38.56037139892578
-13.16592025756836
-30.595985412597656
-31.67999267578125
-43.8129997253418
-33.9202880859375
-11.617809295654297
-35.06883239746094
-40.3537483215332
-36.267730712890625
-23.300514221191406
-64.99977111816406
27.361244201660156
-34.29854965209961
-43.8129997253418
-10.087631225585938
-35.82707977294922
-74.23674774169922
-32.97273635864258
-17.498043060302734
-34.29854965209961
13.228965759277344
-39.94498062133789
-25.95285415649414
-34.76118087768555
-40.36986541748047
-22.37126922607422
-21.354045867919922
-26.191932678222656
-31.720252990722656
-28.125320434570312
-23.762073516845703
-31.289527893066406
-33.912254333496094
-22.280231475830078
-28.418018341064453
-41.38267135620117
-19.185897827148438
-39.748558044433594
-23.23309326171875
-17.13729476928711
-22.38459014892578
-36.00556945800781
-29.772491455078125
-36.81809997558594
-41.524356842041016
-39.748558044433594
-38.360084533691406
-34.982818603515625
39.30242919921875
-20.234249114990234
-22.103729248046875
-32.951377868652344
-64.99977111816406
-28.819297790527344
-23.332359313964844
-27.208290100097656
-37.1195068359375
-41.52182388305664
-30.595985412597656
-31.094650268554688
-20.509258270263672
-22.38459014892578
5.579898834228516
-26.01431655883789
-28.125320434570312
-39.94498062133789
-41.52182388305664
-21.59705352783203
-12.245098114013672
-25.323665618896484
-20.96303939819336
-26.326522827148438
-25.95285415649414
-22.280231475830078
-30.761089324951172
-26.740219116210938
-31.28498077392578
-28.125320434570312
-28.819297790527344
-25.95285415649414
-33.686763763427734
-12.103107452392578
-43.8129997253418
-32.653892517089844
-22.92072296142578
-39.74855422973633
-34.295494079589844
-37.14225769042969
-31.80083465576172
-37.19968795776367
-38.232887268066406
-39.26864242553711
-32.95984649658203
-16.443077087402344
-24.32971954345703
-36.037628173828125
-22.224300384521484
-41.52434539794922
-24.12261199951172
-26.336074829101562
-64.99974060058594
-25.46765899658203
-23.15487289428711
-64.99974060058594
-14.17919921875
-32.032508850097656
-30.24111557006836
-21.556114196777344
-21.002952575683594
-25.199630737304688
-31.972888946533203
-74.2366714477539
-74.2366714477539
-31.67999267578125
-34.9310417175293
-14.198131561279297
-21.738632202148438
-30.812480926513672
-11.487022399902344
-36.00556945800781
-7.356037139892578
-39.7489128112793
-33.96894454956055
-49.09261703491211
-21.25237274169922
-19.977935791015625
-43.81301498413086
-43.81301498413086
-27.177398681640625
-23.714275360107422
-29.893516540527344
-74.2366714477539
-26.40345001220703
-17.01525115966797
-4.2991180419921875
-24.32971954345703
-41.81492614746094
-28.125316619873047
-36.7095947265625
-21.48443603515625
-30.22748565673828
-21.65121841430664
-37.23075485229492
-22.245582580566406
-28.822341918945312
-5.160270690917969
-34.05617904663086
-26.258899688720703
-25.826377868652344
-41.81492614746094
-32.56085968017578
-25.52758026123047
-30.93914031982422
-42.837615966796875
-74.2366714477539
-31.792869567871094
-35.93251037597656
-39.17136001586914
-18.497379302978516
-22.211265563964844
-30.105968475341797
-24.52322006225586
-43.10554504394531
-36.663597106933594
-34.295494079589844
-8.679485321044922
-37.14225769042969
-39.74855422973633
-27.945919036865234
-33.96894454956055
21.626609802246094
-30.65058135986328
-23.714275360107422
-64.99974060058594
-14.961585998535156
-74.2366714477539
-27.06383514404297
-16.145545959472656
-31.67999267578125
-29.27910614013672
-28.131576538085938
-27.57343292236328
-27.208267211914062
-31.950618743896484
-22.33199691772461
-30.808135986328125
-34.912681579589844
-30.863388061523438
-41.81492614746094
-32.30535125732422
-32.47909164428711
-38.44036102294922
-17.51502227783203
-22.724048614501953
-74.2366714477539
-31.756439208984375
-25.848114013671875
-64.99974060058594
-64.99974060058594
-31.192604064941406
-35.392967224121094
-15.783226013183594
-23.517024993896484
-30.22748565673828
-34.912681579589844
-37.35734558105469
-31.59998321533203
-24.382434844970703
-31.721031188964844
-27.22187042236328
-34.9310417175293
-19.84430694580078
-74.2366714477539
-11.16876220703125
-64.99974060058594
-24.578872680664062
-30.153133392333984
-31.80083465576172
-37.497581481933594
-49.113651275634766
-19.005023956298828
-23.617660522460938
-39.317840576171875
-1.6650772094726562
-32.32731628417969
-41.52434539794922
-64.99974060058594
-35.84770202636719
-27.851520538330078
-74.2366714477539
-8.406303405761719
-3.6946182250976562
-38.15266799926758
-23.300498962402344
-17.137290954589844
-32.32731628417969
-32.97932434082031
-29.153663635253906
-20.24502182006836
-22.37518310546875
-38.82049560546875
-39.397701263427734
-31.67999267578125
-13.640968322753906
31.970130920410156
-7.486522674560547
-13.285972595214844
-30.950439453125
-17.378395080566406
-24.196754455566406
-34.912681579589844
-64.99974060058594
-33.7177848815918
-35.83977508544922
-64.99974060058594
-40.516441345214844
-23.608131408691406
-19.26323699951172
-31.289535522460938
56.392974853515625
-21.024856567382812
-35.0792350769043
-28.554161071777344
-32.41222381591797
-38.18586349487305
-35.084068298339844
-74.2366714477539
-30.124927520751953
-23.440753936767578
-40.94819641113281
-30.595977783203125
-32.561500549316406
-38.75984573364258
-26.58251953125
-3.6946182250976562
-34.215248107910156
-64.99974060058594
-33.41265106201172
-30.601116180419922
-12.515853881835938
-13.508079528808594
-74.2366714477539
-17.382320404052734
-31.30168914794922
-22.211265563964844
-30.595977783203125
-13.396049499511719
-28.125316619873047
-24.84465789794922
-35.0009765625
-23.440753936767578
-34.295494079589844
-30.272171020507812
-23.765796661376953
-37.797607421875
-31.200023651123047
-21.787933349609375
-25.010955810546875
-22.33199691772461
-30.307815551757812
-21.85811996459961
-18.251644134521484
-30.22748565673828
34.71665573120117
7.165733337402344
-41.52434539794922
-64.99974060058594
-40.453643798828125
-13.587974548339844
-41.52434539794922
-38.232887268066406
-30.474693298339844
-13.469837188720703
-22.211265563964844
-29.81003189086914
-24.12045669555664
-34.89570617675781
-13.049488067626953
-31.80083465576172
-64.99974060058594
-25.09210205078125
-31.545578002929688
-24.12045669555664
-19.821659088134766
-35.136009216308594
-32.32731628417969
-32.24535369873047
-64.99974060058594
-15.423328399658203
-31.908157348632812
-19.94255828857422
-35.827083587646484
-34.295494079589844
-21.85811996459961
-26.12767791748047
-64.99974060058594
12.475433349609375
-34.295494079589844
-23.848064422607422
-10.204048156738281
-34.147483825683594
-33.912261962890625
-25.52758026123047
-27.123199462890625
-21.645923614501953
-26.69408416748047
-25.199630737304688
-2.4746932983398438
-64.99974060058594
-12.890830993652344
-34.32439422607422
-14.066497802734375
-36.246673583984375
-43.81301498413086
-29.90727996826172
-10.001819610595703
-9.905986785888672
-32.41102600097656
-33.27271270751953
-21.51712417602539
-64.99974060058594
-34.215248107910156
-15.056865692138672
-22.211265563964844
-28.874908447265625
-39.26864242553711
-34.912681579589844
-34.30801773071289
-33.76545715332031
-64.99974060058594
-35.09270095825195
-8.406303405761719
-21.572566986083984
-64.99974060058594
-33.7177848815918
-20.963077545166016
-28.819293975830078
-37.468849182128906
-26.41095733642578
-28.734012603759766
-36.00556945800781
-41.521827697753906
-40.49190902709961
-34.68146514892578
-34.41554260253906
-26.01433563232422
-32.24803924560547
-41.3946418762207
-25.312210083007812
-74.2366714477539
-28.28124237060547
-13.285972595214844
-37.35136413574219
-37.15077209472656
-39.94498825073242
-37.14225769042969
-74.2366714477539
-24.511592864990234
-34.6226921081543
-34.295494079589844
-24.32971954345703
-28.87097930908203
-20.93951416015625
-37.06739807128906
-14.151679992675781
-39.94498825073242
-33.299137115478516
-28.554161071777344
-3.3260040283203125
-64.99974060058594
-21.420753479003906
-37.7115478515625
-31.773033142089844
-23.14917755126953
-17.49755859375
-35.31880187988281
-15.667434692382812
-20.509246826171875
-16.145545959472656
-14.371185302734375
-31.67999267578125
-41.521827697753906
-3.0004425048828125
-35.93251037597656
-18.825714111328125
-11.587608337402344
-37.14225769042969
-23.848064422607422
-34.2985725402832
-64.99974060058594
-21.738632202148438
-31.756439208984375
-35.33076095581055
-22.952728271484375
-33.94894790649414
-16.412307739257812
-29.153663635253906
-24.307483673095703
-40.025115966796875
-17.91106414794922
-23.617660522460938
-30.868507385253906
-43.81301498413086
-38.61491012573242
-17.498046875
-43.81301498413086
-33.532432556152344
-9.333854675292969
-12.230873107910156
-49.113651275634766
-28.793018341064453
-39.94498825073242
-24.12045669555664
-17.632659912109375
-28.819293975830078
-34.41554260253906
-41.52434539794922
-33.912261962890625
-31.80083465576172
-24.936492919921875
-27.05767059326172
-18.655128479003906
-1.606292724609375
-25.787490844726562
29.799789428710938
-10.087631225585938
-32.32731628417969
-33.035301208496094
-34.333038330078125
-43.81301498413086
-39.94498825073242
-49.09261703491211
-43.4995231628418
