36.254127502441406
21.872575759887695
21.872575759887695
36.48200607299805
36.48200607299805
36.48200607299805
49.14250946044922
42.24297332763672
84.57562255859375
27.389793395996094
30.74639129638672
200.68228149414062
168.21249389648438
152.71243286132812
34.422386169433594
48.38043975830078
49.67889404296875
52.31840515136719
44.260562896728516
51.90708541870117
48.5274543762207
54.82728576660156
54.82728576660156
46.02433395385742
54.82728576660156
41.579776763916016
50.00325012207031
62.980224609375
1005.4153442382812
65.92902374267578
528.6196899414062
989.1502685546875
68.35617065429688
987.7010498046875
836057628672.0
835942809600.0
831370035200.0
16.628150939941406
953.1638793945312
988.1903686523438
24086298624.0
835942809600.0
65.0208740234375
835942809600.0
63.91712188720703
835942809600.0
835942809600.0
835942809600.0
835942809600.0
835942809600.0
835942809600.0
835942809600.0
835942809600.0
835942809600.0
835942809600.0
835942809600.0
835942809600.0
835942809600.0
835942809600.0
835942809600.0
835942809600.0
835942809600.0
835942809600.0
983.6433715820312
987.9095458984375
987.634033203125
988.454833984375
422.401611328125
988.7255859375
984.80322265625
990.2155151367188
53.69860076904297
26.465621948242188
26.465621948242188
21.293790817260742
197.75633239746094
