38.155059814453125
28.336204528808594
28.336204528808594
39.578983306884766
39.578983306884766
39.578983306884766
39.437435150146484
41.22271728515625
84.57637023925781
33.54829788208008
38.25841522216797
72.54644775390625
147.47299194335938
140.4404296875
35.357601165771484
41.32191467285156
41.188079833984375
42.57173156738281
39.848785400390625
42.04972457885742
41.68341064453125
42.96495056152344
42.96495056152344
39.43640899658203
42.96495056152344
37.610198974609375
40.7115592956543
43.482425689697266
199.39407348632812
45.96971893310547
146.00238037109375
197.76803588867188
46.66447830200195
196.99142456054688
609567506432.0
614719553536.0
610665103360.0
26.8773193359375
189.1732635498047
197.52066040039062
21905344512.0
614719553536.0
43.87085723876953
614719553536.0
46.50559997558594
614719553536.0
614719553536.0
614719553536.0
614719553536.0
614719553536.0
614719553536.0
614719553536.0
614719553536.0
614719553536.0
614719553536.0
614719553536.0
614719553536.0
614719553536.0
614719553536.0
614719553536.0
614719553536.0
614719553536.0
614719553536.0
196.43972778320312
197.126708984375
198.89654541015625
197.34617614746094
123.62879943847656
201.00247192382812
194.67425537109375
197.29315185546875
47.992042541503906
30.882787704467773
30.882787704467773
31.960445404052734
155.6859588623047
