37.01127624511719
25.197185516357422
25.197185516357422
39.33430862426758
39.33430862426758
39.33430862426758
42.7447624206543
41.877342224121094
83.78163146972656
31.62582015991211
34.02044677734375
95.83195495605469
159.20619201660156
144.97825622558594
34.56638717651367
43.81256103515625
44.038719177246094
45.75950622558594
41.67250442504883
45.557804107666016
44.37275314331055
47.51420974731445
47.51420974731445
41.71466064453125
47.51420974731445
38.95758819580078
44.00677490234375
48.73413848876953
359.25262451171875
51.708160400390625
228.64820861816406
354.3069152832031
53.37003707885742
353.25006103515625
1610998743040.0
1644797493248.0
1624394825728.0
23.33716583251953
337.842041015625
353.8998718261719
45690404864.0
1644797493248.0
49.326263427734375
1644797493248.0
52.08210754394531
1644797493248.0
1644797493248.0
1644797493248.0
1644797493248.0
1644797493248.0
1644797493248.0
1644797493248.0
1644797493248.0
1644797493248.0
1644797493248.0
1644797493248.0
1644797493248.0
1644797493248.0
1644797493248.0
1644797493248.0
1644797493248.0
1644797493248.0
1644797493248.0
351.8735656738281
353.2663269042969
355.39105224609375
354.02105712890625
189.79759216308594
357.2128601074219
350.7375183105469
354.09808349609375
49.881622314453125
29.511192321777344
29.511192321777344
28.04146385192871
178.2352294921875
