36.462608337402344
22.91872787475586
22.91872787475586
38.53310775756836
38.53310775756836
38.53310775756836
46.40638732910156
42.217864990234375
85.17202758789062
29.45673370361328
32.46176528930664
142.37298583984375
171.92431640625
170.58395385742188
34.37337112426758
46.53706741333008
47.30451202392578
49.5330924987793
43.39196014404297
49.2608642578125
46.943241119384766
51.905792236328125
51.905792236328125
44.29438781738281
51.905792236328125
40.52582550048828
47.489219665527344
56.03346252441406
634.5113525390625
59.05922317504883
356.7620544433594
625.31201171875
61.30833053588867
624.2208862304688
2819971088384.0
2818467954688.0
2810653179904.0
20.001127243041992
600.9049682617188
624.6454467773438
71924736000.0
2818467954688.0
57.301513671875
2818467954688.0
58.596160888671875
2818467954688.0
2818467954688.0
2818467954688.0
2818467954688.0
2818467954688.0
2818467954688.0
2818467954688.0
2818467954688.0
2818467954688.0
2818467954688.0
2818467954688.0
2818467954688.0
2818467954688.0
2818467954688.0
2818467954688.0
2818467954688.0
2818467954688.0
2818467954688.0
622.0679931640625
623.5335083007812
624.6064453125
624.6682739257812
291.326416015625
626.907470703125
621.1473388671875
625.5673828125
51.29725646972656
28.19597625732422
28.19597625732422
23.885948181152344
226.8894805908203
