34.97119903564453
20.72593116760254
20.72593116760254
34.1907958984375
34.1907958984375
34.1907958984375
48.48019027709961
41.326622009277344
84.89186096191406
24.84398651123047
31.786861419677734
297.3533935546875
160.94866943359375
179.46279907226562
34.94526672363281
47.65724563598633
49.23340606689453
52.459144592285156
42.83637619018555
51.17646789550781
47.448768615722656
54.25364303588867
54.25364303588867
44.85700225830078
54.25364303588867
40.73286437988281
49.01799011230469
66.73704528808594
1457.3524169921875
70.83837127685547
728.1971435546875
1437.308349609375
70.68830871582031
1436.3521728515625
3291821899776.0
3289356173312.0
3282244730880.0
13.38792610168457
1403.6346435546875
1436.3890380859375
67678236672.0
3289356173312.0
69.26220703125
3289356173312.0
65.42619323730469
3289356173312.0
3289356173312.0
3289356173312.0
3289356173312.0
3289356173312.0
3289356173312.0
3289356173312.0
3289356173312.0
3289356173312.0
3289356173312.0
3289356173312.0
3289356173312.0
3289356173312.0
3289356173312.0
3289356173312.0
3289356173312.0
3289356173312.0
3289356173312.0
1431.90478515625
1436.22900390625
1433.1551513671875
1436.652587890625
570.637451171875
1433.9461669921875
1434.0770263671875
1439.00634765625
52.59344482421875
23.841075897216797
23.841075897216797
18.557706832885742
243.04629516601562
