41.47654724121094
35.3088493347168
35.3088493347168
39.5750846862793
39.5750846862793
39.5750846862793
40.13524627685547
40.24617385864258
96.97207641601562
37.49821090698242
61.209537506103516
65.1524429321289
149.3829345703125
162.6067657470703
38.37718963623047
42.01935577392578
41.89557647705078
42.67819595336914
41.01223373413086
42.16593551635742
41.90056610107422
40.59148406982422
40.59148406982422
40.396881103515625
40.59148406982422
38.64272689819336
40.81720733642578
43.509578704833984
87.86137390136719
43.9938850402832
76.1476821899414
87.67584991455078
44.511173248291016
87.67378234863281
1269431.75
1274651.0
1270063.625
33.42768478393555
87.4516830444336
87.6701431274414
219660.890625
1274651.0
44.28025817871094
1274651.0
45.19415283203125
1274651.0
1274651.0
1274651.0
1274651.0
1274651.0
1274651.0
1274651.0
1274651.0
1274651.0
1274651.0
1274651.0
1274651.0
1274651.0
1274651.0
1274651.0
1274651.0
1274651.0
1274651.0
87.6364517211914
87.56095886230469
87.57772827148438
87.73027801513672
73.34688568115234
87.56733703613281
87.70402526855469
87.70101165771484
45.710113525390625
35.00263595581055
35.00263595581055
40.62049865722656
166.33935546875
