28.984294891357422
20.364788055419922
20.364788055419922
25.19750213623047
25.19750213623047
25.19750213623047
45.36407470703125
37.73713302612305
85.45277404785156
17.025251388549805
25.933277130126953
658.6912231445312
228.72000122070312
254.26150512695312
33.2900390625
45.37928009033203
47.24561309814453
51.01461410522461
39.602317810058594
49.08668518066406
44.864784240722656
50.82231140136719
50.82231140136719
39.80585861206055
50.82231140136719
37.968780517578125
45.35759735107422
81.29656982421875
3309.509521484375
84.35980224609375
1476.7001953125
3282.556884765625
79.0372543334961
3280.980712890625
200107753472.0
158205657088.0
176119922688.0
4.1685028076171875
3237.052734375
3280.906005859375
8098575360.0
158205657088.0
85.62327575683594
158205657088.0
69.71624755859375
158205657088.0
158205657088.0
158205657088.0
158205657088.0
158205657088.0
158205657088.0
158205657088.0
158205657088.0
158205657088.0
158205657088.0
158205657088.0
158205657088.0
158205657088.0
158205657088.0
158205657088.0
158205657088.0
158205657088.0
158205657088.0
3273.476318359375
3280.337158203125
3273.7314453125
3282.10546875
1148.795654296875
3276.411865234375
3275.962890625
3284.316162109375
55.270286560058594
15.819694519042969
15.819694519042969
10.802364349365234
318.0548095703125
