28.660011291503906
19.989498138427734
19.989498138427734
22.65026092529297
22.65026092529297
22.65026092529297
43.595436096191406
36.46702194213867
81.94727325439453
14.33564567565918
20.756824493408203
820.6981201171875
259.55706787109375
288.9453430175781
31.556175231933594
43.455623626708984
45.45369338989258
49.449275970458984
37.29005432128906
47.20655059814453
42.73061752319336
48.69883346557617
48.69883346557617
37.0728874206543
48.69883346557617
36.549766540527344
42.8665657043457
86.50984191894531
3614.177734375
89.91368865966797
1590.8016357421875
3585.7783203125
83.26937866210938
3583.935546875
2621839769600.0
2517537652736.0
2563979083776.0
0.8624267578125
3535.631591796875
3583.80810546875
9896926208.0
2517537652736.0
91.09652709960938
2517537652736.0
72.12460327148438
2517537652736.0
2517537652736.0
2517537652736.0
2517537652736.0
2517537652736.0
2517537652736.0
2517537652736.0
2517537652736.0
2517537652736.0
2517537652736.0
2517537652736.0
2517537652736.0
2517537652736.0
2517537652736.0
2517537652736.0
2517537652736.0
2517537652736.0
2517537652736.0
3575.40185546875
3583.177978515625
3575.62158203125
3585.48876953125
1239.048583984375
3578.20361328125
3578.6923828125
3587.51904296875
57.85177230834961
12.431144714355469
12.431144714355469
6.57525634765625
416.4088134765625
