31.337177276611328
20.827659606933594
20.827659606933594
27.339920043945312
27.339920043945312
27.339920043945312
46.99880599975586
39.224220275878906
88.46397399902344
19.61652946472168
26.450435638427734
511.8272705078125
191.56040954589844
213.5174560546875
34.51770782470703
46.29534149169922
48.10152816772461
51.87813949584961
40.56108856201172
49.99729919433594
45.816131591796875
52.546173095703125
52.546173095703125
41.7535514831543
52.546173095703125
39.08470916748047
46.88069534301758
75.93276977539062
2609.613037109375
80.01565551757812
1201.5111083984375
2582.7314453125
76.33184814453125
2581.16455078125
338057232384.0
300929974272.0
316759277568.0
7.429637908935547
2535.7861328125
2581.096435546875
7546386944.0
300929974272.0
79.60240173339844
300929974272.0
68.48829650878906
300929974272.0
300929974272.0
300929974272.0
300929974272.0
300929974272.0
300929974272.0
300929974272.0
300929974272.0
300929974272.0
300929974272.0
300929974272.0
300929974272.0
300929974272.0
300929974272.0
300929974272.0
300929974272.0
300929974272.0
300929974272.0
2574.12939453125
2580.976318359375
2576.06005859375
2582.162841796875
939.4918212890625
2577.1767578125
2577.18798828125
2584.5654296875
54.17914581298828
18.29517364501953
18.29517364501953
12.028648376464844
219.3387451171875
