39.79068374633789
32.02857208251953
32.02857208251953
39.31575012207031
39.31575012207031
39.31575012207031
38.84840774536133
40.34526824951172
85.23713684082031
35.515724182128906
47.81196594238281
62.014530181884766
133.40042114257812
139.49029541015625
36.48231887817383
40.928524017333984
40.72617721557617
41.744747161865234
39.79621124267578
41.176605224609375
41.01371383666992
40.56425094604492
40.56425094604492
39.19762420654297
40.56425094604492
37.5602912902832
39.85310363769531
42.26566696166992
103.05554962158203
43.579586029052734
86.79890441894531
102.20440673828125
44.116416931152344
102.04894256591797
16114211840.0
16128806912.0
16084443136.0
30.472238540649414
99.86949157714844
102.14314270019531
939772928.0
16128806912.0
42.83487319946289
16128806912.0
44.531410217285156
16128806912.0
16128806912.0
16128806912.0
16128806912.0
16128806912.0
16128806912.0
16128806912.0
16128806912.0
16128806912.0
16128806912.0
16128806912.0
16128806912.0
16128806912.0
16128806912.0
16128806912.0
16128806912.0
16128806912.0
16128806912.0
101.82353210449219
102.10781860351562
102.32481384277344
102.14244842529297
80.13777923583984
102.5789794921875
101.70702362060547
102.1916732788086
46.215938568115234
32.94855499267578
32.94855499267578
36.056156158447266
138.52618408203125
