33.557212829589844
20.818099975585938
20.818099975585938
31.2557430267334
31.2557430267334
31.2557430267334
48.414852142333984
40.4511833190918
87.69914245605469
22.514413833618164
30.019912719726562
398.59893798828125
186.20877075195312
194.29605102539062
34.459014892578125
47.255409240722656
49.0208740234375
52.38922882080078
41.90538024902344
51.120635986328125
46.927757263183594
54.03838348388672
54.03838348388672
43.686744689941406
54.03838348388672
40.17265319824219
48.5306396484375
71.85664367675781
2043.02099609375
75.33917236328125
980.2289428710938
2019.3916015625
74.36969757080078
2017.897216796875
705620803584.0
658617139200.0
677293260800.0
10.314277648925781
1976.38525390625
2018.1224365234375
16351183872.0
658617139200.0
75.17546081542969
658617139200.0
67.47319030761719
658617139200.0
658617139200.0
658617139200.0
658617139200.0
658617139200.0
658617139200.0
658617139200.0
658617139200.0
658617139200.0
658617139200.0
658617139200.0
658617139200.0
658617139200.0
658617139200.0
658617139200.0
658617139200.0
658617139200.0
658617139200.0
2012.141845703125
2018.1229248046875
2014.7911376953125
2018.695068359375
764.72802734375
2015.9931640625
2014.43017578125
2021.0389404296875
54.52690124511719
21.458208084106445
21.458208084106445
16.10814666748047
236.72171020507812
