-50.758819580078125
3.6688308715820312
-5.747413635253906
-5.078441619873047
-50.33966064453125
-67.08245849609375
-2.72662353515625
-50.09870529174805
-67.08245849609375
-22.934364318847656
-40.81867980957031
-9.404800415039062
6.839443206787109
-49.43065643310547
-67.08245849609375
-67.08245849609375
-14.1943359375
9.992229461669922
-49.020660400390625
-67.08245849609375
-67.08245849609375
-27.471939086914062
2.0512657165527344
1.3044700622558594
-67.08245849609375
-14.1943359375
-14.1943359375
-48.77943420410156
-67.08245849609375
-3.0092391967773438
0.7452049255371094
-1.0579910278320312
-66.32351684570312
-16.97229766845703
-8.322044372558594
-67.08245849609375
-50.463539123535156
-37.43153381347656
-50.521080017089844
-4.545742034912109
-16.97229766845703
-67.08245849609375
-7.300651550292969
-67.08245849609375
-6.702045440673828
-67.08245849609375
-55.143733978271484
-67.08245849609375
-67.08245849609375
-7.028106689453125
-25.866939544677734
-16.97229766845703
-27.807964324951172
2.2676620483398438
-16.084762573242188
0.43270111083984375
-67.08245849609375
-3.48760986328125
-25.866939544677734
-7.028106689453125
-48.404197692871094
-0.085113525390625
-67.08245849609375
1.5958824157714844
-67.08245849609375
-4.45379638671875
-10.563766479492188
-67.08245849609375
-67.08245849609375
-11.032646179199219
-67.08245849609375
-4.315223693847656
-49.87631607055664
-67.08245849609375
-4.635475158691406
-24.909751892089844
