5393.4267578125
27.092933654785156
-23.714282989501953
41.873504638671875
5412.1357421875
3.6081655767790416e+22
28.083541870117188
5411.4287109375
3.6081655767790416e+22
152.0163116455078
5435.19580078125
23.246341705322266
200.69113159179688
5387.6689453125
3.6081655767790416e+22
3.6081655767790416e+22
29.262866973876953
159.3050994873047
5382.009765625
3.6081655767790416e+22
3.6081655767790416e+22
5365.64599609375
195.2390899658203
19.136680603027344
3.6081655767790416e+22
29.262866973876953
29.262866973876953
5408.400390625
3.6081655767790416e+22
15096.447265625
28.44799041748047
-17.890552520751953
3.667274646348335e+22
9.088249206542969
2112.3212890625
3.6081655767790416e+22
5410.39892578125
3.428766757982254e+19
5407.849609375
65.92587280273438
9.088249206542969
3.6081655767790416e+22
39.49309539794922
3.6081655767790416e+22
34.70155334472656
3.6081655767790416e+22
3.77876418246365e+22
3.6081655767790416e+22
3.6081655767790416e+22
-15.735610961914062
15.095226287841797
9.088249206542969
1895.3709716796875
3753.778564453125
2716.64306640625
36.54681396484375
3.6081655767790416e+22
-44.8024787902832
15.095226287841797
-15.735610961914062
5398.84521484375
23.507919311523438
3.6081655767790416e+22
136.81088256835938
3.6081655767790416e+22
178.48716735839844
-7.0749664306640625
3.6081655767790416e+22
3.6081655767790416e+22
20.065322875976562
3.6081655767790416e+22
36.34796142578125
5417.95751953125
3.6081655767790416e+22
1.5424079895019531
424.24969482421875
