9.14466667175293
9.711240768432617
20.84014129638672
12.630598068237305
12.653287887573242
16.017658233642578
0.23025894165039062
13.423408508300781
16.310626983642578
14.745586395263672
2.930255889892578
10.21413803100586
27.917343139648438
-0.06279754638671875
9.08322525024414
12.472484588623047
22.4942626953125
10.733226776123047
5.530632019042969
13.519535064697266
13.837806701660156
16.245784759521484
12.222923278808594
16.310626983642578
9.325399398803711
0.033306121826171875
11.752578735351562
13.82847785949707
19.176645278930664
10.636451721191406
1.4251518249511719
7.309377670288086
12.32459831237793
8.259002685546875
7.6560516357421875
11.097553253173828
16.310626983642578
6.571514129638672
15.121826171875
31.786060333251953
21.12750244140625
30.37276840209961
6.4396209716796875
4.352928161621094
-0.27071380615234375
9.698371887207031
0.9093170166015625
8.594999313354492
8.484365463256836
10.973304748535156
9.486623764038086
15.743553161621094
19.016864776611328
13.223234176635742
13.793098449707031
8.786237716674805
7.6560516357421875
7.309377670288086
13.833194732666016
17.335420608520508
0.5378837585449219
19.6622314453125
9.080785751342773
9.711240768432617
13.986040115356445
11.61241340637207
11.500347137451172
-2.2262039184570312
25.88412094116211
7.6560516357421875
14.2705078125
23.851829528808594
14.495437622070312
12.727655410766602
11.212570190429688
10.941043853759766
4.842250823974609
10.573623657226562
14.49178695678711
6.783168792724609
13.919870376586914
22.535785675048828
17.553958892822266
14.063430786132812
13.986040115356445
21.20610809326172
0.9858665466308594
9.108476638793945
14.450139999389648
14.763425827026367
11.657537460327148
13.423408508300781
15.992568969726562
19.6622314453125
12.574169158935547
19.94488525390625
14.58261489868164
9.080785751342773
16.245784759521484
13.837806701660156
8.80120849609375
3.43707275390625
17.499252319335938
8.772809982299805
16.293087005615234
11.01242446899414
9.460893630981445
11.614116668701172
16.20207977294922
0.3527069091796875
6.368095397949219
21.20610809326172
11.77381706237793
11.61328125
17.161354064941406
14.525407791137695
11.77381706237793
11.298402786254883
12.004440307617188
-0.31626129150390625
21.702533721923828
14.763425827026367
1.8404045104980469
16.879066467285156
12.222923278808594
14.50567626953125
5.0130615234375
13.837806701660156
9.999828338623047
13.262496948242188
7.555841445922852
0.6857986450195312
12.32459831237793
7.918983459472656
29.909221649169922
11.978670120239258
8.857467651367188
25.32546615600586
6.0593109130859375
12.748079299926758
17.094682693481445
3.080524444580078
13.361783981323242
19.94488525390625
13.50039291381836
2.1406517028808594
14.063430786132812
23.909223556518555
8.006759643554688
9.698371887207031
13.513286590576172
12.222923278808594
11.286457061767578
14.525407791137695
13.192758560180664
12.344676971435547
12.244598388671875
8.786237716674805
0.8117179870605469
10.921987533569336
11.298402786254883
19.72586441040039
7.598407745361328
17.499252319335938
7.210414886474609
0.6313858032226562
8.696294784545898
12.3304443359375
7.309377670288086
19.6622314453125
10.024829864501953
12.32459831237793
2.3621864318847656
16.331602096557617
14.763425827026367
13.012662887573242
10.13632583618164
15.544258117675781
16.22435188293457
3.9187355041503906
15.046064376831055
6.765567779541016
12.942066192626953
15.743553161621094
13.423408508300781
7.016609191894531
18.101696014404297
19.6622314453125
14.94491195678711
13.423408508300781
2.1406517028808594
8.80120849609375
2.8538284301757812
3.2957763671875
9.986076354980469
5.502754211425781
16.22435188293457
13.1207275390625
7.6560516357421875
8.576515197753906
7.6560516357421875
18.481918334960938
13.62186050415039
17.499252319335938
10.79837417602539
19.94488525390625
13.423408508300781
13.151439666748047
8.786237716674805
23.45309829711914
11.363351821899414
14.763425827026367
6.9966278076171875
18.958820343017578
17.984233856201172
11.209693908691406
13.410100936889648
14.94491195678711
14.255319595336914
11.541576385498047
9.748462677001953
19.6622314453125
14.658149719238281
15.286300659179688
8.874412536621094
15.982488632202148
13.986040115356445
53.91194152832031
24.62786865234375
12.748079299926758
7.475305557250977
11.298402786254883
12.32459831237793
12.166366577148438
-0.18647003173828125
26.775436401367188
47.77610778808594
11.323776245117188
14.155986785888672
13.410100936889648
8.684326171875
8.786237716674805
13.507806777954102
1.8015251159667969
4.5872802734375
13.986040115356445
1.7751388549804688
14.2705078125
5.056488037109375
1.6183662414550781
-0.31626129150390625
32.04472351074219
5.903133392333984
7.552181243896484
8.696266174316406
9.14466667175293
19.94488525390625
8.772809982299805
8.512201309204102
10.603092193603516
22.77581787109375
12.217267990112305
13.927753448486328
18.958820343017578
13.986040115356445
7.506950378417969
8.933113098144531
20.765560150146484
15.401529312133789
10.73965072631836
16.310626983642578
15.728347778320312
-1.0112228393554688
8.861156463623047
8.772809982299805
13.254051208496094
8.857467651367188
11.094057083129883
17.335420608520508
10.83216667175293
7.6560516357421875
17.400169372558594
12.344676971435547
3.564777374267578
0.4399566650390625
14.079425811767578
9.14466667175293
9.698371887207031
10.83216667175293
9.71160888671875
13.62186050415039
12.222923278808594
16.879066467285156
13.50039291381836
11.77381706237793
10.977113723754883
18.426986694335938
11.614116668701172
9.760650634765625
4.117637634277344
22.00893783569336
13.36677360534668
9.084836959838867
19.266996383666992
11.185340881347656
8.684326171875
16.331602096557617
17.123733520507812
22.4942626953125
10.636451721191406
9.325399398803711
9.986076354980469
2.1406517028808594
8.80120849609375
15.866321563720703
9.711240768432617
11.77381706237793
8.772809982299805
0.5058021545410156
8.861156463623047
15.743553161621094
12.222923278808594
59.264320373535156
1.8723678588867188
12.344676971435547
16.310626983642578
13.223234176635742
15.570503234863281
13.423408508300781
8.861156463623047
26.276708602905273
10.573623657226562
14.836658477783203
22.4942626953125
9.445564270019531
8.80120849609375
11.974380493164062
8.259002685546875
9.08322525024414
8.146728515625
14.255319595336914
13.986040115356445
14.58261489868164
18.426986694335938
12.222923278808594
17.687767028808594
13.986040115356445
20.765560150146484
9.0233154296875
12.244598388671875
7.309377670288086
6.9966278076171875
13.15797233581543
12.59796142578125
21.55804443359375
10.211130142211914
7.552181243896484
8.772809982299805
23.069005966186523
7.309377670288086
8.80120849609375
23.069005966186523
10.344499588012695
3.9676971435546875
13.024887084960938
26.775436401367188
12.344676971435547
18.803556442260742
3.1273117065429688
13.995315551757812
9.341989517211914
15.81245231628418
8.991413116455078
7.309377670288086
49.566707611083984
17.5358943939209
9.141277313232422
11.495254516601562
10.636451721191406
12.570737838745117
3.87884521484375
7.0207061767578125
7.6560516357421875
13.361783981323242
20.219009399414062
18.19799041748047
26.541336059570312
7.309286117553711
12.573213577270508
13.986400604248047
23.06877899169922
7.747062683105469
4.965030670166016
14.76375961303711
12.34421157836914
17.826534271240234
26.791641235351562
16.108531951904297
9.325349807739258
19.945011138916016
25.240249633789062
19.38699722290039
19.38699722290039
19.150714874267578
19.150714874267578
19.150714874267578
20.320085525512695
21.926536560058594
36.4545783996582
15.401714324951172
22.30685806274414
33.55705261230469
59.57061004638672
41.03550720214844
25.045066833496094
15.103513717651367
15.483196258544922
17.157100677490234
13.215200424194336
16.23611831665039
15.149662017822266
22.927745819091797
22.927745819091797
15.87729263305664
22.927745819091797
15.515766143798828
16.706886291503906
31.488571166992188
12.328685760498047
39.08707046508789
29.318584442138672
11.271591186523438
28.567768096923828
11.173831939697266
14.169052124023438
10.494911193847656
11.855598449707031
2.491283416748047
9.43865966796875
11.230915069580078
19.118953704833984
10.494911193847656
35.85625457763672
10.494911193847656
24.397037506103516
10.494911193847656
10.494911193847656
10.494911193847656
10.494911193847656
10.494911193847656
10.494911193847656
10.494911193847656
10.494911193847656
10.494911193847656
10.494911193847656
10.494911193847656
10.494911193847656
10.494911193847656
10.494911193847656
10.494911193847656
10.494911193847656
10.494911193847656
10.494911193847656
10.966819763183594
11.39596176147461
11.425846099853516
11.183029174804688
18.193836212158203
11.494449615478516
11.110210418701172
11.339664459228516
37.20684051513672
19.041305541992188
19.041305541992188
12.50228500366211
36.45888900756836
6.581592559814453
5.7128753662109375
12.342151641845703
5.445201873779297
5.7128753662109375
12.112590789794922
5.434177398681641
9.017887115478516
14.220314025878906
7.060638427734375
2.1045608520507812
28.69524574279785
17.335420608520508
17.335420608520508
1.7490005493164062
2.0692291259765625
-0.9789505004882812
34.861427307128906
34.861427307128906
28.69524574279785
17.730003356933594
-0.34816741943359375
23.996566772460938
4.033031463623047
54.131446838378906
7.060480117797852
15.401714324951172
52.648963928222656
7.284770965576172
21.404747009277344
5.7128753662109375
6.185588836669922
-2.2262039184570312
5.393970489501953
8.272186279296875
6.350322723388672
8.272186279296875
20.310958862304688
12.739982604980469
12.583507537841797
9.489585876464844
9.3310546875
20.30394744873047
23.220321655273438
12.736312866210938
12.207130432128906
16.834943771362305
6.57048225402832
8.104063034057617
12.892457962036133
10.70684814453125
9.1298828125
5.298458099365234
13.485628128051758
19.02581214904785
13.724222183227539
0.55743408203125
3.43206787109375
13.824357986450195
2.8160972595214844
4.580787658691406
19.520633697509766
3.4800453186035156
12.847408294677734
9.304882049560547
2.5903778076171875
23.71794891357422
10.400127410888672
6.134441375732422
1.117462158203125
1.9055824279785156
12.764873504638672
9.095478057861328
9.095478057861328
9.095478057861328
12.764873504638672
12.764873504638672
16.721879959106445
16.721879959106445
7.401571273803711
7.401571273803711
12.764873504638672
14.98025894165039
21.51486587524414
11.14605712890625
4.800357818603516
9.095478057861328
0.9971237182617188
19.556476593017578
15.754714965820312
0.604400634765625
1.9803581237792969
4.115200042724609
2.0830726623535156
4.800357818603516
2.508373260498047
0.4123344421386719
6.6981964111328125
6.134441375732422
6.134441375732422
6.134441375732422
13.824357986450195
3.99871826171875
8.362506866455078
8.412870407104492
12.764873504638672
5.686855316162109
1.9055824279785156
1.9055824279785156
12.764873504638672
13.383354187011719
9.606441497802734
7.476451873779297
6.134441375732422
13.824357986450195
21.15081787109375
6.134441375732422
4.800357818603516
1.2314910888671875
9.139057159423828
8.296340942382812
8.960403442382812
13.824357986450195
5.984642028808594
9.438575744628906
10.0501708984375
14.21609878540039
3.3100051879882812
15.150205612182617
7.303382873535156
1.0665435791015625
22.795757293701172
13.824357986450195
6.134441375732422
2.779834747314453
13.619232177734375
9.053712844848633
16.150169372558594
12.74551010131836
10.07199478149414
13.824357986450195
2.8271331787109375
31.35751724243164
11.932415008544922
11.009666442871094
6.68292236328125
6.702796936035156
9.817554473876953
11.910717010498047
6.272090911865234
8.223987579345703
23.942794799804688
7.284770965576172
10.686254501342773
17.209165573120117
16.834943771362305
19.02581214904785
13.724222183227539
13.485628128051758
13.724222183227539
10.70684814453125
12.892457962036133
10.70684814453125
6.26104736328125
8.170631408691406
4.06292724609375
8.104063034057617
6.57048225402832
8.104063034057617
40.14697265625
19.556476593017578
62.79582977294922
11.89033317565918
9.824846267700195
11.89033317565918
3.7945518493652344
11.89033317565918
9.824846267700195
11.89033317565918
3.4969139099121094
23.87841796875
12.95952033996582
4.819908142089844
11.931297302246094
9.84749984741211
10.848382949829102
19.824726104736328
13.431211471557617
19.824726104736328
19.824726104736328
13.431211471557617
1.6219558715820312
12.772106170654297
10.503055572509766
12.772106170654297
7.131114959716797
6.947414398193359
8.80923080444336
7.685352325439453
8.777889251708984
9.71160888671875
9.391910552978516
9.71160888671875
13.171226501464844
17.357254028320312
13.171226501464844
7.344470977783203
6.033294677734375
20.883270263671875
13.184986114501953
9.538333892822266
7.401571273803711
7.401571273803711
7.401571273803711
16.721879959106445
16.721879959106445
16.721879959106445
16.721879959106445
7.401571273803711
16.721879959106445
7.401571273803711
7.401571273803711
7.401571273803711
7.401571273803711
16.721879959106445
16.721879959106445
16.721879959106445
2.4388160705566406
4.358081817626953
12.772106170654297
10.503055572509766
12.772106170654297
6.35723876953125
9.89834213256836
19.824726104736328
13.431211471557617
19.824726104736328
7.825538635253906
19.824726104736328
13.431211471557617
21.86841583251953
21.333019256591797
21.86841583251953
3.4497146606445312
18.430908203125
23.44748306274414
23.44748306274414
9.706062316894531
19.824726104736328
13.431211471557617
19.824726104736328
13.431211471557617
19.824726104736328
16.684242248535156
7.965091705322266
5.055366516113281
13.444900512695312
13.046623229980469
3.0185089111328125
15.932113647460938
12.4449462890625
15.932113647460938
12.574169158935547
7.186468124389648
12.574169158935547
4.713222503662109
10.964448928833008
11.490350723266602
11.855705261230469
11.028633117675781
15.932113647460938
12.4449462890625
15.932113647460938
16.145912170410156
17.335420608520508
16.145912170410156
17.083271026611328
12.51788330078125
12.574169158935547
7.186468124389648
12.574169158935547
12.574169158935547
7.186468124389648
19.824726104736328
13.431211471557617
13.263988494873047
6.806617736816406
13.444900512695312
13.046623229980469
13.444900512695312
19.824726104736328
9.681571960449219
13.335992813110352
23.19831657409668
13.335992813110352
20.00658416748047
12.612262725830078
20.00658416748047
20.00658416748047
21.51486587524414
14.98025894165039
21.51486587524414
21.51486587524414
14.98025894165039
46.66503143310547
13.385541915893555
11.061077117919922
11.917802810668945
10.702835083007812
11.917802810668945
15.754714965820312
19.556476593017578
15.754714965820312
7.878841400146484
4.176155090332031
10.14674186706543
10.318708419799805
13.881881713867188
5.558868408203125
26.963804244995117
14.17551040649414
11.061077117919922
10.736759185791016
9.288978576660156
0.4562492370605469
8.412870407104492
5.825920104980469
10.321981430053711
4.393970489501953
1.5827865600585938
7.401571273803711
7.401571273803711
7.401571273803711
18.41631317138672
8.682123184204102
20.27194595336914
4.988227844238281
7.401571273803711
7.401571273803711
7.401571273803711
7.401571273803711
7.401571273803711
28.69524574279785
14.640113830566406
13.378768920898438
21.673381805419922
21.51486587524414
14.98025894165039
3.5330162048339844
25.32546615600586
15.23050308227539
18.864315032958984
3.1110305786132812
-14.065963745117188
18.864315032958984
-14.065963745117188
22.86267852783203
43.89958190917969
-14.065963745117188
-14.065963745117188
-14.065963745117188
-14.065963745117188
11.829767227172852
-14.065963745117188
-14.065963745117188
-14.065963745117188
-14.065963745117188
-14.065963745117188
-14.065963745117188
-14.065963745117188
-14.065963745117188
-14.065963745117188
-14.065963745117188
2.7953643798828125
24.83545684814453
18.864315032958984
-14.065963745117188
-14.065963745117188
2.7953643798828125
-14.065963745117188
-14.065963745117188
-14.065963745117188
2.7953643798828125
-14.065963745117188
-14.065963745117188
19.741775512695312
-14.065963745117188
-14.065963745117188
2.7953643798828125
15.357391357421875
15.132884979248047
-14.065963745117188
-14.065963745117188
2.7953643798828125
-14.065963745117188
-14.065963745117188
-14.065963745117188
2.7953643798828125
-14.065963745117188
-14.065963745117188
-14.065963745117188
-14.065963745117188
2.7953643798828125
8.888484954833984
1.018341064453125
-14.065963745117188
9.046340942382812
4.711803436279297
-14.065963745117188
2.7953643798828125
-14.065963745117188
-14.065963745117188
-14.065963745117188
-14.065963745117188
2.7953643798828125
9.367521286010742
1.93994140625
-14.065963745117188
-14.065963745117188
2.7953643798828125
29.39073944091797
-14.065963745117188
-14.065963745117188
9.134098052978516
-0.34236907958984375
16.327838897705078
-2.916309356689453
-14.065963745117188
-14.065963745117188
2.7953643798828125
5.090538024902344
5.090538024902344
8.667041778564453
7.72564697265625
5.090538024902344
2.7953643798828125
5.090538024902344
5.090538024902344
2.7953643798828125
3.7231101989746094
3.7231101989746094
15.357391357421875
7.894737243652344
3.7231101989746094
3.7231101989746094
14.340278625488281
8.740028381347656
14.340278625488281
15.8380126953125
2.7953643798828125
4.960590362548828
4.960590362548828
10.885915756225586
15.11981201171875
2.7953643798828125
4.960590362548828
4.960590362548828
12.673114776611328
12.159698486328125
-1.6590347290039062
4.960590362548828
19.699928283691406
2.7953643798828125
9.367521286010742
2.8502731323242188
21.54296112060547
21.146411895751953
6.2725830078125
8.318902969360352
2.635326385498047
10.885915756225586
7.185966491699219
15.401714324951172
16.69637680053711
-0.3852882385253906
6.2725830078125
3.8373069763183594
14.340278625488281
9.589473724365234
2.2294998168945312
2.2294998168945312
-1.4023170471191406
-1.280120849609375
16.327838897705078
2.1980018615722656
3.37286376953125
0.1903228759765625
-0.6611213684082031
2.7953643798828125
0.6415634155273438
14.340278625488281
4.370082855224609
6.2725830078125
-2.297771453857422
-0.10550308227539062
-1.999267578125
7.623207092285156
-1.280120849609375
2.1066818237304688
4.4227447509765625
0.6241989135742188
0.9063186645507812
3.139629364013672
7.623207092285156
1.765716552734375
7.623207092285156
2.7953643798828125
7.623207092285156
16.327838897705078
10.119632720947266
7.623207092285156
12.946744918823242
-0.8850784301757812
-1.3227310180664062
7.624153137207031
12.946388244628906
10.467935562133789
12.89814567565918
27.935611724853516
21.645435333251953
-3.2012481689453125
-3.2012481689453125
71.49156188964844
-3.2012481689453125
21.645435333251953
-3.2012481689453125
11.618865966796875
6.515647888183594
12.634578704833984
18.212276458740234
33.97716522216797
-3.2012481689453125
-3.2012481689453125
-3.2012481689453125
-3.2012481689453125
-3.2012481689453125
-3.2012481689453125
-3.2012481689453125
-3.2012481689453125
32.70795822143555
-3.2012481689453125
-3.2012481689453125
-3.2012481689453125
-3.2012481689453125
-3.2012481689453125
-3.2012481689453125
-3.2012481689453125
-3.2012481689453125
-3.2012481689453125
-3.2012481689453125
-3.2012481689453125
-3.2012481689453125
-3.2012481689453125
-3.2012481689453125
-3.2012481689453125
-3.2012481689453125
-3.2012481689453125
-3.2012481689453125
-3.2012481689453125
-3.2012481689453125
-3.2012481689453125
-3.2012481689453125
-3.2012481689453125
-3.2012481689453125
-3.2012481689453125
-3.2012481689453125
-3.2012481689453125
-3.2012481689453125
-3.2012481689453125
-3.2012481689453125
-3.2012481689453125
-3.2012481689453125
-3.2012481689453125
-3.2012481689453125
-3.2012481689453125
-3.2012481689453125
-3.2012481689453125
-3.2012481689453125
-3.2012481689453125
-3.2012481689453125
-3.2012481689453125
-3.2012481689453125
-3.2012481689453125
-3.2012481689453125
-3.2012481689453125
-3.2012481689453125
-3.2012481689453125
-3.2012481689453125
-3.2012481689453125
-3.2012481689453125
-3.2012481689453125
-3.2012481689453125
-3.2012481689453125
-3.2012481689453125
-3.2012481689453125
-3.2012481689453125
-3.2012481689453125
-3.2012481689453125
-3.2012481689453125
-3.2012481689453125
51.60649108886719
43.928550720214844
12.89814567565918
20.089332580566406
10.467933654785156
78.91216278076172
18.86431121826172
35.430450439453125
14.340282440185547
-0.021694183349609375
12.593664169311523
3.9060211181640625
8.888484954833984
16.696380615234375
20.409576416015625
15.357385635375977
22.381027221679688
16.987255096435547
20.519287109375
8.318906784057617
5.818023681640625
8.888484954833984
11.829765319824219
10.885915756225586
21.93509292602539
16.327842712402344
6.0637969970703125
14.340282440185547
0.9657821655273438
14.340282440185547
4.936485290527344
1.3467254638671875
14.340282440185547
8.46010971069336
15.058155059814453
2.2081375122070312
12.946744918823242
1.3021621704101562
27.803863525390625
16.45795249938965
61.568328857421875
48.782325744628906
16.327842712402344
0.7012405395507812
1.4218254089355469
2.034038543701172
15.561634063720703
11.829765319824219
0.5920677185058594
11.829765319824219
16.327842712402344
16.327842712402344
11.700641632080078
11.700641632080078
9.093551635742188
11.700641632080078
10.01108169555664
1.3386764526367188
15.357385635375977
1.0901527404785156
51.263885498046875
70.79689025878906
8.888484954833984
6.948478698730469
8.888484954833984
0.8370285034179688
20.27461814880371
42.47833251953125
12.946744918823242
1.7445449829101562
0.8468475341796875
8.888484954833984
3.834911346435547
10.885915756225586
-2.564037322998047
-2.564037322998047
-3.4413833618164062
-2.564037322998047
14.340282440185547
-1.6590347290039062
8.073402404785156
9.983306884765625
12.946744918823242
2.754688262939453
16.45795249938965
1.7203254699707031
-0.6769943237304688
16.696380615234375
8.18344497680664
10.885915756225586
-2.84649658203125
2.099224090576172
7.084922790527344
14.340282440185547
2.2980270385742188
19.741779327392578
12.946744918823242
15.401714324951172
12.946744918823242
1.610076904296875
0.0395660400390625
-1.0453681945800781
0.0395660400390625
-2.84649658203125
-2.939891815185547
-0.5261192321777344
-2.939891815185547
-2.939891815185547
-2.939891815185547
-2.939891815185547
-2.939891815185547
16.603979110717773
-2.939891815185547
10.885915756225586
-2.9102210998535156
-2.939891815185547
4.182125091552734
16.327842712402344
3.1803512573242188
16.327842712402344
1.5880355834960938
-2.939891815185547
8.035873413085938
-2.939891815185547
-2.939891815185547
-2.939891815185547
-0.5261192321777344
-2.939891815185547
-2.939197540283203
-2.939197540283203
-2.939197540283203
-2.939197540283203
-2.939197540283203
-2.939197540283203
-2.939197540283203
-2.939197540283203
-0.5254745483398438
2.6837501525878906
-2.939197540283203
0.6339149475097656
-2.939197540283203
0.24398040771484375
-2.939197540283203
-2.939197540283203
0.515869140625
-2.939197540283203
0.24398040771484375
-0.5254745483398438
3.4668350219726562
-1.0091667175292969
9.740837097167969
0.24398040771484375
0.24398040771484375
