11.566396713256836
11.748353958129883
21.880619049072266
13.870311737060547
15.130828857421875
16.78534698486328
2.8547897338867188
15.434192657470703
18.581281661987305
17.02310562133789
5.1495208740234375
12.190299987792969
29.517162322998047
2.6058006286621094
11.155515670776367
14.622734069824219
21.61699104309082
13.104488372802734
7.901071548461914
15.545658111572266
16.606285095214844
17.93938446044922
12.972352981567383
18.581281661987305
11.973125457763672
2.7624168395996094
13.657947540283203
16.28434944152832
20.30054473876953
12.858354568481445
4.098445892333984
9.609033584594727
15.018962860107422
10.50546646118164
10.203241348266602
13.045526504516602
18.581281661987305
9.11053466796875
16.468616485595703
34.54292297363281
22.167240142822266
28.836259841918945
8.07777214050293
6.498317718505859
2.4283370971679688
11.471683502197266
3.4443359375
10.731964111328125
10.651508331298828
12.875335693359375
11.90073013305664
18.003402709960938
21.2247257232666
15.803590774536133
16.324050903320312
10.83990478515625
10.203241348266602
9.609033584594727
16.388275146484375
19.07194709777832
3.0206375122070312
21.43061065673828
11.055166244506836
11.748353958129883
16.66054916381836
13.927589416503906
13.752767562866211
1.0845298767089844
26.193574905395508
10.203241348266602
15.714832305908203
25.634002685546875
16.98697280883789
14.709955215454102
13.582698822021484
13.51038932800293
5.955043792724609
12.936614990234375
15.591398239135742
7.244606018066406
16.063568115234375
23.975976943969727
20.095722198486328
16.14395523071289
16.66054916381836
20.560272216796875
3.702747344970703
11.584634780883789
16.663291931152344
17.006114959716797
13.90786361694336
15.434192657470703
18.052867889404297
21.43061065673828
15.14406967163086
21.504804611206055
16.74039649963379
11.055166244506836
17.93938446044922
16.606285095214844
10.812728881835938
5.914299011230469
20.00522804260254
11.195110321044922
18.78602409362793
12.948419570922852
11.563364028930664
13.552482604980469
18.2007999420166
3.0834274291992188
7.0460968017578125
20.560272216796875
13.844799041748047
13.565914154052734
18.916221618652344
15.706277847290039
13.844799041748047
13.709365844726562
14.199518203735352
2.5303306579589844
24.674638748168945
17.006114959716797
4.416110992431641
18.544431686401367
12.972352981567383
16.540916442871094
7.518129348754883
16.606285095214844
11.865324020385742
14.295297622680664
9.901786804199219
3.102680206298828
15.018962860107422
10.227603912353516
29.996580123901367
14.082164764404297
11.378030776977539
26.717735290527344
8.42425537109375
14.765981674194336
19.060997009277344
5.5086822509765625
15.643566131591797
21.504804611206055
14.75324821472168
4.697895050048828
16.14395523071289
25.571353912353516
10.519929885864258
11.471683502197266
15.457355499267578
12.972352981567383
13.297313690185547
15.706277847290039
15.81601333618164
14.706314086914062
15.100044250488281
10.83990478515625
3.276487350463867
13.257402420043945
13.709365844726562
21.066064834594727
9.565767288208008
20.00522804260254
9.454015731811523
3.385892868041992
10.762767791748047
14.571634292602539
9.609033584594727
21.43061065673828
12.042686462402344
15.018962860107422
4.949375152587891
18.637542724609375
17.006114959716797
14.399688720703125
12.63543701171875
15.020561218261719
17.087575912475586
6.534706115722656
16.59713363647461
8.938018798828125
14.682437896728516
18.003402709960938
15.434192657470703
7.675701141357422
19.92216682434082
21.43061065673828
16.532394409179688
15.434192657470703
4.697895050048828
10.812728881835938
5.203601837158203
5.928760528564453
12.310567855834961
7.490634918212891
17.087575912475586
15.409914016723633
10.203241348266602
10.766469955444336
10.203241348266602
20.21235466003418
15.510652542114258
20.00522804260254
12.825801849365234
21.504804611206055
15.434192657470703
13.551055908203125
10.83990478515625
23.498640060424805
13.110464096069336
17.006114959716797
9.29290771484375
20.34398651123047
19.904176712036133
13.31451416015625
16.15153694152832
16.532394409179688
16.496591567993164
13.885734558105469
11.844593048095703
21.43061065673828
16.021739959716797
16.118873596191406
10.921302795410156
17.924083709716797
16.66054916381836
52.35942077636719
25.02060890197754
14.765981674194336
9.957210540771484
13.709365844726562
15.018962860107422
14.496946334838867
2.5052490234375
28.178281784057617
47.25148010253906
13.56007194519043
15.582618713378906
16.15153694152832
11.1287841796875
10.83990478515625
15.33709716796875
4.223499298095703
7.023708343505859
16.66054916381836
4.420696258544922
15.714832305908203
5.3822174072265625
3.9502487182617188
2.5303306579589844
33.330081939697266
7.799228668212891
9.623126983642578
10.78761100769043
11.566396713256836
21.504804611206055
11.195110321044922
10.68777847290039
12.919578552246094
23.59954261779785
14.49323844909668
15.748573303222656
20.34398651123047
16.66054916381836
9.624744415283203
11.20016860961914
22.075462341308594
17.627164840698242
12.758277893066406
18.581281661987305
17.294803619384766
1.7763786315917969
10.899469375610352
11.195110321044922
15.05262565612793
11.378030776977539
13.052654266357422
19.07194709777832
12.481468200683594
10.203241348266602
18.03214454650879
14.706314086914062
5.414613723754883
3.023601531982422
15.251590728759766
11.566396713256836
11.471683502197266
12.481468200683594
11.841745376586914
15.510652542114258
12.972352981567383
18.544431686401367
14.75324821472168
13.844799041748047
12.90150260925293
19.501094818115234
13.552482604980469
12.51182746887207
6.55720329284668
23.173019409179688
15.06442642211914
11.474296569824219
20.482769012451172
13.124618530273438
11.1287841796875
18.637542724609375
18.766963958740234
21.61699104309082
12.858354568481445
11.973125457763672
12.310567855834961
4.697895050048828
10.812728881835938
16.89557456970215
11.748353958129883
13.844799041748047
11.195110321044922
2.8768653869628906
10.899469375610352
18.003402709960938
12.972352981567383
49.505226135253906
4.452823638916016
14.706314086914062
18.581281661987305
15.803590774536133
18.065670013427734
15.434192657470703
10.899469375610352
25.96608543395996
12.936614990234375
16.814472198486328
21.61699104309082
11.386192321777344
10.812728881835938
14.44955062866211
10.50546646118164
11.155515670776367
9.522043228149414
16.496591567993164
16.66054916381836
16.74039649963379
19.501094818115234
12.972352981567383
18.905258178710938
16.66054916381836
22.075462341308594
11.399251937866211
15.100044250488281
9.609033584594727
9.29290771484375
14.041742324829102
14.757068634033203
17.17615509033203
11.968177795410156
9.623126983642578
11.195110321044922
23.920867919921875
9.609033584594727
10.812728881835938
23.920867919921875
12.545608520507812
6.099395751953125
14.672456741333008
28.178281784057617
14.706314086914062
21.220352172851562
5.250972747802734
15.54771614074707
11.625083923339844
18.2774715423584
11.322662353515625
9.609033584594727
48.912940979003906
18.016761779785156
11.33884048461914
13.092041015625
12.858354568481445
14.5006103515625
6.164155960083008
9.149847030639648
10.203241348266602
15.643566131591797
20.902103424072266
13.361261367797852
27.934982299804688
9.608713150024414
15.142950057983398
16.660869598388672
23.92061996459961
9.726686477661133
7.0553436279296875
17.006515502929688
14.705787658691406
20.325143814086914
28.65875244140625
15.902534484863281
11.973184585571289
21.50495719909668
27.056236267089844
20.1155948638916
20.1155948638916
20.849651336669922
20.849651336669922
20.849651336669922
22.345191955566406
23.630903244018555
36.135257720947266
17.063884735107422
23.15664291381836
34.40209197998047
56.58892822265625
41.42884063720703
26.767290115356445
17.492979049682617
17.94312286376953
19.55290985107422
15.635530471801758
18.683483123779297
17.474082946777344
25.021717071533203
25.021717071533203
18.315147399902344
25.021717071533203
17.635282516479492
19.16888999938965
33.62700653076172
14.144378662109375
40.40570068359375
28.899845123291016
13.137622833251953
30.724590301513672
13.068946838378906
13.242912292480469
11.886363983154297
12.122146606445312
5.043428421020508
11.569557189941406
13.089988708496094
18.31558609008789
11.886363983154297
37.946598052978516
11.886363983154297
26.940692901611328
11.886363983154297
11.886363983154297
11.886363983154297
11.886363983154297
11.886363983154297
11.886363983154297
11.886363983154297
11.886363983154297
11.886363983154297
11.886363983154297
11.886363983154297
11.886363983154297
11.886363983154297
11.886363983154297
11.886363983154297
11.886363983154297
11.886363983154297
11.886363983154297
12.872589111328125
13.207599639892578
13.227481842041016
13.084087371826172
19.297245025634766
13.225860595703125
13.069381713867188
13.204856872558594
38.16543960571289
20.952362060546875
20.952362060546875
15.101116180419922
38.09453582763672
9.576763153076172
8.611175537109375
14.114715576171875
8.549110412597656
8.611175537109375
14.591562271118164
8.378364562988281
11.114542007446289
15.274396896362305
9.227069854736328
4.472072601318359
29.950027465820312
19.07194709777832
19.07194709777832
4.209003448486328
4.140283584594727
1.5178337097167969
36.95389175415039
36.95389175415039
29.950027465820312
18.294395446777344
2.2502174377441406
25.026092529296875
6.152956008911133
56.06595230102539
9.301004409790039
17.063884735107422
47.06053924560547
9.660160064697266
23.17111587524414
8.611175537109375
9.227859497070312
1.0845298767089844
8.510555267333984
11.378620147705078
9.332046508789062
11.378620147705078
21.225685119628906
14.779117584228516
14.43345832824707
11.976062774658203
11.84699821472168
21.05866241455078
23.799278259277344
14.691139221191406
14.195053100585938
18.598339080810547
8.784923553466797
9.679304122924805
14.116189956665039
12.489595413208008
9.768013000488281
7.707571029663086
15.602264404296875
20.952842712402344
15.454669952392578
3.067626953125
6.008829116821289
15.647436141967773
5.266429901123047
6.783649444580078
20.86954116821289
5.979866027832031
15.367443084716797
11.424661636352539
4.945259094238281
26.127159118652344
12.899072647094727
8.369987487792969
3.6316757202148438
4.422344207763672
14.405593872070312
11.073799133300781
11.073799133300781
11.073799133300781
14.405593872070312
14.405593872070312
17.353147506713867
17.353147506713867
9.898004531860352
9.898004531860352
14.405593872070312
17.461002349853516
21.43718719482422
13.126113891601562
7.172611236572266
11.073799133300781
3.527200698852539
19.44637107849121
14.642322540283203
3.1396484375
4.558807373046875
6.505062103271484
4.6330718994140625
7.172611236572266
5.039453506469727
3.011981964111328
8.61928939819336
8.369987487792969
8.369987487792969
8.369987487792969
15.647436141967773
6.474578857421875
10.527565002441406
10.58951187133789
14.405593872070312
7.583850860595703
4.422344207763672
4.422344207763672
14.405593872070312
14.596397399902344
11.397052764892578
7.932212829589844
8.369987487792969
15.647436141967773
21.67979621887207
8.369987487792969
7.172611236572266
3.7414779663085938
11.622257232666016
10.898101806640625
11.507440567016602
15.647436141967773
8.399402618408203
9.189342498779297
12.02438735961914
15.417089462280273
5.66535758972168
16.12393569946289
9.40155029296875
3.5261192321777344
23.339370727539062
15.647436141967773
8.369987487792969
5.246879577636719
15.977741241455078
11.250679016113281
16.817180633544922
14.05534553527832
11.19692611694336
15.647436141967773
5.398410797119141
30.55699920654297
13.855239868164062
13.639636993408203
9.673789978027344
9.59505844116211
12.884927749633789
14.311040878295898
9.29018783569336
11.17397689819336
23.205904006958008
9.660160064697266
12.742210388183594
19.750125885009766
18.598339080810547
20.952842712402344
15.454669952392578
15.602264404296875
15.454669952392578
12.489595413208008
14.116189956665039
12.489595413208008
8.419357299804688
9.734277725219727
6.499643325805664
9.679304122924805
8.784923553466797
9.679304122924805
40.06414794921875
19.44637107849121
62.78266906738281
13.771007537841797
11.844905853271484
13.771007537841797
6.103792190551758
13.771007537841797
11.844905853271484
13.771007537841797
6.140153884887695
25.099241256713867
14.876239776611328
7.705677032470703
14.089330673217773
12.044294357299805
12.780620574951172
20.910667419433594
15.439208984375
20.910667419433594
20.910667419433594
15.439208984375
4.28040885925293
14.749927520751953
12.467971801757812
14.749927520751953
8.535167694091797
8.560195922851562
9.793914794921875
8.908954620361328
9.840396881103516
11.841745376586914
11.468740463256836
11.841745376586914
15.540168762207031
19.427371978759766
15.540168762207031
8.99716567993164
8.439722061157227
17.220500946044922
14.495769500732422
12.27591323852539
9.898004531860352
9.898004531860352
9.898004531860352
17.353147506713867
17.353147506713867
17.353147506713867
17.353147506713867
9.898004531860352
17.353147506713867
9.898004531860352
9.898004531860352
9.898004531860352
9.898004531860352
17.353147506713867
17.353147506713867
17.353147506713867
4.813970565795898
6.842582702636719
14.749927520751953
12.467971801757812
14.749927520751953
7.0450439453125
11.492452621459961
20.910667419433594
15.439208984375
20.910667419433594
9.214305877685547
20.910667419433594
15.439208984375
24.181148529052734
23.192285537719727
24.181148529052734
6.102102279663086
20.04117774963379
25.499624252319336
25.499624252319336
11.766416549682617
20.910667419433594
15.439208984375
20.910667419433594
15.439208984375
20.910667419433594
17.684171676635742
10.233711242675781
7.481758117675781
13.986652374267578
15.539020538330078
5.678985595703125
17.98311424255371
14.28396987915039
17.98311424255371
15.14406967163086
9.422042846679688
15.14406967163086
5.789634704589844
12.972064971923828
13.77225112915039
13.883270263671875
13.50715446472168
17.98311424255371
14.28396987915039
17.98311424255371
18.164457321166992
19.07194709777832
18.164457321166992
17.87053871154785
14.533109664916992
15.14406967163086
9.422042846679688
15.14406967163086
15.14406967163086
9.422042846679688
20.910667419433594
15.439208984375
15.063146591186523
9.545291900634766
13.986652374267578
15.539020538330078
13.986652374267578
20.910667419433594
11.616006851196289
15.318889617919922
24.445354461669922
15.318889617919922
22.424304962158203
14.46358871459961
22.424304962158203
22.424304962158203
21.43718719482422
17.461002349853516
21.43718719482422
21.43718719482422
17.461002349853516
45.165130615234375
15.936193466186523
12.301126480102539
13.460817337036133
13.115158081054688
13.460817337036133
14.642322540283203
19.44637107849121
14.642322540283203
10.170215606689453
6.623943328857422
11.852493286132812
11.805316925048828
15.046611785888672
8.109100341796875
28.315893173217773
16.64712905883789
12.301126480102539
12.259424209594727
11.018238067626953
3.129854202270508
10.58951187133789
8.061029434204102
12.375555038452148
6.409637451171875
4.251466751098633
9.898004531860352
9.898004531860352
9.898004531860352
19.774127960205078
10.787124633789062
20.8226318359375
7.619180679321289
9.898004531860352
9.898004531860352
9.898004531860352
9.898004531860352
9.898004531860352
29.950027465820312
16.787683486938477
15.330646514892578
22.185867309570312
21.43718719482422
17.461002349853516
5.626300811767578
26.717735290527344
17.550254821777344
21.119796752929688
5.5372314453125
-11.296703338623047
21.119796752929688
-11.296703338623047
29.34979248046875
50.31517028808594
-11.296703338623047
-11.296703338623047
-11.296703338623047
-11.296703338623047
13.594781875610352
-11.296703338623047
-11.296703338623047
-11.296703338623047
-11.296703338623047
-11.296703338623047
-11.296703338623047
-11.296703338623047
-11.296703338623047
-11.296703338623047
-11.296703338623047
5.368217468261719
14.807220458984375
21.119796752929688
-11.296703338623047
-11.296703338623047
5.368217468261719
-11.296703338623047
-11.296703338623047
-11.296703338623047
5.368217468261719
-11.296703338623047
-11.296703338623047
22.86944580078125
-11.296703338623047
-11.296703338623047
5.368217468261719
16.292186737060547
13.90976333618164
-11.296703338623047
-11.296703338623047
5.368217468261719
-11.296703338623047
-11.296703338623047
-11.296703338623047
5.368217468261719
-11.296703338623047
-11.296703338623047
-11.296703338623047
-11.296703338623047
5.368217468261719
11.323585510253906
3.397674560546875
-11.296703338623047
11.17784309387207
6.603473663330078
-11.296703338623047
5.368217468261719
-11.296703338623047
-11.296703338623047
-11.296703338623047
-11.296703338623047
5.368217468261719
11.841743469238281
3.884014129638672
-11.296703338623047
-11.296703338623047
5.368217468261719
31.373682022094727
-11.296703338623047
-11.296703338623047
11.070659637451172
2.088115692138672
18.277137756347656
-0.4284210205078125
-11.296703338623047
-11.296703338623047
5.368217468261719
7.4427642822265625
7.4427642822265625
10.847625732421875
9.374897003173828
7.4427642822265625
5.368217468261719
7.4427642822265625
7.4427642822265625
5.368217468261719
6.529514312744141
6.529514312744141
16.292186737060547
9.6007080078125
6.529514312744141
6.529514312744141
15.951290130615234
10.83260726928711
15.951290130615234
16.691856384277344
5.368217468261719
7.7674102783203125
7.7674102783203125
12.88338851928711
17.1619815826416
5.368217468261719
7.7674102783203125
7.7674102783203125
14.610954284667969
14.58322525024414
0.8477821350097656
7.7674102783203125
20.070823669433594
5.368217468261719
11.841743469238281
4.864231109619141
22.5522518157959
23.63695526123047
8.957393646240234
10.610139846801758
4.528171539306641
12.88338851928711
9.47749137878418
17.063884735107422
18.437664031982422
2.22723388671875
8.957393646240234
5.983671188354492
15.951290130615234
11.25
4.71575927734375
4.71575927734375
1.1517257690429688
1.3205947875976562
18.277137756347656
4.073982238769531
5.370899200439453
2.7092323303222656
1.895050048828125
5.368217468261719
3.1081695556640625
15.951290130615234
6.530487060546875
8.957393646240234
0.2596473693847656
2.3164405822753906
0.3591766357421875
10.086498260498047
1.3205947875976562
4.191783905029297
6.334850311279297
3.218219757080078
3.5132713317871094
5.254364013671875
10.086498260498047
4.1157989501953125
10.086498260498047
5.368217468261719
10.086498260498047
18.277137756347656
12.283546447753906
10.086498260498047
15.502969741821289
1.6862220764160156
1.2188301086425781
10.087379455566406
15.502998352050781
13.085031509399414
14.863651275634766
29.2060489654541
23.679119110107422
0.3237190246582031
0.3237190246582031
66.80406188964844
0.3237190246582031
23.679119110107422
0.3237190246582031
14.203203201293945
9.199764251708984
15.166421890258789
20.123497009277344
33.77011489868164
0.3237190246582031
0.3237190246582031
0.3237190246582031
0.3237190246582031
0.3237190246582031
0.3237190246582031
0.3237190246582031
0.3237190246582031
34.639991760253906
0.3237190246582031
0.3237190246582031
0.3237190246582031
0.3237190246582031
0.3237190246582031
0.3237190246582031
0.3237190246582031
0.3237190246582031
0.3237152099609375
0.3237152099609375
0.3237152099609375
0.3237152099609375
0.3237152099609375
0.3237152099609375
0.3237152099609375
0.3237152099609375
0.3237152099609375
0.3237152099609375
0.3237152099609375
0.3237152099609375
0.3237152099609375
0.3237152099609375
0.3237152099609375
0.3237152099609375
0.3237152099609375
0.3237152099609375
0.3237152099609375
0.3237152099609375
0.3237152099609375
0.3237152099609375
0.3237152099609375
0.3237152099609375
0.3237152099609375
0.3237152099609375
0.3237152099609375
0.3237152099609375
0.3237152099609375
0.3237152099609375
0.3237152099609375
0.3237152099609375
0.3237152099609375
0.3237152099609375
0.3237152099609375
0.3237152099609375
0.3237152099609375
0.3237152099609375
0.3237152099609375
0.3237152099609375
0.3237152099609375
0.3237152099609375
0.3237152099609375
0.3237152099609375
0.3237152099609375
0.3237152099609375
0.3237152099609375
0.3237152099609375
0.3237152099609375
0.3237152099609375
0.3237152099609375
0.3237152099609375
50.8172607421875
38.67170715332031
14.863651275634766
20.737728118896484
13.08503532409668
78.00481414794922
21.119796752929688
38.737396240234375
15.951290130615234
2.3743324279785156
14.510719299316406
5.629695892333984
11.323585510253906
18.43766212463379
22.539325714111328
16.292186737060547
25.228946685791016
18.641529083251953
22.20941925048828
10.610137939453125
7.408107757568359
11.323585510253906
13.594781875610352
12.883384704589844
23.053956985473633
18.277137756347656
8.303888320922852
15.951290130615234
3.4306774139404297
15.951290130615234
7.241571426391602
3.4012374877929688
15.951290130615234
10.54006576538086
16.625356674194336
4.078754425048828
15.502973556518555
3.416698455810547
27.72919464111328
17.22821807861328
57.11880874633789
47.46902847290039
18.277137756347656
3.101806640625
4.080513000488281
3.939678192138672
17.071060180664062
13.594781875610352
3.271953582763672
13.594781875610352
18.277137756347656
18.277137756347656
13.797107696533203
13.797107696533203
11.336751937866211
13.797107696533203
12.130992889404297
3.2198333740234375
16.292186737060547
3.5576705932617188
50.519203186035156
65.47689819335938
11.323585510253906
9.159835815429688
11.323585510253906
2.9776039123535156
21.963706970214844
44.66889190673828
15.502973556518555
4.1868133544921875
3.270233154296875
11.323585510253906
6.262727737426758
12.883384704589844
0.004604339599609375
0.004604339599609375
-0.8759651184082031
0.004604339599609375
15.951290130615234
0.8477821350097656
10.712980270385742
12.48675537109375
15.502973556518555
5.142368316650391
17.22821807861328
3.4003944396972656
1.9013023376464844
18.43766212463379
9.952587127685547
12.883384704589844
-0.1676177978515625
4.1157073974609375
9.56942367553711
15.951290130615234
4.627128601074219
22.869441986083984
15.502973556518555
17.063886642456055
15.502973556518555
3.9016036987304688
2.5728797912597656
1.2245521545410156
2.5728797912597656
-0.1676177978515625
-0.2468109130859375
2.1542396545410156
-0.2468109130859375
-0.2468109130859375
-0.2468109130859375
-0.2468109130859375
-0.2468109130859375
18.44985580444336
-0.2468109130859375
12.883384704589844
-0.201416015625
-0.2468109130859375
6.559804916381836
18.277137756347656
5.471324920654297
18.277137756347656
4.1186981201171875
-0.2468109130859375
10.036312103271484
-0.2468109130859375
-0.2468109130859375
-0.2468109130859375
2.1542396545410156
-0.2468109130859375
-0.2458953857421875
-0.2458953857421875
-0.2458953857421875
-0.2458953857421875
-0.2458953857421875
-0.2458953857421875
-0.2458953857421875
-0.2458953857421875
2.1549606323242188
4.770076751708984
-0.2458953857421875
3.0673675537109375
-0.2458953857421875
2.915081024169922
-0.2458953857421875
-0.2458953857421875
3.1185989379882812
-0.2458953857421875
2.915081024169922
2.1549606323242188
5.880100250244141
1.6003608703613281
11.719205856323242
2.915081024169922
2.915081024169922
