19.188570022583008
19.530733108520508
26.287927627563477
20.82806968688965
21.911876678466797
23.58434295654297
11.807174682617188
23.89974594116211
25.614667892456055
23.87006950378418
13.26361083984375
18.822650909423828
32.938575744628906
12.100976943969727
19.118629455566406
21.472383499145508
26.85955047607422
21.45911979675293
15.409591674804688
22.045326232910156
24.471981048583984
24.953739166259766
22.45834732055664
25.614667892456055
18.922046661376953
12.282875061035156
19.319766998291016
23.976001739501953
23.866567611694336
19.752216339111328
12.884902954101562
17.801883697509766
23.143142700195312
18.373178482055664
18.255807876586914
19.569141387939453
25.614667892456055
14.568416595458984
21.713285446166992
40.99344253540039
24.966020584106445
28.27737045288086
15.506103515625
14.293813705444336
11.8995361328125
18.179311752319336
12.701618194580078
17.866073608398438
18.377901077270508
20.192977905273438
19.266864776611328
25.54776954650879
27.756954193115234
23.306812286376953
23.415996551513672
17.885955810546875
18.255807876586914
17.801883697509766
24.1486759185791
26.621280670166016
11.96762466430664
28.113618850708008
18.971147537231445
19.530733108520508
25.353858947753906
21.290454864501953
20.997020721435547
12.972061157226562
29.563119888305664
18.255807876586914
23.175323486328125
31.820987701416016
25.10527992248535
21.20883560180664
20.753421783447266
20.56333351135254
12.511302947998047
20.539566040039062
22.88076400756836
13.893682479858398
22.538759231567383
27.86747169494629
27.924474716186523
22.927751541137695
25.353858947753906
24.8705997467041
12.473115921020508
19.158031463623047
24.66490364074707
24.4865665435791
21.046022415161133
23.89974594116211
25.13493537902832
28.113618850708008
22.807573318481445
26.23908233642578
23.13498306274414
18.971147537231445
24.953739166259766
24.471981048583984
18.69979476928711
14.535913467407227
25.650972366333008
19.14695167541504
25.12985610961914
20.21210289001465
18.433551788330078
20.422935485839844
24.370588302612305
12.552131652832031
13.94863510131836
24.8705997467041
20.5087947845459
20.329513549804688
26.246620178222656
23.16658592224121
20.5087947845459
21.412734985351562
20.634132385253906
11.788520812988281
30.326753616333008
24.4865665435791
13.599170684814453
23.858802795410156
22.45834732055664
23.617141723632812
15.32733154296875
24.471981048583984
20.035669326782227
20.621158599853516
17.88653564453125
11.754196166992188
23.143142700195312
17.442312240600586
32.293479919433594
21.284942626953125
18.775175094604492
29.97311782836914
17.1411075592041
21.165115356445312
24.685415267944336
13.518905639648438
23.150676727294922
26.23908233642578
22.188941955566406
12.833980560302734
22.927751541137695
29.73345184326172
18.89677619934082
18.179311752319336
21.812158584594727
22.45834732055664
20.775026321411133
23.16658592224121
23.45673942565918
22.481565475463867
21.683551788330078
17.885955810546875
11.683845520019531
20.226482391357422
21.412734985351562
25.433761596679688
17.91036605834961
25.650972366333008
17.593114852905273
13.033498764038086
17.69867706298828
21.900590896606445
17.801883697509766
28.113618850708008
18.71889877319336
23.143142700195312
13.342926025390625
25.697216033935547
24.4865665435791
21.984060287475586
20.692241668701172
19.931480407714844
25.539106369018555
15.713066101074219
23.62290382385254
16.97120475769043
21.871065139770508
25.54776954650879
23.89974594116211
13.231521606445312
28.072385787963867
28.113618850708008
24.022964477539062
23.89974594116211
12.833980560302734
18.69979476928711
13.224935531616211
14.814369201660156
19.716075897216797
14.78653335571289
25.539106369018555
22.86793327331543
18.255807876586914
18.989858627319336
18.255807876586914
25.606842041015625
21.694931030273438
25.650972366333008
20.252492904663086
26.23908233642578
23.89974594116211
17.908658981323242
17.885955810546875
25.69458770751953
19.432498931884766
24.4865665435791
17.123493194580078
23.43859100341797
25.179113388061523
20.072052001953125
24.74074935913086
24.022964477539062
23.809383392333984
21.011688232421875
18.83826446533203
28.113618850708008
21.288734436035156
20.008785247802734
18.051136016845703
26.604774475097656
25.353858947753906
47.94186019897461
26.845108032226562
21.165115356445312
17.978878021240234
21.412734985351562
23.143142700195312
21.771495819091797
11.753582000732422
30.04315948486328
47.27880096435547
22.435108184814453
20.023372650146484
24.74074935913086
19.100997924804688
17.885955810546875
24.83013916015625
12.839019775390625
15.118297576904297
25.353858947753906
12.857847213745117
23.175323486328125
12.062295913696289
12.656070709228516
11.788520812988281
35.13656997680664
15.430110931396484
17.504966735839844
18.106279373168945
19.188570022583008
26.23908233642578
19.14695167541504
19.076610565185547
20.577051162719727
29.079198837280273
21.280029296875
21.646209716796875
23.43859100341797
25.353858947753906
16.955066680908203
19.194915771484375
27.96042251586914
23.38344383239746
19.415863037109375
25.614667892456055
24.406265258789062
11.514156341552734
17.834692001342773
19.14695167541504
20.705915451049805
18.775175094604492
19.901729583740234
26.621280670166016
19.550071716308594
18.255807876586914
25.13442611694336
22.481565475463867
12.988506317138672
12.432369232177734
20.48236846923828
19.188570022583008
18.179311752319336
19.550071716308594
19.83349609375
21.694931030273438
22.45834732055664
23.858802795410156
22.188941955566406
20.5087947845459
20.216957092285156
24.552135467529297
20.422935485839844
19.425922393798828
14.900018692016602
27.439712524414062
21.130762100219727
18.533214569091797
24.94009017944336
19.789587020874023
19.100997924804688
25.697216033935547
25.801864624023438
26.85955047607422
19.752216339111328
18.922046661376953
19.716075897216797
12.833980560302734
18.69979476928711
23.75531578063965
19.530733108520508
20.5087947845459
19.14695167541504
11.350379943847656
17.834692001342773
25.54776954650879
22.45834732055664
29.185256958007812
12.94835090637207
22.481565475463867
25.614667892456055
23.306812286376953
25.747941970825195
23.89974594116211
17.834692001342773
29.74469757080078
20.539566040039062
23.23821258544922
26.85955047607422
17.974151611328125
18.69979476928711
22.02096176147461
18.373178482055664
19.118629455566406
16.370529174804688
23.809383392333984
25.353858947753906
23.13498306274414
24.552135467529297
22.45834732055664
25.035594940185547
25.353858947753906
27.96042251586914
18.477985382080078
21.683551788330078
17.801883697509766
17.123493194580078
21.607410430908203
21.922889709472656
24.550678253173828
18.424379348754883
17.504966735839844
19.14695167541504
29.31217384338379
17.801883697509766
18.69979476928711
29.31217384338379
19.540388107299805
13.82550048828125
21.889667510986328
30.04315948486328
22.481565475463867
28.434499740600586
13.28160285949707
23.137840270996094
19.497838973999023
25.13139533996582
18.20246124267578
17.801883697509766
48.30208969116211
26.46177101135254
18.338563919067383
19.391231536865234
19.752216339111328
21.17376708984375
13.63663101196289
17.594261169433594
18.255807876586914
23.150676727294922
25.365182876586914
22.372055053710938
31.16162872314453
17.801603317260742
22.80664825439453
25.353994369506836
29.311887741088867
17.94845199584961
14.350109100341797
24.48712730407715
22.481422424316406
27.819480895996094
33.95975875854492
21.12270736694336
18.922103881835938
26.239219665527344
32.257354736328125
21.753141403198242
21.753141403198242
27.76128387451172
27.76128387451172
27.76128387451172
28.048263549804688
31.042348861694336
36.79643249511719
22.682043075561523
27.084339141845703
32.772464752197266
51.73138427734375
45.30464172363281
30.924243927001953
24.771923065185547
25.12081527709961
26.65935707092285
23.070697784423828
25.782394409179688
24.734800338745117
30.978981018066406
30.978981018066406
24.876296997070312
30.978981018066406
24.36682891845703
25.857885360717773
37.90776824951172
21.645797729492188
43.85851287841797
32.189449310302734
20.661415100097656
36.038448333740234
20.58429718017578
23.153244018554688
22.58517074584961
22.665355682373047
12.927234649658203
18.83372688293457
20.61104965209961
26.58489227294922
22.58517074584961
41.191375732421875
22.58517074584961
33.58381652832031
22.58517074584961
22.58517074584961
22.58517074584961
22.58517074584961
22.58517074584961
22.58517074584961
22.58517074584961
22.58517074584961
22.58517074584961
22.58517074584961
22.58517074584961
22.58517074584961
22.58517074584961
22.58517074584961
22.58517074584961
22.58517074584961
22.58517074584961
22.58517074584961
20.381942749023438
20.688688278198242
20.725419998168945
20.601192474365234
24.759672164916992
20.72118377685547
20.51641082763672
20.72299575805664
38.87975311279297
26.739822387695312
26.739822387695312
23.171945571899414
42.65962600708008
20.870380401611328
19.773273468017578
19.082983016967773
20.00650978088379
19.773273468017578
19.827295303344727
19.46953773498535
18.620567321777344
21.220829010009766
16.358234405517578
13.160501480102539
33.18983459472656
26.621280670166016
26.621280670166016
12.408592224121094
12.315601348876953
10.508737564086914
38.12639236450195
38.12639236450195
33.18983459472656
23.906187057495117
11.40414047241211
29.82809829711914
13.971851348876953
60.42470169067383
16.905317306518555
22.682043075561523
40.71283721923828
20.48993682861328
26.27045249938965
19.773273468017578
20.616117477416992
12.972061157226562
19.881311416625977
21.99765396118164
20.547739028930664
21.99765396118164
23.302780151367188
25.40052032470703
21.561037063598633
21.708662033081055
20.352954864501953
26.780166625976562
31.42873191833496
25.001323699951172
25.015562057495117
25.804014205932617
17.295028686523438
17.763011932373047
20.09166717529297
19.835451126098633
16.813879013061523
16.429309844970703
22.458663940429688
28.106534957885742
22.175762176513672
12.366586685180664
15.25860595703125
22.730653762817383
14.372161865234375
15.047199249267578
23.795438766479492
15.057868957519531
20.65983772277832
18.560073852539062
13.921241760253906
32.56871795654297
21.298385620117188
16.639188766479492
12.846723556518555
12.983406066894531
22.012218475341797
18.987863540649414
18.987863540649414
18.987863540649414
22.012218475341797
22.012218475341797
26.705671310424805
26.705671310424805
18.01039695739746
18.01039695739746
22.012218475341797
25.959596633911133
28.707414627075195
19.56790542602539
15.580802917480469
18.987863540649414
12.307384490966797
29.369892120361328
23.415491104125977
12.531131744384766
13.828418731689453
15.017066955566406
13.7720947265625
15.580802917480469
14.104419708251953
12.400276184082031
16.26897430419922
16.639188766479492
16.639188766479492
16.639188766479492
22.730653762817383
15.647066116333008
17.788095474243164
17.829833984375
22.012218475341797
14.779777526855469
12.983406066894531
12.983406066894531
22.012218475341797
19.640897750854492
17.98512077331543
13.788902282714844
16.639188766479492
22.730653762817383
24.834754943847656
16.639188766479492
15.580802917480469
12.622440338134766
20.201187133789062
19.61231803894043
20.151168823242188
22.730653762817383
17.14013671875
14.281610488891602
17.971717834472656
21.56957244873047
14.387792587280273
21.70750617980957
17.078590393066406
12.626497268676758
27.79384422302246
22.730653762817383
16.639188766479492
14.349632263183594
23.737255096435547
18.335126876831055
22.4879150390625
21.139039993286133
16.677021026611328
22.730653762817383
14.493013381958008
30.059303283691406
23.07149887084961
20.826356887817383
21.066328048706055
21.166839599609375
22.123653411865234
21.32625961303711
20.838747024536133
22.20021629333496
25.999801635742188
20.48993682861328
19.564525604248047
26.282182693481445
25.804014205932617
28.106534957885742
22.175762176513672
22.458663940429688
22.175762176513672
19.835451126098633
20.09166717529297
19.835451126098633
15.907569885253906
16.33466339111328
15.180038452148438
17.763011932373047
17.295028686523438
17.763011932373047
42.11609649658203
29.369892120361328
63.50263595581055
21.113887786865234
19.17677116394043
21.113887786865234
14.185802459716797
21.113887786865234
19.17677116394043
21.113887786865234
14.885700225830078
29.267024993896484
20.851268768310547
16.080638885498047
21.539464950561523
19.8571834564209
20.525753021240234
25.58218002319336
22.07927703857422
25.58218002319336
25.58218002319336
22.07927703857422
12.970970153808594
21.846595764160156
19.241422653198242
21.846595764160156
15.82012939453125
15.851037979125977
15.155769348144531
16.155546188354492
15.220813751220703
19.83349609375
18.53280258178711
19.83349609375
22.983333587646484
26.17620086669922
22.983333587646484
15.412111282348633
16.444807052612305
25.88794708251953
20.498634338378906
21.1009521484375
18.01039695739746
18.01039695739746
18.01039695739746
26.705671310424805
26.705671310424805
26.705671310424805
26.705671310424805
18.01039695739746
26.705671310424805
18.01039695739746
18.01039695739746
18.01039695739746
18.01039695739746
26.705671310424805
26.705671310424805
26.705671310424805
13.060501098632812
15.563812255859375
21.846595764160156
19.241422653198242
21.846595764160156
14.291534423828125
17.51520538330078
25.58218002319336
22.07927703857422
25.58218002319336
14.98172378540039
25.58218002319336
22.07927703857422
31.2852840423584
30.61064338684082
31.2852840423584
15.276586532592773
26.511150360107422
31.69382095336914
31.69382095336914
18.283584594726562
25.58218002319336
22.07927703857422
25.58218002319336
22.07927703857422
25.58218002319336
21.705902099609375
18.03200340270996
15.417247772216797
23.29215431213379
24.576194763183594
14.547475814819336
24.761127471923828
21.011489868164062
24.761127471923828
22.807573318481445
17.607351303100586
22.807573318481445
13.089849472045898
20.039777755737305
20.9411678314209
20.730342864990234
21.02115821838379
24.761127471923828
21.011489868164062
24.761127471923828
26.332855224609375
26.621280670166016
26.332855224609375
21.58733558654785
20.65836524963379
22.807573318481445
17.607351303100586
22.807573318481445
22.807573318481445
17.607351303100586
25.58218002319336
22.07927703857422
21.35285758972168
18.591650009155273
23.29215431213379
24.576194763183594
23.29215431213379
25.58218002319336
18.103580474853516
21.57170295715332
28.61577606201172
21.57170295715332
28.960813522338867
20.77509117126465
28.960813522338867
28.960813522338867
28.707414627075195
25.959596633911133
28.707414627075195
28.707414627075195
25.959596633911133
41.389373779296875
22.062910079956055
19.36629867553711
20.809371948242188
20.445369720458984
20.809371948242188
23.415491104125977
29.369892120361328
23.415491104125977
17.618234634399414
15.271831512451172
19.406517028808594
19.32552146911621
22.051677703857422
16.85755729675293
31.454383850097656
23.01384735107422
19.36629867553711
19.168460845947266
16.811243057250977
12.044937133789062
17.829833984375
16.338685989379883
19.481170654296875
14.003215789794922
12.854866027832031
18.01039695739746
18.01039695739746
18.01039695739746
25.16694450378418
18.680208206176758
25.61284828186035
15.548995971679688
18.01039695739746
18.01039695739746
18.01039695739746
18.01039695739746
18.01039695739746
33.18983459472656
23.33053207397461
21.64278793334961
23.458473205566406
28.707414627075195
25.959596633911133
13.403425216674805
29.97311782836914
23.757896423339844
27.68827247619629
13.911930084228516
1.2806167602539062
27.68827247619629
1.2806167602539062
29.149871826171875
48.46676254272461
1.2806167602539062
1.2806167602539062
1.2806167602539062
1.2806167602539062
19.787282943725586
1.2806167602539062
1.2806167602539062
1.2806167602539062
1.2806167602539062
1.2806167602539062
1.2806167602539062
1.2806167602539062
1.2806167602539062
1.2806167602539062
1.2806167602539062
14.754640579223633
19.551475524902344
27.68827247619629
1.2806167602539062
1.2806167602539062
14.754640579223633
1.2806167602539062
1.2806167602539062
1.2806167602539062
14.754640579223633
1.2806167602539062
1.2806167602539062
29.63679313659668
1.2806167602539062
1.2806167602539062
14.754640579223633
23.599849700927734
15.273033142089844
1.2806167602539062
1.2806167602539062
14.754640579223633
1.2806167602539062
1.2806167602539062
1.2806167602539062
14.754640579223633
1.2806167602539062
1.2806167602539062
1.2806167602539062
1.2806167602539062
14.754640579223633
18.3890438079834
12.030412673950195
1.2806167602539062
18.28008270263672
14.632980346679688
1.2806167602539062
14.754640579223633
1.2806167602539062
1.2806167602539062
1.2806167602539062
1.2806167602539062
14.754640579223633
20.0323543548584
12.217060089111328
1.2806167602539062
1.2806167602539062
14.754640579223633
27.064125061035156
1.2806167602539062
1.2806167602539062
18.448383331298828
10.87152099609375
25.692638397216797
9.33289909362793
1.2806167602539062
1.2806167602539062
14.754640579223633
16.26922607421875
16.26922607421875
17.963571548461914
15.483024597167969
16.26922607421875
14.754640579223633
16.26922607421875
16.26922607421875
14.754640579223633
15.884561538696289
15.884561538696289
23.599849700927734
16.534255981445312
15.884561538696289
15.884561538696289
22.37973976135254
17.96793556213379
22.37973976135254
18.957740783691406
14.754640579223633
16.83476448059082
16.83476448059082
20.955917358398438
23.16402816772461
14.754640579223633
16.83476448059082
16.83476448059082
21.453182220458984
21.178422927856445
10.199840545654297
16.83476448059082
24.579586029052734
14.754640579223633
20.0323543548584
12.938825607299805
27.701339721679688
29.955829620361328
17.71512794494629
18.617090225219727
12.036741256713867
20.955917358398438
16.362777709960938
22.682043075561523
24.31389808654785
11.301307678222656
17.71512794494629
12.975761413574219
22.37973976135254
17.12472915649414
13.073762893676758
13.073762893676758
10.43336296081543
10.79600715637207
25.692638397216797
12.204080581665039
12.485157012939453
11.718265533447266
10.870166778564453
14.754640579223633
11.639232635498047
22.37973976135254
14.120969772338867
17.71512794494629
9.864233016967773
11.221794128417969
9.954793930053711
18.388927459716797
10.79600715637207
12.388603210449219
13.330623626708984
12.029386520385742
12.01092529296875
12.695844650268555
18.388927459716797
12.312541961669922
18.388927459716797
14.754640579223633
18.388927459716797
25.692638397216797
18.854576110839844
18.388927459716797
23.971431732177734
10.586071014404297
10.47292709350586
18.38943099975586
23.970918655395508
21.452434539794922
22.015310287475586
32.016414642333984
28.933597564697266
12.528923034667969
12.528923034667969
60.32030487060547
12.528923034667969
28.933597564697266
12.528923034667969
22.222721099853516
18.096858978271484
21.83448028564453
22.894508361816406
35.268028259277344
12.528923034667969
12.528923034667969
12.528923034667969
12.528923034667969
12.528923034667969
12.528923034667969
12.528923034667969
12.528923034667969
38.824440002441406
12.528923034667969
12.528923034667969
12.528923034667969
12.528923034667969
12.528923034667969
12.528923034667969
12.528923034667969
12.528923034667969
12.528923034667969
12.528923034667969
12.528923034667969
12.528923034667969
12.528923034667969
12.528923034667969
12.528923034667969
12.528923034667969
12.528923034667969
12.528923034667969
12.528923034667969
12.528923034667969
12.528923034667969
12.528923034667969
12.528923034667969
12.528923034667969
12.528923034667969
12.528923034667969
12.528923034667969
12.528923034667969
12.528923034667969
12.528923034667969
12.528923034667969
12.528923034667969
12.528923034667969
12.528923034667969
12.528923034667969
12.528923034667969
12.528923034667969
12.528923034667969
12.528923034667969
12.528923034667969
12.528923034667969
12.528923034667969
12.528923034667969
12.528923034667969
12.528923034667969
12.528923034667969
12.528923034667969
12.528923034667969
12.528923034667969
12.528923034667969
12.528923034667969
12.528923034667969
12.528923034667969
12.528923034667969
12.528923034667969
12.528923034667969
12.528923034667969
12.528923034667969
12.528923034667969
12.528923034667969
50.34882736206055
28.04529571533203
22.015310287475586
24.026874542236328
21.452434539794922
74.12425994873047
27.68827247619629
38.51891326904297
22.37973976135254
11.206253051757812
20.983726501464844
12.789100646972656
18.3890438079834
24.31389808654785
28.089136123657227
23.599849700927734
31.7199649810791
24.202335357666016
28.92694091796875
18.617095947265625
15.386238098144531
18.3890438079834
19.78728485107422
20.955915451049805
28.057668685913086
25.692638397216797
15.301078796386719
22.37973976135254
11.999931335449219
22.37973976135254
14.778427124023438
11.484905242919922
22.37973976135254
18.08702850341797
20.432720184326172
11.792081832885742
23.971431732177734
11.741153717041016
28.98499298095703
23.358394622802734
41.50627136230469
38.07234573364258
25.692638397216797
11.799066543579102
12.757030487060547
11.685314178466797
25.08108139038086
19.78728485107422
11.988075256347656
19.78728485107422
25.692638397216797
25.692638397216797
19.694974899291992
19.694974899291992
18.219390869140625
19.694974899291992
19.401912689208984
11.144174575805664
23.599849700927734
12.218778610229492
40.88880157470703
61.86506652832031
18.3890438079834
16.631376266479492
18.3890438079834
10.8931884765625
27.01773452758789
51.815704345703125
23.971431732177734
12.709251403808594
11.851898193359375
18.3890438079834
13.76688003540039
20.955915451049805
9.847419738769531
9.847419738769531
8.965982437133789
9.847419738769531
22.37973976135254
10.199840545654297
18.911413192749023
20.170429229736328
23.971431732177734
13.106101989746094
23.358394622802734
11.188194274902344
11.051506042480469
24.31389808654785
17.171966552734375
20.955915451049805
9.465789794921875
11.771278381347656
17.812854766845703
22.37973976135254
12.641155242919922
29.63679313659668
23.971431732177734
22.682043075561523
23.971431732177734
12.012073516845703
11.296348571777344
10.427532196044922
11.296348571777344
9.465789794921875
9.509403228759766
11.306556701660156
9.509403228759766
9.509403228759766
9.509403228759766
9.509403228759766
9.509403228759766
24.265869140625
9.509403228759766
20.955915451049805
9.55788803100586
9.509403228759766
14.044134140014648
25.692638397216797
13.696325302124023
25.692638397216797
11.743566513061523
9.509403228759766
16.262006759643555
9.509403228759766
9.509403228759766
9.509403228759766
11.306556701660156
9.509403228759766
9.510190963745117
9.510190963745117
9.510190963745117
9.510190963745117
9.510190963745117
9.510190963745117
9.510190963745117
9.510190963745117
11.307071685791016
12.404085159301758
9.510190963745117
11.919120788574219
9.510190963745117
11.895696640014648
9.510190963745117
9.510190963745117
11.747417449951172
9.510190963745117
11.895696640014648
11.307071685791016
14.419292449951172
10.96603775024414
18.508037567138672
11.895696640014648
11.895696640014648
