21.662817001342773
22.165769577026367
27.847963333129883
23.228090286254883
24.298675537109375
25.968982696533203
14.888717651367188
27.002532958984375
27.883020401000977
25.919965744018555
16.011749267578125
21.023780822753906
33.78274154663086
15.36170768737793
21.891006469726562
23.64559555053711
28.719955444335938
23.90877914428711
17.70767593383789
24.392351150512695
27.045459747314453
27.377872467041016
25.927576065063477
27.883020401000977
21.345117568969727
15.496454238891602
20.773168563842773
26.519256591796875
25.685304641723633
21.99185562133789
15.730680465698242
20.633268356323242
25.855775833129883
21.20529556274414
21.2728271484375
21.811782836914062
27.883020401000977
17.52747344970703
23.98727798461914
41.66663360595703
25.873353958129883
28.909324645996094
18.290678024291992
16.88204574584961
15.18649673461914
20.56896209716797
15.936500549316406
20.198997497558594
21.066919326782227
22.646717071533203
21.660337448120117
28.020225524902344
29.25739097595215
25.979656219482422
25.677709579467773
20.333560943603516
21.2728271484375
20.633268356323242
26.48672866821289
29.584592819213867
15.038064956665039
30.319955825805664
21.844745635986328
22.165769577026367
28.17848014831543
23.77477264404297
23.575193405151367
16.871868133544922
30.95048713684082
21.2728271484375
26.05215835571289
35.161354064941406
27.94473648071289
23.61221694946289
23.196895599365234
23.356380462646484
15.881336212158203
23.038360595703125
25.372106552124023
16.325740814208984
24.71466636657715
29.496328353881836
30.605972290039062
25.208019256591797
28.17848014831543
26.252843856811523
15.332283020019531
21.597776412963867
27.22150230407715
27.061519622802734
23.385337829589844
27.002532958984375
27.409221649169922
30.319955825805664
25.26345443725586
27.97492218017578
26.086231231689453
21.844745635986328
27.377872467041016
27.045459747314453
21.390316009521484
17.46778106689453
28.034263610839844
21.876354217529297
27.12058448791504
22.653244018554688
20.79157066345215
22.677038192749023
26.518657684326172
15.704940795898438
16.764110565185547
26.252843856811523
22.781583786010742
22.378467559814453
28.977750778198242
26.019733428955078
22.781583786010742
23.935901641845703
22.640974044799805
14.955108642578125
32.146080017089844
27.061519622802734
16.747690200805664
25.130966186523438
25.927576065063477
26.15081024169922
17.850372314453125
27.045459747314453
22.86699867248535
22.7086181640625
20.68399429321289
14.768884658813477
25.855775833129883
19.70815086364746
33.150672912597656
23.67426300048828
21.386991500854492
31.838712692260742
19.910606384277344
23.331016540527344
26.689346313476562
16.16971778869629
25.829681396484375
27.97492218017578
24.578899383544922
15.663564682006836
25.208019256591797
31.131755828857422
21.57796287536621
20.56896209716797
24.033119201660156
25.927576065063477
23.23851203918457
26.019733428955078
26.081073760986328
25.281505584716797
24.03508949279785
20.333560943603516
14.61744499206543
22.61734962463379
23.935901641845703
27.158649444580078
20.741886138916016
28.034263610839844
20.53253173828125
16.21915054321289
20.15715217590332
24.669437408447266
20.633268356323242
30.319955825805664
21.059093475341797
25.855775833129883
16.282588958740234
27.83627700805664
27.061519622802734
24.53774642944336
23.392108917236328
22.562814712524414
28.118288040161133
18.727460861206055
26.087974548339844
19.90353012084961
24.348369598388672
28.020225524902344
27.002532958984375
15.909072875976562
30.822568893432617
30.319955825805664
26.73478889465332
27.002532958984375
15.663564682006836
21.390316009521484
15.911275863647461
17.777080535888672
22.268306732177734
17.3879337310791
28.118288040161133
25.43277359008789
21.2728271484375
21.837177276611328
21.2728271484375
26.79979705810547
23.996484756469727
28.034263610839844
22.736217498779297
27.97492218017578
27.002532958984375
20.170488357543945
20.333560943603516
26.410907745361328
21.881145477294922
27.061519622802734
19.819992065429688
25.089815139770508
26.606279373168945
22.14765739440918
27.55380630493164
26.73478889465332
26.208168029785156
23.534399032592773
21.181156158447266
30.319955825805664
24.018321990966797
21.56859588623047
20.48577117919922
29.858182907104492
28.17848014831543
48.18663024902344
27.571481704711914
23.331016540527344
20.677043914794922
23.935901641845703
25.855775833129883
24.296812057495117
14.875326156616211
30.9547119140625
45.94313049316406
25.44077491760254
21.828298568725586
27.55380630493164
21.838603973388672
20.333560943603516
28.242448806762695
15.696788787841797
17.715187072753906
28.17848014831543
15.691535949707031
26.05215835571289
15.165790557861328
15.612165451049805
14.955108642578125
35.82185363769531
18.084129333496094
20.170711517333984
20.396934509277344
21.662817001342773
27.97492218017578
21.876354217529297
22.004009246826172
23.29157257080078
30.993160247802734
24.042205810546875
23.457874298095703
25.089815139770508
28.17848014831543
19.525157928466797
22.05438232421875
30.013408660888672
25.31256103515625
21.628450393676758
27.883020401000977
26.908302307128906
14.862089157104492
20.24701499938965
21.876354217529297
22.782819747924805
21.386991500854492
22.1035099029541
29.584592819213867
21.966754913330078
21.2728271484375
27.92727279663086
25.281505584716797
15.780256271362305
15.712604522705078
22.061758041381836
21.662817001342773
20.56896209716797
21.966754913330078
22.723739624023438
23.996484756469727
25.927576065063477
25.130966186523438
24.578899383544922
22.781583786010742
22.77365493774414
26.31946563720703
22.677038192749023
21.808319091796875
17.72852897644043
28.721418380737305
23.59853744506836
21.047441482543945
26.136066436767578
22.112281799316406
21.838603973388672
27.83627700805664
28.179174423217773
28.719955444335938
21.99185562133789
21.345117568969727
22.268306732177734
15.663564682006836
21.390316009521484
26.156719207763672
22.165769577026367
22.781583786010742
21.876354217529297
14.336427688598633
20.24701499938965
28.020225524902344
25.927576065063477
27.341781616210938
15.774097442626953
25.281505584716797
27.883020401000977
25.979656219482422
27.913909912109375
27.002532958984375
20.24701499938965
31.379175186157227
23.038360595703125
25.658098220825195
28.719955444335938
20.17977523803711
21.390316009521484
24.702926635742188
21.20529556274414
21.891006469726562
18.886064529418945
26.208168029785156
28.17848014831543
26.086231231689453
26.31946563720703
25.927576065063477
27.002166748046875
28.17848014831543
30.013408660888672
21.228792190551758
24.03508949279785
20.633268356323242
19.819992065429688
24.044010162353516
24.668346405029297
27.529586791992188
20.454790115356445
20.170711517333984
21.876354217529297
31.241168975830078
20.633268356323242
21.390316009521484
31.241168975830078
22.000858306884766
16.55001449584961
24.360469818115234
30.9547119140625
25.281505584716797
31.399311065673828
15.99991226196289
25.765933990478516
22.151464462280273
27.551490783691406
20.67072868347168
20.633268356323242
46.156105041503906
29.184120178222656
20.63653564453125
21.241336822509766
21.99185562133789
23.53563117980957
16.196199417114258
20.54888153076172
21.2728271484375
25.829681396484375
26.797496795654297
25.89484214782715
31.968711853027344
20.633020401000977
25.26262092590332
28.178621292114258
31.24089813232422
20.696971893310547
16.7637882232666
27.06209945678711
25.28146743774414
30.033174514770508
34.90099334716797
23.54079818725586
21.345233917236328
27.97502326965332
34.1015625
23.117267608642578
23.117267608642578
30.415586471557617
30.415586471557617
30.415586471557617
29.628787994384766
33.299591064453125
37.302223205566406
24.76237678527832
28.63827896118164
35.72932434082031
51.85759735107422
44.82066345214844
31.217254638671875
27.22780990600586
27.45431900024414
28.834360122680664
25.62687873840332
28.15533447265625
27.255104064941406
32.69574737548828
32.69574737548828
26.928916931152344
32.69574737548828
26.444988250732422
27.978384017944336
38.51318359375
25.029422760009766
43.14910125732422
33.9502067565918
24.093250274658203
37.192623138427734
23.97599983215332
29.654571533203125
28.28820037841797
28.566253662109375
15.835826873779297
21.94013214111328
24.034317016601562
32.17770767211914
28.28820037841797
41.39811706542969
28.28820037841797
35.21682357788086
28.28820037841797
28.28820037841797
28.28820037841797
28.28820037841797
28.28820037841797
28.28820037841797
28.28820037841797
28.28820037841797
28.28820037841797
28.28820037841797
28.28820037841797
28.28820037841797
28.28820037841797
28.28820037841797
28.28820037841797
28.28820037841797
28.28820037841797
28.28820037841797
23.769359588623047
24.068801879882812
24.178438186645508
23.980955123901367
28.44373321533203
24.40294647216797
23.765554428100586
24.12419891357422
39.33332061767578
28.51076889038086
28.51076889038086
25.65652084350586
43.65483856201172
24.641639709472656
23.550870895385742
21.70310401916504
23.832902908325195
23.550870895385742
21.915977478027344
23.239952087402344
21.029586791992188
23.738510131835938
18.584848403930664
16.044517517089844
33.98398208618164
29.584592819213867
29.584592819213867
15.200214385986328
15.236005783081055
13.57473373413086
38.35803985595703
38.35803985595703
33.98398208618164
26.57253646850586
14.439584732055664
31.332059860229492
16.75185775756836
64.53665161132812
19.408435821533203
24.76237678527832
40.12442398071289
24.19568634033203
27.853317260742188
23.550870895385742
24.410890579223633
16.871868133544922
23.69361686706543
25.59160804748535
24.306926727294922
25.59160804748535
25.195098876953125
29.030384063720703
24.174758911132812
24.828014373779297
23.321496963500977
29.006303787231445
34.06593322753906
28.085512161254883
28.635784149169922
28.191207885742188
20.201871871948242
20.70249366760254
22.160484313964844
22.40572166442871
18.659225463867188
19.121456146240234
24.869659423828125
30.226543426513672
24.55069351196289
15.591384887695312
18.295448303222656
24.798866271972656
17.52086067199707
18.112689971923828
25.0284481048584
18.173555374145508
24.585914611816406
20.762454986572266
16.984052658081055
34.01869201660156
23.947025299072266
19.238622665405273
16.006362915039062
15.761043548583984
24.253398895263672
21.490291595458984
21.490291595458984
21.490291595458984
24.253398895263672
24.253398895263672
29.606605529785156
29.606605529785156
20.81232261657715
20.81232261657715
24.253398895263672
29.307065963745117
31.136558532714844
21.953048706054688
18.305683135986328
21.490291595458984
15.296989440917969
32.57434844970703
26.54724884033203
15.707155227661133
16.902128219604492
18.02191734313965
16.820941925048828
18.305683135986328
17.140764236450195
15.549602508544922
18.743968963623047
19.238622665405273
19.238622665405273
19.238622665405273
24.798866271972656
18.72642707824707
20.26250457763672
20.206336975097656
24.253398895263672
17.09244728088379
15.761043548583984
15.761043548583984
24.253398895263672
21.80120277404785
20.00696563720703
15.977273941040039
19.238622665405273
24.798866271972656
25.710479736328125
19.238622665405273
18.305683135986328
15.680814743041992
22.798599243164062
22.265361785888672
22.808862686157227
24.798866271972656
19.978755950927734
16.454286575317383
20.035165786743164
23.790401458740234
17.335866928100586
23.693286895751953
19.48046112060547
15.829227447509766
28.862953186035156
24.798866271972656
19.238622665405273
17.50960350036621
25.912395477294922
20.745651245117188
24.974472045898438
23.79700469970703
19.040821075439453
24.798866271972656
17.517086029052734
30.962364196777344
26.338016510009766
23.761417388916016
24.832754135131836
24.96567153930664
25.548633575439453
24.006263732910156
24.66875457763672
25.831119537353516
27.650249481201172
24.19568634033203
21.98709487915039
28.75494384765625
28.191207885742188
30.226543426513672
24.55069351196289
24.869659423828125
24.55069351196289
22.40572166442871
22.160484313964844
22.40572166442871
18.452472686767578
18.742488861083984
17.919498443603516
20.70249366760254
20.201871871948242
20.70249366760254
42.6458854675293
32.57434844970703
64.25472259521484
23.62775421142578
21.664897918701172
23.62775421142578
16.96192169189453
23.62775421142578
21.664897918701172
23.62775421142578
17.6910343170166
29.636920928955078
22.40219497680664
18.718120574951172
24.09363555908203
22.599899291992188
23.25658416748047
27.705883026123047
24.414934158325195
27.705883026123047
27.705883026123047
24.414934158325195
15.839147567749023
24.60872459411621
21.7005615234375
24.60872459411621
18.199485778808594
18.161624908447266
18.199748992919922
18.2126407623291
18.127296447753906
22.723739624023438
20.921554565429688
22.723739624023438
25.680822372436523
28.437795639038086
25.680822372436523
17.41392707824707
19.113574981689453
29.017009735107422
22.997182846069336
23.719125747680664
20.81232261657715
20.81232261657715
20.81232261657715
29.606605529785156
29.606605529785156
29.606605529785156
29.606605529785156
20.81232261657715
29.606605529785156
20.81232261657715
20.81232261657715
20.81232261657715
20.81232261657715
29.606605529785156
29.606605529785156
29.606605529785156
15.848730087280273
18.551475524902344
24.60872459411621
21.7005615234375
24.60872459411621
16.356281280517578
19.56077766418457
27.705883026123047
24.414934158325195
27.705883026123047
16.782629013061523
27.705883026123047
24.414934158325195
33.63151550292969
33.00412368774414
33.63151550292969
18.4671630859375
28.506637573242188
33.22114944458008
33.22114944458008
20.51192855834961
27.705883026123047
24.414934158325195
27.705883026123047
24.414934158325195
27.705883026123047
22.96476173400879
20.551469802856445
17.921703338623047
26.685739517211914
27.477510452270508
17.356277465820312
27.301239013671875
23.364479064941406
27.301239013671875
25.26345443725586
20.44454002380371
25.26345443725586
16.093088150024414
22.489830017089844
23.29549789428711
23.34789276123047
23.399951934814453
27.301239013671875
23.364479064941406
27.301239013671875
28.992162704467773
29.584592819213867
28.992162704467773
22.77684211730957
22.805492401123047
25.26345443725586
20.44454002380371
25.26345443725586
25.26345443725586
20.44454002380371
27.705883026123047
24.414934158325195
23.206695556640625
21.344219207763672
26.685739517211914
27.477510452270508
26.685739517211914
27.705883026123047
19.925207138061523
23.983863830566406
29.048763275146484
23.983863830566406
31.06527328491211
22.842426300048828
31.06527328491211
31.06527328491211
31.136558532714844
29.307065963745117
31.136558532714844
31.136558532714844
29.307065963745117
40.50608444213867
24.182907104492188
21.836307525634766
23.313262939453125
22.99062728881836
23.313262939453125
26.54724884033203
32.57434844970703
26.54724884033203
20.073326110839844
18.34166145324707
21.99954605102539
21.938976287841797
24.39751434326172
19.585594177246094
31.929773330688477
25.265607833862305
21.836307525634766
21.576833724975586
18.821510314941406
14.922842025756836
20.206336975097656
19.17586326599121
22.088220596313477
16.51449966430664
15.57547378540039
20.81232261657715
20.81232261657715
20.81232261657715
26.795183181762695
21.34980010986328
27.2895450592041
17.957351684570312
20.81232261657715
20.81232261657715
20.81232261657715
20.81232261657715
20.81232261657715
33.98398208618164
25.282934188842773
23.6390323638916
24.556324005126953
31.136558532714844
29.307065963745117
16.032033920288086
31.838712692260742
26.19912338256836
29.84573745727539
16.822771072387695
5.707023620605469
29.84573745727539
5.707023620605469
27.029132843017578
50.37300491333008
5.707023620605469
5.707023620605469
5.707023620605469
5.707023620605469
22.248279571533203
5.707023620605469
5.707023620605469
5.707023620605469
5.707023620605469
5.707023620605469
5.707023620605469
5.707023620605469
5.707023620605469
5.707023620605469
5.707023620605469
17.837688446044922
21.101318359375
29.84573745727539
5.707023620605469
5.707023620605469
17.837688446044922
5.707023620605469
5.707023620605469
5.707023620605469
17.837688446044922
5.707023620605469
5.707023620605469
31.60447120666504
5.707023620605469
5.707023620605469
17.837688446044922
26.132747650146484
17.394893646240234
5.707023620605469
5.707023620605469
17.837688446044922
5.707023620605469
5.707023620605469
5.707023620605469
17.837688446044922
5.707023620605469
5.707023620605469
5.707023620605469
5.707023620605469
17.837688446044922
20.912185668945312
14.868040084838867
5.707023620605469
20.654834747314453
17.431556701660156
5.707023620605469
17.837688446044922
5.707023620605469
5.707023620605469
5.707023620605469
5.707023620605469
17.837688446044922
23.053510665893555
15.180335998535156
5.707023620605469
5.707023620605469
17.837688446044922
27.091777801513672
5.707023620605469
5.707023620605469
20.73902130126953
13.895706176757812
28.15691375732422
12.682882308959961
5.707023620605469
5.707023620605469
17.837688446044922
18.87600326538086
18.87600326538086
20.72589111328125
17.64659881591797
18.87600326538086
17.837688446044922
18.87600326538086
18.87600326538086
17.837688446044922
18.56856918334961
18.56856918334961
26.132747650146484
18.7247257232666
18.56856918334961
18.56856918334961
25.06655502319336
20.291650772094727
25.06655502319336
20.354354858398438
17.837688446044922
19.352331161499023
19.352331161499023
23.721118927001953
24.804235458374023
17.837688446044922
19.352331161499023
19.352331161499023
23.822967529296875
23.023679733276367
13.380172729492188
19.352331161499023
25.993574142456055
17.837688446044922
23.053510665893555
15.738622665405273
29.24764633178711
31.313459396362305
20.101118087768555
21.478734970092773
14.92288589477539
23.721118927001953
18.534412384033203
24.76237678527832
25.93305015563965
14.399919509887695
20.101118087768555
15.43056869506836
25.06655502319336
19.229816436767578
15.888954162597656
15.888954162597656
13.605743408203125
14.034997940063477
28.15691375732422
14.942497253417969
15.056682586669922
14.785650253295898
13.948186874389648
17.837688446044922
14.664024353027344
25.06655502319336
16.839691162109375
20.101118087768555
13.157377243041992
14.301305770874023
13.209407806396484
20.644765853881836
14.034997940063477
15.24986457824707
15.852649688720703
15.000921249389648
14.98794174194336
15.312234878540039
20.644765853881836
15.188772201538086
20.644765853881836
17.837688446044922
20.644765853881836
28.15691375732422
20.755033493041992
20.644765853881836
26.582469940185547
13.608335494995117
13.62590217590332
20.645265579223633
26.58193588256836
24.34879493713379
24.5953311920166
33.16596984863281
30.74863052368164
16.478271484375
16.478271484375
59.67247009277344
16.478271484375
30.74863052368164
16.478271484375
24.571239471435547
21.070310592651367
23.660438537597656
24.07493782043457
36.11688232421875
16.478271484375
16.478271484375
16.478271484375
16.478271484375
16.478271484375
16.478271484375
16.478271484375
16.478271484375
39.940345764160156
16.478271484375
16.478271484375
16.478271484375
16.478271484375
16.478271484375
16.478271484375
16.478271484375
16.478271484375
16.478271484375
16.478271484375
16.478271484375
16.478271484375
16.478271484375
16.478271484375
16.478271484375
16.478271484375
16.478271484375
16.478271484375
16.478271484375
16.478271484375
16.478271484375
16.478271484375
16.478271484375
16.478271484375
16.478271484375
16.478271484375
16.478271484375
16.478271484375
16.478271484375
16.478271484375
16.478271484375
16.478271484375
16.478271484375
16.478271484375
16.478271484375
16.478271484375
16.478271484375
16.478271484375
16.478271484375
16.478271484375
16.478271484375
16.478271484375
16.478271484375
16.478271484375
16.478271484375
16.478271484375
16.478271484375
16.478271484375
16.478271484375
16.478271484375
16.478271484375
16.478271484375
16.478271484375
16.478271484375
16.478271484375
16.478271484375
16.478271484375
16.478271484375
16.478271484375
16.478271484375
51.23809814453125
28.140731811523438
24.59532928466797
25.269245147705078
24.34879493713379
75.00594329833984
29.84573745727539
39.788936614990234
25.06655502319336
14.232820510864258
23.2159481048584
15.436361312866211
20.912185668945312
25.93305206298828
30.211111068725586
26.13275146484375
34.839576721191406
26.03923225402832
31.421443939208984
21.478736877441406
18.35129737854004
20.912185668945312
22.248279571533203
23.72112274169922
29.841758728027344
28.15691566467285
17.34105682373047
25.06655502319336
14.972429275512695
25.06655502319336
17.214689254760742
14.260128021240234
25.06655502319336
20.566621780395508
22.17172622680664
14.503475189208984
26.582468032836914
14.665164947509766
28.703433990478516
25.676292419433594
38.86679458618164
36.333099365234375
28.15691566467285
14.73723030090332
15.635496139526367
14.39143180847168
27.74509048461914
22.248279571533203
14.923749923706055
22.248279571533203
28.15691566467285
28.15691566467285
21.06659698486328
21.06659698486328
20.44917106628418
21.06659698486328
22.082508087158203
13.939573287963867
26.13275146484375
15.264263153076172
39.5201416015625
62.017723083496094
20.912185668945312
19.154712677001953
20.912185668945312
13.703582763671875
28.266786575317383
59.905887603759766
26.582468032836914
15.58006477355957
14.85116195678711
20.912185668945312
16.29486083984375
23.72112274169922
13.20173454284668
13.20173454284668
12.374069213867188
13.20173454284668
25.06655502319336
13.380172729492188
21.700332641601562
22.885602951049805
26.582468032836914
15.660594940185547
25.676292419433594
13.94084358215332
14.11831283569336
25.93305206298828
19.51432991027832
23.72112274169922
12.765890121459961
14.579774856567383
20.525558471679688
25.06655502319336
15.384254455566406
31.60447120666504
26.582468032836914
24.76237678527832
26.582468032836914
14.849281311035156
14.300233840942383
13.580589294433594
14.300233840942383
12.765890121459961
12.824434280395508
14.395889282226562
12.824434280395508
12.824434280395508
12.824434280395508
12.824434280395508
12.824434280395508
26.402252197265625
12.824434280395508
23.72112274169922
12.899286270141602
12.824434280395508
16.56645393371582
28.15691566467285
16.361690521240234
28.15691566467285
14.563941955566406
12.824434280395508
18.09638214111328
12.824434280395508
12.824434280395508
12.824434280395508
14.395889282226562
12.824434280395508
12.825180053710938
12.825180053710938
12.825180053710938
12.825180053710938
12.825180053710938
12.825180053710938
12.825180053710938
12.825180053710938
14.396339416503906
15.15793228149414
12.825180053710938
14.802600860595703
12.825180053710938
14.837188720703125
12.825180053710938
12.825180053710938
14.687524795532227
12.825180053710938
14.837188720703125
14.396339416503906
17.267623901367188
14.061433792114258
20.66790771484375
14.837188720703125
14.837188720703125
