29.217605590820312
31.262441635131836
33.05173873901367
30.768680572509766
30.961341857910156
32.11918258666992
24.312105178833008
37.33591842651367
34.095977783203125
31.352703094482422
25.393625259399414
28.082744598388672
35.059104919433594
25.60696792602539
30.271148681640625
29.263975143432617
35.20088195800781
30.314804077148438
24.959558486938477
32.25657272338867
34.44426345825195
34.59276580810547
35.6738166809082
34.095977783203125
28.406219482421875
25.187990188598633
25.843822479248047
34.24957275390625
32.245765686035156
28.805709838867188
24.974746704101562
30.269563674926758
33.099422454833984
30.43114471435547
30.642507553100586
28.760894775390625
34.095977783203125
30.01190185546875
31.72427749633789
40.284420013427734
28.569700241088867
30.874801635742188
28.121490478515625
24.832340240478516
25.194910049438477
28.194238662719727
25.808109283447266
28.219331741333008
29.61520767211914
30.04364013671875
28.4999942779541
34.978858947753906
32.65021896362305
34.3928337097168
31.963361740112305
27.858013153076172
30.642507553100586
30.269563674926758
31.001930236816406
37.525909423828125
24.945144653320312
36.688995361328125
31.313030242919922
31.262441635131836
36.52532196044922
30.926624298095703
31.27269744873047
28.930789947509766
34.998779296875
30.642507553100586
33.55832290649414
41.28473663330078
36.385921478271484
31.55259895324707
30.388370513916016
31.743125915527344
30.351417541503906
29.733354568481445
32.320499420166016
29.401859283447266
30.314760208129883
34.27589797973633
36.83915710449219
31.77899742126465
36.52532196044922
31.11663246154785
24.590349197387695
28.523752212524414
35.03953552246094
34.38393020629883
30.056991577148438
37.33591842651367
32.950828552246094
36.688995361328125
32.545654296875
32.36110305786133
34.59318923950195
31.313030242919922
34.59276580810547
34.44426345825195
30.628955841064453
26.342327117919922
34.027313232421875
30.319904327392578
33.453094482421875
30.607465744018555
27.922670364379883
29.180980682373047
32.683937072753906
25.461597442626953
30.57499122619629
31.11663246154785
29.931949615478516
28.906021118164062
36.646690368652344
33.154483795166016
29.931949615478516
30.321430206298828
27.858112335205078
24.984622955322266
35.017417907714844
34.38393020629883
25.726560592651367
30.462749481201172
35.6738166809082
33.99092483520508
25.235294342041016
34.44426345825195
32.04228210449219
30.01375389099121
28.983097076416016
24.813657760620117
33.099422454833984
26.277790069580078
34.33922576904297
30.33743667602539
29.039104461669922
35.08101272583008
28.519535064697266
29.995145797729492
33.5125846862793
24.612016677856445
33.08710861206055
32.36110305786133
32.228302001953125
24.29863929748535
31.77899742126465
36.06454086303711
29.330373764038086
28.194238662719727
31.026569366455078
35.6738166809082
29.976533889770508
33.154483795166016
34.28145217895508
34.43091583251953
30.16533851623535
27.858013153076172
24.227161407470703
29.661836624145508
30.321430206298828
33.28954315185547
30.03559684753418
34.027313232421875
29.852161407470703
25.848560333251953
27.37999725341797
32.2897834777832
30.269563674926758
36.688995361328125
28.331497192382812
33.099422454833984
25.617422103881836
33.40217590332031
34.38393020629883
31.697431564331055
31.467994689941406
32.86284637451172
36.395328521728516
27.177261352539062
33.72496795654297
29.46398162841797
31.935258865356445
34.978858947753906
37.33591842651367
28.51983070373535
38.051734924316406
36.688995361328125
33.492774963378906
37.33591842651367
24.29863929748535
30.628955841064453
24.873882293701172
26.881067276000977
29.747657775878906
25.454753875732422
36.395328521728516
32.550540924072266
30.642507553100586
30.867612838745117
30.642507553100586
30.603439331054688
31.78059196472168
34.027313232421875
30.257213592529297
32.36110305786133
37.33591842651367
31.111404418945312
27.858013153076172
33.422218322753906
29.85162353515625
34.38393020629883
28.13145637512207
29.813037872314453
30.43201446533203
28.064102172851562
35.99171829223633
33.492774963378906
32.368743896484375
30.636680603027344
28.256004333496094
36.688995361328125
33.60353088378906
27.425289154052734
27.839981079101562
37.238040924072266
36.52532196044922
47.52597427368164
32.30865478515625
29.995145797729492
28.739215850830078
30.321430206298828
33.099422454833984
32.63233947753906
24.759933471679688
33.896324157714844
40.390716552734375
34.263038635253906
27.05491828918457
35.99171829223633
30.284183502197266
27.858013153076172
37.74580001831055
24.916122436523438
26.322065353393555
36.52532196044922
24.946727752685547
33.55832290649414
29.868892669677734
25.01833724975586
24.984622955322266
38.044586181640625
26.29508399963379
28.261621475219727
28.194841384887695
29.217605590820312
32.36110305786133
30.319904327392578
31.640588760375977
32.15190505981445
37.1722526550293
32.82930374145508
28.777530670166016
29.813037872314453
36.52532196044922
27.56658172607422
31.278606414794922
36.381526947021484
31.335182189941406
28.44658851623535
34.095977783203125
34.582584381103516
24.926074981689453
27.365943908691406
30.319904327392578
29.20943832397461
29.039104461669922
28.451305389404297
37.525909423828125
29.607046127319336
30.642507553100586
34.07227325439453
34.43091583251953
25.056028366088867
25.57721710205078
27.64681625366211
29.217605590820312
28.194238662719727
29.607046127319336
32.03337860107422
31.78059196472168
35.6738166809082
30.462749481201172
32.228302001953125
29.931949615478516
30.57620620727539
31.828094482421875
29.180980682373047
28.646488189697266
25.941631317138672
31.751821517944336
32.184017181396484
28.845230102539062
30.435426712036133
29.36229705810547
30.284183502197266
33.40217590332031
35.724430084228516
35.20088195800781
28.805709838867188
28.406219482421875
29.747657775878906
24.29863929748535
30.628955841064453
32.173561096191406
31.262441635131836
29.931949615478516
30.319904327392578
24.21883773803711
27.365943908691406
34.978858947753906
35.6738166809082
29.23296546936035
24.62822723388672
34.43091583251953
34.095977783203125
34.3928337097168
32.617557525634766
37.33591842651367
27.365943908691406
37.53273010253906
29.733354568481445
33.179264068603516
35.20088195800781
27.57790184020996
30.628955841064453
32.990516662597656
30.43114471435547
30.271148681640625
26.964637756347656
32.368743896484375
36.52532196044922
34.59318923950195
31.828094482421875
35.6738166809082
32.34844207763672
36.52532196044922
36.381526947021484
30.459030151367188
30.16533851623535
30.269563674926758
28.13145637512207
31.84211540222168
32.288780212402344
36.440223693847656
27.78281021118164
28.261621475219727
30.319904327392578
37.806610107421875
30.269563674926758
30.628955841064453
37.806610107421875
29.633710861206055
24.99372100830078
31.903654098510742
33.896324157714844
34.43091583251953
37.68651580810547
25.274677276611328
32.81425476074219
31.179380416870117
34.67205047607422
28.577098846435547
30.269563674926758
38.397056579589844
37.57282257080078
27.814041137695312
27.26652717590332
28.805709838867188
31.285350799560547
24.45233154296875
30.37937355041504
30.642507553100586
33.08710861206055
32.8572998046875
34.72265625
33.24618148803711
30.26926612854004
32.54522705078125
36.52543640136719
37.80648422241211
29.80986785888672
25.467247009277344
34.38432312011719
34.430885314941406
34.06089401245117
36.437618255615234
32.96521759033203
28.406352996826172
32.36100387573242
37.60563659667969
29.06937026977539
29.06937026977539
36.25008773803711
36.25008773803711
36.25008773803711
33.47403335571289
36.58466339111328
38.7366943359375
31.528850555419922
35.30607604980469
41.273460388183594
51.09906768798828
49.93695068359375
34.14618682861328
33.77911376953125
33.65771484375
34.50241470336914
32.735984802246094
34.14606475830078
33.888465881347656
35.48368453979492
35.48368453979492
32.80863952636719
35.48368453979492
31.51591682434082
33.414207458496094
37.01705551147461
38.96271514892578
39.20072555541992
40.70248031616211
38.45135498046875
37.78709411621094
38.318763732910156
55.00466537475586
52.673828125
53.50109100341797
24.773040771484375
36.65226745605469
38.40209197998047
55.12510299682617
52.673828125
38.29067611694336
52.673828125
37.77429962158203
52.673828125
52.673828125
52.673828125
52.673828125
52.673828125
52.673828125
52.673828125
52.673828125
52.673828125
52.673828125
52.673828125
52.673828125
52.673828125
52.673828125
52.673828125
52.673828125
52.673828125
52.673828125
38.182769775390625
38.3433837890625
38.49287796020508
38.308387756347656
38.67766571044922
38.94401931762695
37.94486618041992
38.435516357421875
38.72978210449219
32.25070571899414
32.25070571899414
32.188270568847656
48.01335144042969
34.27781677246094
33.91231918334961
30.769901275634766
33.928714752197266
33.91231918334961
29.429737091064453
33.70052719116211
29.25922393798828
31.528366088867188
26.243022918701172
25.248699188232422
34.64850997924805
37.525909423828125
37.525909423828125
24.170494079589844
24.566028594970703
23.764192581176758
36.267337799072266
36.267337799072266
34.64850997924805
35.54627990722656
24.521015167236328
33.8253173828125
25.475845336914062
68.89160919189453
26.964250564575195
31.528850555419922
39.73488235473633
33.3524169921875
33.04448699951172
33.91231918334961
34.1788444519043
28.930789947509766
33.82460021972656
34.74402618408203
34.077796936035156
34.74402618408203
31.065383911132812
37.067569732666016
33.02906036376953
33.4871826171875
32.402793884277344
35.85710906982422
39.12284851074219
35.4065055847168
36.80393600463867
35.65089416503906
29.77996063232422
30.809669494628906
29.011634826660156
30.67013168334961
32.31016540527344
26.675607681274414
32.34435272216797
36.80895233154297
32.06383514404297
25.60128402709961
27.507328033447266
30.179779052734375
27.149723052978516
27.895402908325195
32.84336471557617
27.663002014160156
33.76742935180664
27.79728126525879
26.16388511657715
36.134796142578125
30.554086685180664
27.179275512695312
25.796096801757812
24.205453872680664
29.813905715942383
27.905216217041016
27.905216217041016
27.905216217041016
29.813905715942383
29.813905715942383
37.671478271484375
37.671478271484375
29.093162536621094
29.093162536621094
29.813905715942383
38.107818603515625
38.336265563964844
29.707134246826172
26.784055709838867
27.905216217041016
24.866241455078125
38.92436981201172
34.93476104736328
25.52951431274414
25.959354400634766
27.490373611450195
25.94089126586914
26.784055709838867
26.02311134338379
25.213054656982422
25.966154098510742
27.179275512695312
27.179275512695312
27.179275512695312
30.179779052734375
27.850269317626953
28.70241355895996
28.246623992919922
29.813905715942383
25.96888542175293
24.205453872680664
24.205453872680664
29.813905715942383
31.81621551513672
32.48744583129883
29.627092361450195
27.179275512695312
30.179779052734375
29.39984893798828
27.179275512695312
26.784055709838867
25.490854263305664
29.56290054321289
28.994102478027344
29.54461669921875
30.179779052734375
27.933563232421875
29.490318298339844
27.58033561706543
32.46464538574219
26.238161087036133
32.98230743408203
26.880434036254883
25.688800811767578
33.8151969909668
30.179779052734375
27.179275512695312
27.159690856933594
31.332048416137695
28.293174743652344
32.175750732421875
31.546451568603516
26.848472595214844
30.179779052734375
26.06382179260254
32.45421600341797
34.98131561279297
31.219669342041016
34.40959167480469
34.782691955566406
34.61385726928711
31.008773803710938
34.63336181640625
34.978553771972656
32.52494430541992
33.3524169921875
29.991901397705078
35.211585998535156
35.65089416503906
36.80895233154297
32.06383514404297
32.34435272216797
32.06383514404297
30.67013168334961
29.011634826660156
30.67013168334961
27.02998161315918
27.32147789001465
26.40242576599121
30.809669494628906
29.77996063232422
30.809669494628906
45.0626220703125
38.92436981201172
62.44021987915039
30.812002182006836
29.426742553710938
30.812002182006836
26.011377334594727
30.812002182006836
29.426742553710938
30.812002182006836
26.187923431396484
31.38570213317871
27.743892669677734
25.93539810180664
32.27006149291992
31.695009231567383
32.3818359375
35.657981872558594
31.326261520385742
35.657981872558594
35.657981872558594
31.326261520385742
24.42720603942871
32.590492248535156
29.392850875854492
32.590492248535156
32.5365104675293
32.43024444580078
32.30980682373047
32.20411682128906
32.08308792114258
32.03337860107422
28.682689666748047
32.03337860107422
32.56575393676758
35.03243637084961
32.56575393676758
30.83419418334961
26.47467803955078
36.605037689208984
31.535066604614258
30.308631896972656
29.093162536621094
29.093162536621094
29.093162536621094
37.671478271484375
37.671478271484375
37.671478271484375
37.671478271484375
29.093162536621094
37.671478271484375
29.093162536621094
29.093162536621094
29.093162536621094
29.093162536621094
37.671478271484375
37.671478271484375
37.671478271484375
24.517526626586914
27.55779457092285
32.590492248535156
29.392850875854492
32.590492248535156
30.76782989501953
26.723445892333984
35.657981872558594
31.326261520385742
35.657981872558594
29.195974349975586
35.657981872558594
31.326261520385742
38.014686584472656
37.2932243347168
38.014686584472656
27.647947311401367
32.66917419433594
34.98569869995117
34.98569869995117
26.99688720703125
35.657981872558594
31.326261520385742
35.657981872558594
31.326261520385742
35.657981872558594
29.607181549072266
27.521968841552734
25.79644775390625
36.32673263549805
35.8566780090332
25.879932403564453
34.66706848144531
31.12802505493164
34.66706848144531
32.545654296875
30.07355499267578
32.545654296875
26.320148468017578
30.723430633544922
30.203081130981445
31.476055145263672
28.801727294921875
34.66706848144531
31.12802505493164
34.66706848144531
37.2647819519043
37.525909423828125
37.2647819519043
29.284008026123047
28.605255126953125
32.545654296875
30.07355499267578
32.545654296875
32.545654296875
30.07355499267578
35.657981872558594
31.326261520385742
28.398433685302734
28.738033294677734
36.32673263549805
35.8566780090332
36.32673263549805
35.657981872558594
26.6171875
31.816143035888672
31.078641891479492
31.816143035888672
35.32337188720703
29.195066452026367
35.32337188720703
35.32337188720703
38.336265563964844
38.107818603515625
38.336265563964844
38.336265563964844
38.107818603515625
38.44773483276367
29.756229400634766
29.832839965820312
30.81756591796875
30.662416458129883
30.81756591796875
34.93476104736328
38.92436981201172
34.93476104736328
27.46225357055664
27.803226470947266
30.035173416137695
29.426000595092773
31.004070281982422
27.898468017578125
32.88380813598633
30.968135833740234
29.832839965820312
29.65011978149414
26.163333892822266
23.99679946899414
28.246623992919922
27.643596649169922
30.977584838867188
25.602270126342773
24.042633056640625
29.093162536621094
29.093162536621094
29.093162536621094
32.12943649291992
30.63408851623535
34.13866424560547
25.696361541748047
29.093162536621094
29.093162536621094
29.093162536621094
29.093162536621094
29.093162536621094
34.64850997924805
30.366775512695312
29.487667083740234
28.029943466186523
38.336265563964844
38.107818603515625
24.55185317993164
35.08101272583008
32.49119567871094
36.84856033325195
26.99233055114746
27.964317321777344
36.84856033325195
27.964317321777344
37.859527587890625
47.87551498413086
27.964317321777344
27.964317321777344
27.964317321777344
27.964317321777344
30.898229598999023
27.964317321777344
27.964317321777344
27.964317321777344
27.964317321777344
27.964317321777344
27.964317321777344
27.964317321777344
27.964317321777344
27.964317321777344
27.964317321777344
28.410205841064453
33.917545318603516
36.84856033325195
27.964317321777344
27.964317321777344
28.410205841064453
27.964317321777344
27.964317321777344
27.964317321777344
28.410205841064453
27.964317321777344
27.964317321777344
34.08852767944336
27.964317321777344
27.964317321777344
28.410205841064453
33.00324249267578
26.790409088134766
27.964317321777344
27.964317321777344
28.410205841064453
27.964317321777344
27.964317321777344
27.964317321777344
28.410205841064453
27.964317321777344
27.964317321777344
27.964317321777344
27.964317321777344
28.410205841064453
28.813337326049805
25.058935165405273
27.964317321777344
27.81666374206543
27.406143188476562
27.964317321777344
28.410205841064453
27.964317321777344
27.964317321777344
27.964317321777344
27.964317321777344
28.410205841064453
31.816143035888672
25.733238220214844
27.964317321777344
27.964317321777344
28.410205841064453
27.91936492919922
27.964317321777344
27.964317321777344
27.568159103393555
24.371341705322266
36.95389175415039
24.099895477294922
27.964317321777344
27.964317321777344
28.410205841064453
28.68549346923828
28.68549346923828
30.37580108642578
25.099544525146484
28.68549346923828
28.410205841064453
28.68549346923828
28.68549346923828
28.410205841064453
28.355484008789062
28.355484008789062
33.00324249267578
26.983659744262695
28.355484008789062
28.355484008789062
34.22744369506836
27.048038482666016
34.22744369506836
25.891536712646484
28.410205841064453
28.555782318115234
28.555782318115234
32.635345458984375
29.044906616210938
28.410205841064453
28.555782318115234
28.555782318115234
31.510190963745117
27.989559173583984
24.09156036376953
28.555782318115234
32.021217346191406
28.410205841064453
31.816143035888672
25.56235122680664
32.78650665283203
34.401092529296875
28.745037078857422
30.704421997070312
24.840251922607422
32.635345458984375
25.939727783203125
31.528850555419922
30.8619384765625
24.376346588134766
28.745037078857422
24.082942962646484
34.22744369506836
26.01772689819336
24.967315673828125
24.967315673828125
23.73710823059082
24.500057220458984
36.95389175415039
24.49506187438965
24.31917953491211
24.735918045043945
23.85218048095703
28.410205841064453
24.226633071899414
34.22744369506836
26.30477523803711
28.745037078857422
23.7304744720459
24.58806037902832
23.875659942626953
28.82724380493164
24.500057220458984
24.892820358276367
24.996179580688477
24.604110717773438
24.457576751708984
24.590438842773438
28.82724380493164
24.659883499145508
28.82724380493164
28.410205841064453
28.82724380493164
36.95389175415039
26.600339889526367
28.82724380493164
34.26533508300781
23.728614807128906
24.03600311279297
28.827640533447266
34.2649040222168
31.900794982910156
32.2327995300293
33.598472595214844
33.14408874511719
28.743730545043945
28.743730545043945
55.514007568359375
28.743730545043945
33.14408874511719
28.743730545043945
30.807842254638672
29.55835723876953
29.0250301361084
27.90306282043457
39.308189392089844
28.743730545043945
28.743730545043945
28.743730545043945
28.743730545043945
28.743730545043945
28.743730545043945
28.743730545043945
28.743730545043945
39.00347900390625
28.743730545043945
28.743730545043945
28.743730545043945
28.743730545043945
28.743730545043945
28.743730545043945
28.743730545043945
28.743730545043945
28.743730545043945
28.743730545043945
28.743730545043945
28.743730545043945
28.743730545043945
28.743730545043945
28.743730545043945
28.743730545043945
28.743730545043945
28.743730545043945
28.743730545043945
28.743730545043945
28.743730545043945
28.743730545043945
28.743730545043945
28.743730545043945
28.743730545043945
28.743730545043945
28.743730545043945
28.743730545043945
28.743730545043945
28.743730545043945
28.743730545043945
28.743730545043945
28.743730545043945
28.743730545043945
28.743730545043945
28.743730545043945
28.743730545043945
28.743730545043945
28.743730545043945
28.743730545043945
28.743730545043945
28.743730545043945
28.743730545043945
28.743730545043945
28.743730545043945
28.743730545043945
28.743730545043945
28.743730545043945
28.743730545043945
28.743730545043945
28.743730545043945
28.743730545043945
28.743730545043945
28.743730545043945
28.743730545043945
28.743730545043945
28.743730545043945
28.743730545043945
28.743730545043945
28.743730545043945
55.027366638183594
31.628263473510742
32.2327995300293
31.33510971069336
31.900793075561523
65.70861053466797
36.84856033325195
37.165016174316406
34.227447509765625
24.645851135253906
30.32384490966797
25.057392120361328
28.813337326049805
30.8619384765625
38.11736297607422
33.00324249267578
40.10198211669922
35.839046478271484
38.667381286621094
30.704421997070312
28.331777572631836
28.813337326049805
30.898231506347656
32.635345458984375
37.38175964355469
36.95389175415039
24.9503231048584
34.227447509765625
25.232460021972656
34.227447509765625
25.385774612426758
23.87484359741211
34.227447509765625
28.35304069519043
28.843544006347656
23.668596267700195
34.26533126831055
24.899616241455078
32.80158996582031
32.36166763305664
37.25109100341797
36.396270751953125
36.95389175415039
24.903560638427734
25.52390480041504
23.77273941040039
37.32698059082031
30.898231506347656
24.839553833007812
30.898231506347656
36.95389175415039
36.95389175415039
26.425758361816406
26.425758361816406
27.01792335510254
26.425758361816406
30.55305290222168
23.60118865966797
33.00324249267578
25.378101348876953
39.55586242675781
61.4926872253418
28.813337326049805
27.187028884887695
28.813337326049805
23.306278228759766
31.3773193359375
67.523193359375
34.26533126831055
25.236129760742188
24.496219635009766
28.813337326049805
24.73986053466797
32.635345458984375
24.402116775512695
24.402116775512695
23.690120697021484
24.402116775512695
34.227447509765625
24.0915584564209
29.64771270751953
30.543983459472656
34.26533126831055
24.582618713378906
32.36166763305664
23.663047790527344
24.094661712646484
30.8619384765625
27.878738403320312
32.635345458984375
23.899147033691406
23.98711395263672
29.133371353149414
34.227447509765625
24.21585464477539
34.088523864746094
34.26533126831055
31.528850555419922
34.26533126831055
24.083316802978516
24.142887115478516
23.95123291015625
24.142887115478516
23.899147033691406
24.018085479736328
24.733577728271484
24.018085479736328
24.018085479736328
24.018085479736328
24.018085479736328
24.018085479736328
33.03007888793945
24.018085479736328
32.635345458984375
24.045719146728516
24.018085479736328
24.875751495361328
36.95389175415039
24.92665672302246
36.95389175415039
23.551475524902344
24.018085479736328
25.191158294677734
24.018085479736328
24.018085479736328
24.018085479736328
24.733577728271484
24.018085479736328
24.01852035522461
24.01852035522461
24.01852035522461
24.01852035522461
24.01852035522461
24.01852035522461
24.01852035522461
24.01852035522461
24.73373794555664
23.99492835998535
24.01852035522461
24.17949676513672
24.01852035522461
24.37523078918457
24.01852035522461
24.01852035522461
24.087631225585938
24.01852035522461
24.37523078918457
24.73373794555664
26.847328186035156
24.122238159179688
27.50177764892578
24.37523078918457
24.37523078918457
