14.089607238769531
14.405309677124023
23.394161224365234
16.211620330810547
17.402713775634766
19.037704467773438
5.753671646118164
18.406036376953125
20.982927322387695
19.41938018798828
7.879695892333984
14.426010131835938
31.084705352783203
5.687656402587891
13.797733306884766
16.908859252929688
23.464263916015625
15.89409065246582
10.526409149169922
17.539485931396484
19.04474449157715
20.32076644897461
16.199277877807617
20.982927322387695
14.165975570678711
5.850687026977539
15.872865676879883
18.784160614013672
21.176158905029297
15.194454193115234
6.9379425048828125
12.290714263916016
17.757139205932617
13.009435653686523
12.732749938964844
15.265691757202148
20.982927322387695
10.66656494140625
17.8098087310791
37.25471496582031
23.629404067993164
27.9508113861084
10.352516174316406
9.236736297607422
5.510400772094727
13.738866806030273
6.4283447265625
13.115510940551758
13.197687149047852
15.124052047729492
14.352636337280273
20.604339599609375
23.699886322021484
18.188072204589844
18.641357421875
13.19485855102539
12.732749938964844
12.290714263916016
19.275968551635742
21.855396270751953
5.848407745361328
23.457378387451172
13.625869750976562
14.405309677124023
19.503742218017578
16.361526489257812
16.107492446899414
5.00843620300293
27.25343894958496
12.732749938964844
18.05389976501465
27.6740779876709
19.540727615356445
16.72006607055664
15.901565551757812
15.631355285644531
8.363761901855469
15.555522918701172
17.939292907714844
9.87542724609375
18.196088790893555
25.326099395751953
22.5784912109375
18.396976470947266
19.503742218017578
22.21961784362793
6.551855087280273
14.098899841308594
19.412931442260742
19.42441749572754
16.244800567626953
18.406036376953125
20.522972106933594
23.457378387451172
17.753692626953125
22.88365936279297
18.238544464111328
13.625869750976562
20.32076644897461
19.04474449157715
13.480659484863281
8.692955017089844
21.404001235961914
13.82364273071289
20.730422973632812
15.479581832885742
13.836181640625
15.790679931640625
20.229755401611328
6.145885467529297
9.118232727050781
22.21961784362793
16.126466751098633
15.98834228515625
21.04596710205078
18.05283546447754
16.126466751098633
16.314794540405273
16.56097412109375
5.508220672607422
26.484638214111328
19.42441749572754
7.412456512451172
20.689311981201172
16.199277877807617
18.74461555480957
10.236629486083984
19.04474449157715
14.58441162109375
16.523412704467773
12.469341278076172
5.861042022705078
17.757139205932617
12.801839828491211
30.288169860839844
16.607332229614258
13.715648651123047
26.979454040527344
11.251121520996094
16.922304153442383
20.679542541503906
8.174976348876953
18.030874252319336
22.88365936279297
17.292505264282227
7.4180755615234375
18.396976470947266
27.295005798339844
13.245098114013672
13.738866806030273
17.66135597229004
16.199277877807617
15.871271133422852
18.05283546447754
18.265844345092773
17.11954116821289
17.2747802734375
13.19485855102539
6.021015167236328
15.546257019042969
16.314794540405273
22.41273307800293
12.342689514160156
21.404001235961914
12.067123413085938
6.495220184326172
13.021739959716797
16.970876693725586
12.290714263916016
23.457378387451172
14.292560577392578
17.757139205932617
7.69178581237793
21.09218978881836
19.42441749572754
16.847938537597656
15.333063125610352
16.336864471435547
19.959983825683594
9.504159927368164
18.945354461669922
11.528778076171875
16.9511775970459
20.604339599609375
18.406036376953125
9.638591766357422
22.660057067871094
23.457378387451172
18.81813621520996
18.406036376953125
7.4180755615234375
13.480659484863281
7.847156524658203
8.799808502197266
14.739944458007812
9.927412033081055
19.959983825683594
17.957584381103516
12.732749938964844
13.453041076660156
12.732749938964844
22.360750198364258
17.391040802001953
21.404001235961914
15.25461196899414
22.88365936279297
18.406036376953125
15.5257568359375
13.19485855102539
25.05832290649414
14.989055633544922
19.42441749572754
11.822408676147461
21.231822967529297
21.7166748046875
15.659431457519531
18.947158813476562
18.81813621520996
18.999786376953125
16.133190155029297
14.155765533447266
23.457378387451172
17.079029083251953
17.25483512878418
13.32099723815918
20.648637771606445
19.503742218017578
50.165435791015625
25.528207778930664
16.922304153442383
12.57136344909668
16.314794540405273
17.757139205932617
16.75739860534668
5.463966369628906
28.698144912719727
47.622276306152344
16.498958587646484
17.277694702148438
18.947158813476562
13.767940521240234
13.19485855102539
18.58085060119629
7.06622314453125
9.714454650878906
19.503742218017578
7.149295806884766
18.05389976501465
7.903705596923828
6.753202438354492
5.508220672607422
33.801536560058594
10.50815200805664
12.155071258544922
13.318086624145508
14.089607238769531
22.88365936279297
13.82364273071289
13.444375991821289
15.326396942138672
25.615352630615234
16.348636627197266
17.78803062438965
21.231822967529297
19.503742218017578
11.990467071533203
13.774909973144531
24.154617309570312
19.56796646118164
14.988977432250977
20.982927322387695
19.63837242126465
4.9395904541015625
13.135360717773438
13.82364273071289
17.05369758605957
13.715648651123047
15.455078125
21.855396270751953
14.821582794189453
12.732749938964844
20.31468391418457
17.11954116821289
7.766242980957031
6.074535369873047
17.249910354614258
14.089607238769531
13.738866806030273
14.821582794189453
14.448066711425781
17.391040802001953
16.199277877807617
20.689311981201172
17.292505264282227
16.126466751098633
15.237831115722656
21.225955963134766
15.790679931640625
14.69778060913086
9.30645751953125
24.606468200683594
16.882902145385742
13.706298828125
21.967533111572266
15.36358642578125
13.767940521240234
21.09218978881836
21.03170394897461
23.464263916015625
15.194454193115234
14.165975570678711
14.739944458007812
7.4180755615234375
13.480659484863281
19.180471420288086
14.405309677124023
16.126466751098633
13.82364273071289
5.585597991943359
13.135360717773438
20.604339599609375
16.199277877807617
39.77754211425781
7.211418151855469
17.11954116821289
20.982927322387695
18.188072204589844
20.78199005126953
18.406036376953125
13.135360717773438
27.353551864624023
15.555522918701172
18.69084358215332
23.464263916015625
13.601802825927734
13.480659484863281
16.753631591796875
13.009435653686523
13.797733306884766
11.902957916259766
18.999786376953125
19.503742218017578
18.238544464111328
21.225955963134766
16.199277877807617
20.89053726196289
19.503742218017578
24.154617309570312
13.673381805419922
17.2747802734375
12.290714263916016
11.822408676147461
16.577651977539062
17.07537078857422
19.43226432800293
14.179737091064453
12.155071258544922
13.82364273071289
25.830581665039062
12.290714263916016
13.480659484863281
25.830581665039062
14.815746307373047
8.747966766357422
16.954421997070312
28.698144912719727
17.11954116821289
23.513519287109375
7.930511474609375
17.97087860107422
14.277677536010742
20.47739601135254
13.478923797607422
12.290714263916016
49.77619171142578
20.873289108276367
13.64010238647461
15.330202102661133
15.194454193115234
16.641141891479492
8.600547790527344
11.884918212890625
12.732749938964844
18.030874252319336
22.020565032958984
16.2130126953125
29.08161163330078
12.290363311767578
17.752635955810547
19.504003524780273
25.830278396606445
12.467512130737305
9.423938751220703
19.42488670349121
17.119144439697266
23.011754989624023
30.414627075195312
17.679553985595703
14.16598892211914
22.883831024169922
28.583375930786133
19.919511795043945
19.919511795043945
23.340248107910156
23.340248107910156
23.340248107910156
24.646278381347656
26.33588218688965
36.362159729003906
18.905380249023438
25.55636978149414
33.57408905029297
54.17980194091797
42.284210205078125
28.42296600341797
19.934688568115234
20.425447463989258
22.075862884521484
18.12343978881836
21.172292709350586
19.935089111328125
27.349763870239258
27.349763870239258
20.664194107055664
27.349763870239258
20.06085205078125
21.640995025634766
35.794212341308594
16.982379913330078
41.69110107421875
29.451122283935547
16.17766571044922
32.991722106933594
16.107769012451172
20.462406158447266
17.620723724365234
18.445178985595703
7.699581146240234
14.919754028320312
16.087265014648438
24.573986053466797
17.620723724365234
39.94001770019531
17.620723724365234
29.532169342041016
17.620723724365234
17.620723724365234
17.620723724365234
17.620723724365234
17.620723724365234
17.620723724365234
17.620723724365234
17.620723724365234
17.620723724365234
17.620723724365234
17.620723724365234
17.620723724365234
17.620723724365234
17.620723724365234
17.620723724365234
17.620723724365234
17.620723724365234
17.620723724365234
15.95867919921875
15.947025299072266
16.124088287353516
16.106464385986328
21.434368133544922
16.402973175048828
15.909378051757812
16.165870666503906
38.64532470703125
23.053218841552734
23.053218841552734
17.767269134521484
39.10308074951172
13.349132537841797
12.156068801879883
14.974100112915039
12.288766860961914
12.156068801879883
16.02022933959961
11.914508819580078
13.715753555297852
16.892595291137695
11.644670486450195
7.294654846191406
31.293561935424805
21.855396270751953
21.855396270751953
6.921848297119141
6.780975341796875
4.4542388916015625
35.079833984375
35.079833984375
31.293561935424805
20.036828994750977
5.253574371337891
26.73947525024414
8.728042602539062
57.11703872680664
11.817680358886719
18.905380249023438
43.68412780761719
13.287986755371094
23.84950065612793
12.156068801879883
13.00564193725586
5.00843620300293
12.228799819946289
14.913381576538086
13.071502685546875
14.913381576538086
21.600685119628906
18.424259185791016
16.609697341918945
15.330341339111328
14.502708435058594
22.626258850097656
26.425125122070312
18.307968139648438
17.94075584411621
20.90087127685547
11.570232391357422
12.236230850219727
16.147899627685547
14.921619415283203
12.91705322265625
10.599006652832031
17.818220138549805
23.27391242980957
17.66229248046875
5.9515533447265625
8.927684783935547
18.216079711914062
8.105144500732422
9.290599822998047
21.510887145996094
8.834266662597656
17.279863357543945
13.958293914794922
7.927425384521484
28.65465545654297
15.710800170898438
11.25808334350586
6.649415969848633
7.301248550415039
17.30069351196289
13.925716400146484
13.925716400146484
13.925716400146484
17.30069351196289
17.30069351196289
20.64352035522461
20.64352035522461
12.507827758789062
12.507827758789062
17.30069351196289
19.73613929748535
23.886821746826172
15.1241455078125
10.038702011108398
13.925716400146484
6.379993438720703
22.744831085205078
17.75515365600586
6.105993270874023
7.567493438720703
9.182962417602539
7.595211029052734
10.038702011108398
8.017940521240234
6.135622024536133
11.212017059326172
11.25808334350586
11.25808334350586
11.25808334350586
18.216079711914062
9.415847778320312
12.90932846069336
13.0025634765625
17.30069351196289
9.998645782470703
7.301248550415039
7.301248550415039
17.30069351196289
15.714153289794922
12.951919555664062
8.46966552734375
11.25808334350586
18.216079711914062
22.709022521972656
11.25808334350586
10.038702011108398
6.636848449707031
14.519247055053711
13.797964096069336
14.369815826416016
18.216079711914062
11.266921997070312
9.053863525390625
14.06686019897461
17.094289779663086
8.598508834838867
17.6280574798584
12.044921875
6.471931457519531
24.437868118286133
18.216079711914062
11.25808334350586
8.099502563476562
18.594913482666016
13.610786437988281
18.305849075317383
16.157424926757812
12.736593246459961
18.216079711914062
8.371452331542969
30.266277313232422
16.722694396972656
15.68643569946289
13.471124649047852
13.381448745727539
15.509872436523438
16.183855056762695
13.05691146850586
14.877803802490234
23.911157608032227
13.287986755371094
14.988912582397461
21.611343383789062
20.90087127685547
23.27391242980957
17.66229248046875
17.818220138549805
17.66229248046875
14.921619415283203
16.147899627685547
14.921619415283203
10.820032119750977
11.675407409667969
9.391487121582031
12.236230850219727
11.570232391357422
12.236230850219727
40.42039108276367
22.744831085205078
62.704429626464844
16.2388916015625
14.265003204345703
16.2388916015625
8.73370361328125
16.2388916015625
14.265003204345703
16.2388916015625
8.994247436523438
26.931957244873047
17.03561782836914
10.588592529296875
16.49347686767578
14.551094055175781
15.304649353027344
22.2525634765625
17.499174118041992
22.2525634765625
22.2525634765625
17.499174118041992
7.198219299316406
17.15347671508789
14.693374633789062
17.15347671508789
12.838871002197266
13.240509033203125
13.382259368896484
12.568794250488281
13.488761901855469
14.448066711425781
13.787864685058594
14.448066711425781
17.784326553344727
21.702091217041016
17.784326553344727
12.196712493896484
11.100395202636719
20.154130935668945
16.259801864624023
15.312564849853516
12.507827758789062
12.507827758789062
12.507827758789062
20.64352035522461
20.64352035522461
20.64352035522461
20.64352035522461
12.507827758789062
20.64352035522461
12.507827758789062
12.507827758789062
12.507827758789062
12.507827758789062
20.64352035522461
20.64352035522461
20.64352035522461
7.56329345703125
9.742712020874023
17.15347671508789
14.693374633789062
17.15347671508789
10.002899169921875
13.468717575073242
22.2525634765625
17.499174118041992
22.2525634765625
12.171993255615234
22.2525634765625
17.499174118041992
26.082107543945312
25.27376365661621
26.082107543945312
9.113744735717773
22.120792388916016
28.02603530883789
28.02603530883789
14.033004760742188
22.2525634765625
17.499174118041992
22.2525634765625
17.499174118041992
22.2525634765625
18.781906127929688
12.79885482788086
10.109458923339844
17.280948638916016
18.567432403564453
8.670646667480469
20.00214195251465
16.459918975830078
20.00214195251465
17.753692626953125
12.128196716308594
17.753692626953125
7.663145065307617
15.264747619628906
16.17828369140625
16.135509490966797
16.2457332611084
20.00214195251465
16.459918975830078
20.00214195251465
20.960731506347656
21.855396270751953
20.960731506347656
19.065021514892578
16.616762161254883
17.753692626953125
12.128196716308594
17.753692626953125
17.753692626953125
12.128196716308594
22.2525634765625
17.499174118041992
17.243074417114258
12.603879928588867
17.280948638916016
18.567432403564453
17.280948638916016
22.2525634765625
13.798093795776367
17.17896842956543
26.253732681274414
17.17896842956543
24.751968383789062
16.593908309936523
24.751968383789062
24.751968383789062
23.886821746826172
19.73613929748535
23.886821746826172
23.886821746826172
19.73613929748535
43.0734748840332
18.006534576416016
14.71107292175293
15.951168060302734
15.428976058959961
15.951168060302734
17.75515365600586
22.744831085205078
17.75515365600586
12.63692855834961
9.437341690063477
14.33675765991211
14.328182220458984
17.36600112915039
11.028461456298828
29.414661407470703
18.650569915771484
14.71107292175293
14.612934112548828
12.919448852539062
6.02952766418457
13.0025634765625
10.732452392578125
14.618083953857422
8.901636123657227
7.131002426147461
12.507827758789062
12.507827758789062
12.507827758789062
21.876134872436523
13.473237991333008
22.555557250976562
10.287948608398438
12.507827758789062
12.507827758789062
12.507827758789062
12.507827758789062
12.507827758789062
31.293561935424805
19.089143753051758
17.539127349853516
23.03342628479004
23.886821746826172
19.73613929748535
8.139091491699219
26.979454040527344
19.396778106689453
23.209121704101562
8.19536018371582
-7.55865478515625
23.209121704101562
-7.55865478515625
22.757160186767578
47.266143798828125
-7.55865478515625
-7.55865478515625
-7.55865478515625
-7.55865478515625
15.588665008544922
-7.55865478515625
-7.55865478515625
-7.55865478515625
-7.55865478515625
-7.55865478515625
-7.55865478515625
-7.55865478515625
-7.55865478515625
-7.55865478515625
-7.55865478515625
8.506401062011719
17.897808074951172
23.209121704101562
-7.55865478515625
-7.55865478515625
8.506401062011719
-7.55865478515625
-7.55865478515625
-7.55865478515625
8.506401062011719
-7.55865478515625
-7.55865478515625
25.277334213256836
-7.55865478515625
-7.55865478515625
8.506401062011719
18.632442474365234
13.025035858154297
-7.55865478515625
-7.55865478515625
8.506401062011719
-7.55865478515625
-7.55865478515625
-7.55865478515625
8.506401062011719
-7.55865478515625
-7.55865478515625
-7.55865478515625
-7.55865478515625
8.506401062011719
13.57044792175293
6.291450500488281
-7.55865478515625
13.521028518676758
9.183181762695312
-7.55865478515625
8.506401062011719
-7.55865478515625
-7.55865478515625
-7.55865478515625
-7.55865478515625
8.506401062011719
14.316352844238281
6.603792190551758
-7.55865478515625
-7.55865478515625
8.506401062011719
28.548084259033203
-7.55865478515625
-7.55865478515625
13.628509521484375
4.934640884399414
20.911462783813477
2.7688369750976562
-7.55865478515625
-7.55865478515625
8.506401062011719
10.435035705566406
10.435035705566406
13.06016731262207
11.529781341552734
10.435035705566406
8.506401062011719
10.435035705566406
10.435035705566406
8.506401062011719
9.666297912597656
9.666297912597656
18.632442474365234
12.052288055419922
9.666297912597656
9.666297912597656
17.738862991333008
13.282106399536133
17.738862991333008
16.814544677734375
8.506401062011719
10.824810028076172
10.824810028076172
15.562623977661133
19.259815216064453
8.506401062011719
10.824810028076172
10.824810028076172
16.832555770874023
17.067665100097656
3.8902206420898438
10.824810028076172
21.342041015625
8.506401062011719
14.316352844238281
7.567789077758789
24.178089141845703
26.152700424194336
11.928173065185547
13.174219131469727
6.962882995605469
15.562623977661133
11.766542434692383
18.905380249023438
20.584381103515625
5.274471282958984
11.928173065185547
8.359785079956055
17.738862991333008
12.856559753417969
7.549396514892578
7.549396514892578
4.137477874755859
4.468025207519531
20.911462783813477
6.890787124633789
7.844699859619141
5.727392196655273
4.827075958251953
8.506401062011719
5.894142150878906
17.738862991333008
8.923076629638672
11.928173065185547
3.355052947998047
5.281871795654297
3.5070152282714844
12.873157501220703
4.468025207519531
7.002655029296875
8.858821868896484
6.165189743041992
6.389923095703125
7.843400955200195
12.873157501220703
6.839397430419922
12.873157501220703
8.506401062011719
12.873157501220703
20.911462783813477
14.590328216552734
12.873157501220703
18.319080352783203
4.595247268676758
4.2428741455078125
12.87386703491211
18.318870544433594
15.731342315673828
17.167367935180664
30.840208053588867
25.798091888427734
4.369804382324219
4.369804382324219
63.68208694458008
4.369804382324219
25.798091888427734
4.369804382324219
17.00718879699707
12.060626983642578
17.463787078857422
21.638561248779297
34.22727966308594
4.369804382324219
4.369804382324219
4.369804382324219
4.369804382324219
4.369804382324219
4.369804382324219
4.369804382324219
4.369804382324219
36.40462875366211
4.369804382324219
4.369804382324219
4.369804382324219
4.369804382324219
4.369804382324219
4.369804382324219
4.369804382324219
4.369804382324219
4.369804382324219
4.369804382324219
4.369804382324219
4.369804382324219
4.369804382324219
4.369804382324219
4.369804382324219
4.369804382324219
4.369804382324219
4.369804382324219
4.369804382324219
4.369804382324219
4.369804382324219
4.369804382324219
4.369804382324219
4.369804382324219
4.369804382324219
4.369804382324219
4.369804382324219
4.369804382324219
4.369804382324219
4.369804382324219
4.369804382324219
4.369804382324219
4.369804382324219
4.369804382324219
4.369804382324219
4.369804382324219
4.369804382324219
4.369804382324219
4.369804382324219
4.369804382324219
4.369804382324219
4.369804382324219
4.369804382324219
4.369804382324219
4.369804382324219
4.369804382324219
4.369804382324219
4.369804382324219
4.369804382324219
4.369804382324219
4.369804382324219
4.369804382324219
4.369804382324219
4.369804382324219
4.369804382324219
4.369804382324219
4.369804382324219
4.369804382324219
4.369804382324219
4.369804382324219
49.6549186706543
32.874061584472656
17.167367935180664
21.58608055114746
15.731342315673828
82.32525634765625
23.209121704101562
37.86756896972656
17.738866806030273
5.322685241699219
16.63730812072754
8.117610931396484
13.57044792175293
20.584381103515625
24.567890167236328
18.6324462890625
27.534915924072266
20.588958740234375
24.766357421875
13.174215316772461
9.839988708496094
13.57044792175293
15.588663101196289
15.5626220703125
24.246826171875
20.911462783813477
10.780406951904297
17.738866806030273
6.1485443115234375
17.738866806030273
9.783843994140625
6.192157745361328
17.738866806030273
13.173995971679688
17.518943786621094
6.479717254638672
18.319080352783203
6.061653137207031
29.533132553100586
19.261362075805664
50.09770965576172
43.21439743041992
20.911462783813477
5.987739562988281
6.9000701904296875
6.60791015625
20.490203857421875
15.588663101196289
6.07489013671875
15.588663101196289
20.911462783813477
20.911462783813477
16.16720199584961
16.16720199584961
13.490798950195312
16.16720199584961
14.513916015625
5.8692779541015625
18.6324462890625
6.23870849609375
46.885498046875
63.203392028808594
13.57044792175293
11.692533493041992
13.57044792175293
5.520505905151367
24.067241668701172
45.94335174560547
18.319080352783203
7.044439315795898
6.130819320678711
13.57044792175293
8.771764755249023
15.5626220703125
3.2380142211914062
3.2380142211914062
2.309490203857422
3.2380142211914062
17.738866806030273
3.890216827392578
13.30135726928711
14.820812225341797
18.319080352783203
7.786708831787109
19.261362075805664
6.025993347167969
4.862335205078125
20.584381103515625
12.49917221069336
15.5626220703125
2.933338165283203
6.502933502197266
12.267288208007812
17.738866806030273
7.054658889770508
25.277334213256836
18.319080352783203
18.905380249023438
18.319080352783203
6.270732879638672
5.352714538574219
4.096611022949219
5.352714538574219
2.933338165283203
2.920499801635742
5.150291442871094
2.920499801635742
2.920499801635742
2.920499801635742
2.920499801635742
2.920499801635742
20.269954681396484
2.920499801635742
15.5626220703125
2.965496063232422
2.920499801635742
9.042684555053711
20.911462783813477
8.253435134887695
20.911462783813477
6.259880065917969
2.920499801635742
12.225858688354492
2.920499801635742
2.920499801635742
2.920499801635742
5.150291442871094
2.920499801635742
2.921314239501953
2.921314239501953
2.921314239501953
2.921314239501953
2.921314239501953
2.921314239501953
2.921314239501953
2.921314239501953
5.1509857177734375
7.033329010009766
2.921314239501953
5.968542098999023
2.921314239501953
5.931215286254883
2.921314239501953
2.921314239501953
5.926807403564453
2.921314239501953
5.931215286254883
5.1509857177734375
8.4771728515625
4.687284469604492
13.925468444824219
5.931215286254883
5.931215286254883
