36.03331756591797
39.77362060546875
38.75300598144531
37.229434967041016
35.923545837402344
36.74390411376953
33.600425720214844
46.71737289428711
39.8643684387207
37.299095153808594
34.72636413574219
34.97222137451172
37.65730667114258
35.247711181640625
38.84605407714844
35.39457702636719
43.036521911621094
36.85916519165039
33.04951858520508
41.71794509887695
43.87210464477539
44.43756866455078
42.99137878417969
39.8643684387207
35.0299186706543
34.23859405517578
33.02155685424805
43.492977142333984
38.154869079589844
36.00993347167969
34.25884246826172
39.89362335205078
38.919456481933594
39.549373626708984
40.48618698120117
34.2564811706543
39.8643684387207
55.48182678222656
49.33760070800781
37.42631149291992
34.09654235839844
34.734031677246094
38.09901428222656
32.48241424560547
34.63063430786133
35.23300552368164
35.21435546875
37.26581573486328
38.457618713378906
38.01753616333008
34.89152526855469
44.17379379272461
35.12968444824219
41.891571044921875
38.579551696777344
35.14508819580078
40.48618698120117
39.89362335205078
35.476497650146484
44.084571838378906
34.142784118652344
46.64823532104492
40.62824630737305
39.77362060546875
43.330745697021484
37.061344146728516
38.526710510253906
39.66517639160156
38.847068786621094
40.48618698120117
39.63701248168945
42.89194107055664
43.99338912963867
40.8508186340332
37.05341720581055
40.91539764404297
61.86573028564453
36.02894973754883
41.36977005004883
55.48029327392578
35.8275260925293
38.75487518310547
42.00128173828125
36.77969741821289
43.330745697021484
37.47306823730469
33.79513931274414
34.97829818725586
42.788177490234375
43.93714904785156
36.72731399536133
46.71737289428711
38.388858795166016
46.64823532104492
39.24058151245117
36.548728942871094
41.480186462402344
40.62824630737305
44.43756866455078
43.87210464477539
39.7840576171875
34.87257766723633
39.156044006347656
37.40544891357422
41.28837585449219
38.381446838378906
35.03867721557617
36.18828201293945
38.47883605957031
34.74818801879883
61.37975311279297
37.47306823730469
36.754493713378906
35.673187255859375
45.605140686035156
40.10321044921875
36.754493713378906
36.3398323059082
34.70751190185547
34.56325912475586
37.61402130126953
43.93714904785156
33.841243743896484
39.09366989135742
42.99137878417969
40.34009552001953
32.75497817993164
43.87210464477539
41.032955169677734
39.259765625
35.62997055053711
34.37511444091797
38.919456481933594
33.63234329223633
36.11014938354492
36.63551712036133
36.33967971801758
36.47053909301758
36.5511474609375
35.95146560668945
42.166133880615234
32.192474365234375
39.637962341308594
36.548728942871094
43.72439956665039
32.869590759277344
36.77969741821289
51.32147979736328
36.915008544921875
35.23300552368164
37.3875732421875
42.99137878417969
36.0914421081543
40.10321044921875
41.826908111572266
43.14439010620117
36.47608184814453
35.14508819580078
33.45277404785156
35.17596435546875
36.3398323059082
41.00186538696289
39.48173904418945
39.156044006347656
39.09244155883789
34.878353118896484
33.94560623168945
37.7841911315918
39.89362335205078
46.64823532104492
34.01441955566406
38.919456481933594
34.61888122558594
38.278472900390625
43.93714904785156
40.92018127441406
38.04642868041992
58.07380294799805
46.09930419921875
35.20228576660156
43.67530059814453
39.310699462890625
41.17953109741211
44.17379379272461
46.71737289428711
53.18212127685547
43.155494689941406
46.64823532104492
41.50953674316406
46.71737289428711
32.869590759277344
39.7840576171875
33.55635070800781
35.762542724609375
36.68281173706055
33.60658264160156
46.09930419921875
38.45024108886719
40.48618698120117
38.567481994628906
40.48618698120117
34.889747619628906
41.204071044921875
39.156044006347656
38.285030364990234
36.548728942871094
46.71737289428711
52.814788818359375
35.14508819580078
52.04960632324219
37.62149429321289
43.93714904785156
34.89735794067383
34.141170501708984
34.97222900390625
33.80499267578125
42.98930740356445
41.50953674316406
38.01616668701172
36.2008056640625
35.02229690551758
46.64823532104492
41.86325454711914
34.42072296142578
34.971885681152344
42.15203094482422
43.330745697021484
46.48876190185547
39.696590423583984
35.95146560668945
35.6704216003418
36.3398323059082
38.919456481933594
40.54130172729492
34.06983184814453
39.164222717285156
39.38766098022461
41.637046813964844
34.50690460205078
42.98930740356445
37.4090690612793
35.14508819580078
44.481788635253906
33.37639236450195
35.168460845947266
43.330745697021484
34.15787887573242
39.63701248168945
60.25233459472656
34.099021911621094
34.56325912475586
42.055667877197266
34.277732849121094
36.82542419433594
36.3958625793457
36.03331756591797
36.548728942871094
37.40544891357422
39.841312408447266
40.38185501098633
45.8880729675293
40.882118225097656
32.64127731323242
34.141170501708984
43.330745697021484
34.48504638671875
40.34907150268555
41.658416748046875
36.85224533081055
34.627498626708984
39.8643684387207
44.338985443115234
34.32469940185547
33.522499084472656
37.40544891357422
34.61070251464844
36.33967971801758
34.4013786315918
44.084571838378906
36.20527267456055
40.48618698120117
40.24219512939453
43.14439010620117
34.160797119140625
34.76987075805664
34.705074310302734
36.03331756591797
35.23300552368164
36.20527267456055
41.08645248413086
41.204071044921875
42.99137878417969
39.09366989135742
43.72439956665039
36.754493713378906
38.200828552246094
37.822669982910156
36.18828201293945
35.48062515258789
34.37109375
35.792537689208984
41.94429397583008
36.35817337036133
36.737754821777344
36.35477828979492
37.4090690612793
38.278472900390625
42.50120162963867
43.036521911621094
36.00993347167969
35.0299186706543
36.68281173706055
32.869590759277344
39.7840576171875
36.672889709472656
39.77362060546875
36.754493713378906
37.40544891357422
33.814029693603516
33.522499084472656
44.17379379272461
42.99137878417969
36.3841552734375
33.58456802368164
43.14439010620117
39.8643684387207
41.891571044921875
38.925724029541016
46.71737289428711
33.522499084472656
42.8424186706543
36.02894973754883
40.259849548339844
43.036521911621094
35.54680252075195
39.7840576171875
43.57804870605469
39.549373626708984
38.84605407714844
34.99885940551758
38.01616668701172
43.330745697021484
41.480186462402344
37.822669982910156
42.99137878417969
37.04529571533203
43.330745697021484
41.658416748046875
40.371673583984375
36.47608184814453
39.89362335205078
34.89735794067383
43.27046585083008
37.79798889160156
44.79107666015625
36.81050491333008
36.82542419433594
37.40544891357422
46.99360656738281
39.89362335205078
39.7840576171875
46.99360656738281
35.96519088745117
33.09749221801758
41.149532318115234
39.164222717285156
43.14439010620117
41.6480827331543
34.037315368652344
41.43802261352539
39.39372253417969
41.7098388671875
36.38296127319336
39.89362335205078
37.33842849731445
47.01124572753906
35.88618087768555
34.21833419799805
36.00993347167969
40.470027923583984
32.64898681640625
39.828372955322266
40.48618698120117
39.637962341308594
45.059364318847656
44.23751449584961
36.01921081542969
39.89324188232422
39.240318298339844
43.330928802490234
46.993595123291016
39.402523040771484
34.445884704589844
43.93741226196289
43.144317626953125
38.21413040161133
40.274105072021484
53.760467529296875
35.03009033203125
36.548587799072266
40.8128547668457
36.06084060668945
36.06084060668945
40.34458923339844
40.34458923339844
40.34458923339844
38.57963180541992
38.829322814941406
52.94562911987305
38.225067138671875
53.33299255371094
54.39359664916992
60.3475341796875
65.83841705322266
37.715484619140625
39.88993835449219
39.79166030883789
40.34561538696289
39.149627685546875
39.98816680908203
39.805973052978516
38.63028335571289
38.63028335571289
38.772281646728516
38.63028335571289
36.75948715209961
39.000640869140625
40.539085388183594
61.95670700073242
40.7530403137207
55.76307678222656
61.88296890258789
41.22913360595703
61.88157653808594
124.88983917236328
124.97805786132812
124.92031860351562
33.63394546508789
61.85539627075195
61.88194274902344
115.06659698486328
124.97805786132812
41.39120864868164
124.97805786132812
42.0771598815918
124.97805786132812
124.97805786132812
124.97805786132812
124.97805786132812
124.97805786132812
124.97805786132812
124.97805786132812
124.97805786132812
124.97805786132812
124.97805786132812
124.97805786132812
124.97805786132812
124.97805786132812
124.97805786132812
124.97805786132812
124.97805786132812
124.97805786132812
124.97805786132812
61.879276275634766
61.797332763671875
61.799049377441406
61.88605880737305
55.0933952331543
61.87349319458008
61.849365234375
61.89499282836914
40.13810348510742
36.26266860961914
36.26266860961914
40.0066032409668
64.03117370605469
43.30036926269531
43.495819091796875
38.972354888916016
43.39516067504883
43.495819091796875
37.583560943603516
43.31391525268555
38.338096618652344
39.23414611816406
34.289947509765625
34.14231872558594
36.4136848449707
44.084571838378906
44.084571838378906
32.682865142822266
32.75387191772461
32.82337188720703
39.21928787231445
39.21928787231445
36.4136848449707
44.053794860839844
33.457645416259766
37.129581451416016
33.42245101928711
67.89588928222656
33.47684860229492
38.225067138671875
43.97874069213867
42.538330078125
39.37580490112305
43.495819091796875
43.3484001159668
39.66517639160156
43.26469039916992
43.263145446777344
43.19050979614258
43.263145446777344
40.772003173828125
45.56870651245117
41.524017333984375
42.62448501586914
41.27894973754883
43.055908203125
46.00596618652344
43.5511360168457
45.350955963134766
45.77959442138672
39.572452545166016
40.875335693359375
37.02959442138672
38.92976760864258
59.18478775024414
34.38474655151367
39.001399993896484
46.67509841918945
38.75794219970703
34.97927474975586
36.25459289550781
35.5970344543457
36.624752044677734
37.68632507324219
50.71025848388672
36.981849670410156
56.21221923828125
35.48358917236328
34.95866775512695
40.87477493286133
37.70196533203125
35.341068267822266
35.05150604248047
32.42390441894531
35.09954071044922
34.290042877197266
34.290042877197266
34.290042877197266
35.09954071044922
35.09954071044922
46.395633697509766
46.395633697509766
35.87430191040039
35.87430191040039
35.09954071044922
45.711280822753906
47.9985466003418
39.408790588378906
35.283172607421875
34.290042877197266
34.04994583129883
47.21554183959961
43.78550720214844
34.68931579589844
34.57460021972656
36.730770111083984
34.510337829589844
35.283172607421875
34.559879302978516
34.2603645324707
32.696292877197266
35.341068267822266
35.341068267822266
35.341068267822266
35.5970344543457
36.854862213134766
37.723167419433594
37.18179702758789
35.09954071044922
34.89988327026367
32.42390441894531
32.42390441894531
35.09954071044922
55.72036361694336
56.6649055480957
59.37382125854492
35.341068267822266
35.5970344543457
38.80085372924805
35.341068267822266
35.283172607421875
35.101768493652344
37.013607025146484
36.12900924682617
36.48284149169922
35.5970344543457
35.633811950683594
59.331058502197266
36.094966888427734
47.969276428222656
35.02299499511719
50.12541961669922
34.39738845825195
35.08928298950195
42.07476043701172
35.5970344543457
35.341068267822266
36.579811096191406
37.613773345947266
34.70632553100586
40.90838623046875
40.544498443603516
34.28314971923828
35.5970344543457
34.45995330810547
35.750877380371094
43.911563873291016
39.77276611328125
43.472694396972656
44.03940963745117
42.682533264160156
39.55528259277344
43.886871337890625
43.44618225097656
40.01005935668945
42.538330078125
38.234004974365234
44.01506423950195
45.77959442138672
46.67509841918945
38.75794219970703
39.001399993896484
38.75794219970703
38.92976760864258
37.02959442138672
38.92976760864258
36.24346160888672
36.19252014160156
34.439064025878906
40.875335693359375
39.572452545166016
40.875335693359375
56.712120056152344
47.21554183959961
74.10345458984375
36.7473258972168
36.04182052612305
36.7473258972168
35.012672424316406
36.7473258972168
36.04182052612305
36.7473258972168
34.0787353515625
36.05469512939453
34.93075942993164
33.34814453125
40.14851760864258
40.51720428466797
41.70266342163086
43.352012634277344
38.407779693603516
43.352012634277344
43.352012634277344
38.407779693603516
33.256900787353516
38.70417022705078
36.77677536010742
38.70417022705078
61.418949127197266
61.003692626953125
61.0539665222168
60.29100036621094
60.697513580322266
41.08645248413086
37.10549545288086
41.08645248413086
38.412689208984375
41.70177459716797
38.412689208984375
55.71260070800781
33.75288772583008
44.61589431762695
41.02906799316406
37.80967330932617
35.87430191040039
35.87430191040039
35.87430191040039
46.395633697509766
46.395633697509766
46.395633697509766
46.395633697509766
35.87430191040039
46.395633697509766
35.87430191040039
35.87430191040039
35.87430191040039
35.87430191040039
46.395633697509766
46.395633697509766
46.395633697509766
33.02323913574219
35.90967559814453
38.70417022705078
36.77677536010742
38.70417022705078
58.65687942504883
34.66330337524414
43.352012634277344
38.407779693603516
43.352012634277344
52.851497650146484
43.352012634277344
38.407779693603516
42.87163543701172
42.300537109375
42.87163543701172
35.79283905029297
36.382442474365234
37.06222915649414
37.06222915649414
34.279117584228516
43.352012634277344
38.407779693603516
43.352012634277344
38.407779693603516
43.352012634277344
45.02322006225586
33.73278045654297
33.82158660888672
43.4927864074707
42.39086151123047
34.286956787109375
42.36126708984375
40.38855743408203
42.36126708984375
39.24058151245117
39.708213806152344
39.24058151245117
35.451759338378906
39.1187629699707
36.66450881958008
38.37559509277344
34.58429718017578
42.36126708984375
40.38855743408203
42.36126708984375
46.717472076416016
44.084571838378906
46.717472076416016
43.02941131591797
35.01796340942383
39.24058151245117
39.708213806152344
39.24058151245117
39.24058151245117
39.708213806152344
43.352012634277344
38.407779693603516
34.45780944824219
36.15369415283203
43.4927864074707
42.39086151123047
43.4927864074707
43.352012634277344
33.58441925048828
40.18879318237305
36.04397964477539
40.18879318237305
39.179718017578125
34.845069885253906
39.179718017578125
39.179718017578125
47.9985466003418
45.711280822753906
47.9985466003418
47.9985466003418
45.711280822753906
40.10387420654297
35.95476531982422
38.50092697143555
36.99336242675781
37.589881896972656
36.99336242675781
43.78550720214844
47.21554183959961
43.78550720214844
34.90394973754883
36.16160202026367
36.790252685546875
35.60472106933594
36.81435775756836
36.25081253051758
34.49462127685547
36.07024383544922
38.50092697143555
38.84678649902344
34.18760299682617
32.82452392578125
37.18179702758789
36.508262634277344
39.77046203613281
34.59486770629883
32.622413635253906
35.87430191040039
35.87430191040039
35.87430191040039
37.96003341674805
39.921451568603516
41.79627227783203
33.7658805847168
35.87430191040039
35.87430191040039
35.87430191040039
35.87430191040039
35.87430191040039
36.4136848449707
35.56189727783203
35.09030532836914
34.06881332397461
47.9985466003418
45.711280822753906
32.94746017456055
36.47053909301758
35.999637603759766
46.74159240722656
35.53164291381836
59.40231704711914
46.74159240722656
59.40231704711914
61.534423828125
66.02078247070312
59.40231704711914
59.40231704711914
59.40231704711914
59.40231704711914
39.14342498779297
59.40231704711914
59.40231704711914
59.40231704711914
59.40231704711914
59.40231704711914
59.40231704711914
59.40231704711914
59.40231704711914
59.40231704711914
59.40231704711914
35.51036834716797
62.107826232910156
46.74159240722656
59.40231704711914
59.40231704711914
35.51036834716797
59.40231704711914
59.40231704711914
59.40231704711914
35.51036834716797
59.40231704711914
59.40231704711914
36.090423583984375
59.40231704711914
59.40231704711914
35.51036834716797
42.04785919189453
35.28117370605469
59.40231704711914
59.40231704711914
35.51036834716797
59.40231704711914
59.40231704711914
59.40231704711914
35.51036834716797
59.40231704711914
59.40231704711914
59.40231704711914
59.40231704711914
35.51036834716797
36.51723098754883
34.28527069091797
59.40231704711914
34.79402160644531
36.547794342041016
59.40231704711914
35.51036834716797
59.40231704711914
59.40231704711914
59.40231704711914
59.40231704711914
35.51036834716797
39.609012603759766
35.268310546875
59.40231704711914
59.40231704711914
35.51036834716797
32.96723937988281
59.40231704711914
59.40231704711914
33.96494674682617
33.74123001098633
44.73036193847656
33.87261962890625
59.40231704711914
59.40231704711914
35.51036834716797
41.235530853271484
41.235530853271484
40.80472183227539
33.22621536254883
41.235530853271484
35.51036834716797
41.235530853271484
41.235530853271484
35.51036834716797
40.279361724853516
40.279361724853516
42.04785919189453
35.397762298583984
40.279361724853516
40.279361724853516
42.45037841796875
33.848602294921875
42.45037841796875
33.627052307128906
35.51036834716797
39.7281379699707
39.7281379699707
41.49795150756836
34.39284133911133
35.51036834716797
39.7281379699707
39.7281379699707
40.689735412597656
33.848175048828125
33.183837890625
39.7281379699707
39.441131591796875
35.51036834716797
39.609012603759766
34.69673538208008
36.51963424682617
40.22451400756836
39.32243728637695
39.8137092590332
33.674259185791016
41.49795150756836
33.31314468383789
38.225067138671875
34.94852066040039
32.9946403503418
39.32243728637695
32.63977813720703
42.45037841796875
33.304832458496094
33.33258819580078
33.33258819580078
32.62218475341797
33.315452575683594
44.73036193847656
33.24064254760742
33.251190185546875
33.48457336425781
32.67421340942383
35.51036834716797
32.76814651489258
42.45037841796875
34.85596466064453
39.32243728637695
32.83287048339844
33.53539276123047
33.121707916259766
38.963829040527344
33.315452575683594
33.36418151855469
33.84504318237305
33.222877502441406
32.85075378417969
33.39604568481445
38.963829040527344
33.12519836425781
38.963829040527344
35.51036834716797
38.963829040527344
44.73036193847656
33.22880935668945
38.963829040527344
42.97468185424805
32.58495330810547
33.02830505371094
38.963565826416016
42.974178314208984
38.0206298828125
38.3153076171875
36.69097137451172
36.57588195800781
39.666587829589844
39.666587829589844
57.02771759033203
39.666587829589844
36.57588195800781
39.666587829589844
36.97224044799805
37.174957275390625
34.85822677612305
33.88593673706055
49.31884002685547
39.666587829589844
39.666587829589844
39.666587829589844
39.666587829589844
39.666587829589844
39.666587829589844
39.666587829589844
39.666587829589844
39.12134552001953
39.666587829589844
39.666587829589844
39.666587829589844
39.666587829589844
39.666587829589844
39.666587829589844
39.666587829589844
39.666587829589844
39.666587829589844
39.666587829589844
39.666587829589844
39.666587829589844
39.666587829589844
39.666587829589844
39.666587829589844
39.666587829589844
39.666587829589844
39.666587829589844
39.666587829589844
39.666587829589844
39.666587829589844
39.666587829589844
39.666587829589844
39.666587829589844
39.666587829589844
39.666587829589844
39.666587829589844
39.666587829589844
39.666587829589844
39.666587829589844
39.666587829589844
39.666587829589844
39.666587829589844
39.666587829589844
39.666587829589844
39.666587829589844
39.666587829589844
39.666587829589844
39.666587829589844
39.666587829589844
39.666587829589844
39.666587829589844
39.666587829589844
39.666587829589844
39.666587829589844
39.666587829589844
39.666587829589844
39.666587829589844
39.666587829589844
39.666587829589844
39.666587829589844
39.666587829589844
39.666587829589844
39.666587829589844
39.666587829589844
39.666587829589844
39.666587829589844
39.666587829589844
39.666587829589844
39.666587829589844
64.08228302001953
36.08625030517578
38.315311431884766
44.19563293457031
38.0206298828125
60.047725677490234
46.74159240722656
36.47557830810547
42.45037841796875
34.084625244140625
37.22252655029297
34.147457122802734
36.51723098754883
34.94852066040039
54.88798141479492
42.04785919189453
58.94142532348633
53.99615478515625
57.39198684692383
39.8137092590332
36.43008041381836
36.51723098754883
39.14342498779297
41.49795150756836
53.100135803222656
44.73036193847656
33.29203796386719
42.45037841796875
34.21670913696289
42.45037841796875
33.476802825927734
33.06138229370117
42.45037841796875
34.4066047668457
35.337947845458984
32.92906188964844
42.97468185424805
34.145057678222656
48.559810638427734
39.12847137451172
40.43598175048828
40.17726135253906
44.73036193847656
33.754459381103516
34.3806266784668
33.0583610534668
60.7021484375
39.14342498779297
33.67241668701172
39.14342498779297
44.73036193847656
44.73036193847656
33.42747497558594
33.42747497558594
33.85214614868164
33.42747497558594
37.684852600097656
33.12907409667969
42.04785919189453
34.12137222290039
42.53257369995117
61.09223175048828
36.51723098754883
33.757972717285156
36.51723098754883
32.785377502441406
34.928714752197266
70.40306854248047
42.97468185424805
34.19314956665039
33.09757614135742
36.51723098754883
33.099205017089844
41.49795150756836
33.67483901977539
33.67483901977539
33.30335235595703
33.67483901977539
42.45037841796875
33.183837890625
36.60553741455078
37.38231658935547
42.97468185424805
33.263099670410156
39.12847137451172
33.453670501708984
32.91172409057617
34.94852066040039
36.3972282409668
41.49795150756836
33.49668502807617
32.52108383178711
35.46852493286133
42.45037841796875
32.253841400146484
36.090423583984375
42.97468185424805
38.225067138671875
42.97468185424805
32.62035369873047
32.929927825927734
33.1190299987793
32.929927825927734
33.49668502807617
33.53734588623047
33.49736022949219
33.53734588623047
33.53734588623047
33.53734588623047
33.53734588623047
33.53734588623047
39.06425857543945
33.53734588623047
41.49795150756836
33.48435592651367
33.53734588623047
33.00838851928711
44.73036193847656
32.95546340942383
44.73036193847656
32.25414276123047
33.53734588623047
33.234920501708984
33.53734588623047
33.53734588623047
33.53734588623047
33.49736022949219
33.53734588623047
33.5372200012207
33.5372200012207
33.5372200012207
33.5372200012207
33.5372200012207
33.5372200012207
33.5372200012207
33.5372200012207
33.49729537963867
32.53135681152344
33.5372200012207
32.740150451660156
33.5372200012207
32.93406677246094
33.5372200012207
33.5372200012207
32.660003662109375
33.5372200012207
32.93406677246094
33.49729537963867
34.79573440551758
32.9152717590332
34.14358139038086
32.93406677246094
32.93406677246094
