26.667346954345703
28.048200607299805
31.157445907592773
28.198198318481445
28.74185562133789
30.243417739868164
21.153606414794922
33.64227294921875
32.11231994628906
29.64286231994629
22.066991806030273
25.712383270263672
34.47728729248047
22.242813110351562
27.39968490600586
27.404909133911133
32.970916748046875
28.603111267089844
22.348756790161133
29.450401306152344
31.875402450561523
32.02094268798828
32.519378662109375
32.11231994628906
26.02172088623047
22.077049255371094
23.85660171508789
31.626708984375
29.932924270629883
26.530345916748047
21.775379180908203
26.846059799194336
30.850112915039062
27.232879638671875
27.56195831298828
26.381813049316406
32.11231994628906
24.621814727783203
28.77700424194336
41.64540100097656
27.380538940429688
29.789897918701172
24.848369598388672
22.069068908691406
21.956924438476562
25.63070297241211
22.586326599121094
25.303123474121094
26.58909034729004
27.950305938720703
26.275508880615234
32.59535217285156
31.827594757080078
31.434362411499023
29.69283676147461
25.32326889038086
27.56195831298828
26.846059799194336
29.536205291748047
35.06123733520508
21.69000244140625
34.37124252319336
28.019166946411133
28.048200607299805
33.76579284667969
28.540340423583984
28.7581787109375
25.01904296875
33.74525833129883
27.56195831298828
31.498950958251953
39.89839553833008
33.525516510009766
28.763809204101562
27.971019744873047
29.086284637451172
24.228872299194336
27.522907257080078
29.867338180541992
24.08024787902832
28.55010986328125
32.583683013916016
35.08379364013672
29.687606811523438
33.76579284667969
29.281326293945312
21.394136428833008
26.276142120361328
32.577903747558594
31.796857833862305
27.885923385620117
33.64227294921875
31.278474807739258
34.37124252319336
30.011598587036133
30.932964324951172
31.900890350341797
28.019166946411133
32.02094268798828
31.875402450561523
27.348018646240234
23.524517059326172
32.318843841552734
27.4962215423584
31.08658218383789
27.866230010986328
25.541358947753906
26.99822235107422
30.57683563232422
22.27198600769043
25.164886474609375
29.281326293945312
27.558029174804688
26.664295196533203
34.02360534667969
31.069618225097656
27.558029174804688
28.30388832092285
26.16501235961914
21.685462951660156
34.34989929199219
31.796857833862305
22.912841796875
28.029335021972656
32.519378662109375
31.42139434814453
22.753677368164062
31.875402450561523
28.838336944580078
27.328937530517578
26.239646911621094
21.392702102661133
30.850112915039062
24.093923568725586
34.05598831176758
28.13279151916504
26.412853240966797
34.309261322021484
25.903493881225586
27.685455322265625
31.01589584350586
21.723814010620117
30.76488494873047
30.932964324951172
29.41507911682129
21.275924682617188
29.687606811523438
33.95475769042969
26.948963165283203
25.63070297241211
28.684791564941406
32.519378662109375
27.853504180908203
31.069618225097656
31.42658233642578
31.226469039916992
28.05748176574707
25.32326889038086
20.97193145751953
27.299718856811523
28.30388832092285
30.936805725097656
26.740100860595703
32.318843841552734
26.67781639099121
22.748741149902344
25.02410125732422
29.844552993774414
26.846059799194336
34.37124252319336
25.84191131591797
30.850112915039062
22.562942504882812
31.656898498535156
31.796857833862305
29.17308807373047
28.825475692749023
28.135944366455078
33.332725524902344
24.612274169921875
31.02269172668457
26.16271209716797
29.193769454956055
32.59535217285156
33.64227294921875
23.136470794677734
36.23418426513672
34.37124252319336
31.3261661529541
33.64227294921875
21.275924682617188
27.348018646240234
21.81710433959961
23.965858459472656
27.26559066772461
22.645835876464844
33.332725524902344
30.291099548339844
27.56195831298828
27.816131591796875
27.56195831298828
29.376550674438477
28.986557006835938
32.318843841552734
27.714881896972656
30.932964324951172
33.64227294921875
26.369842529296875
25.32326889038086
30.422183990478516
27.11644744873047
31.796857833862305
25.35374641418457
28.006824493408203
29.06319808959961
26.134897232055664
33.164737701416016
31.3261661529541
30.46247673034668
28.341339111328125
25.921855926513672
34.37124252319336
30.293045043945312
25.2575740814209
25.374013900756836
35.17624282836914
33.76579284667969
48.106719970703125
30.022769927978516
27.685455322265625
26.03558349609375
28.30388832092285
30.850112915039062
29.74620819091797
21.460750579833984
32.6083869934082
42.4961051940918
31.38560676574707
24.95244598388672
33.164737701416016
27.460918426513672
25.32326889038086
34.72578048706055
21.79574203491211
23.297428131103516
33.76579284667969
21.770282745361328
31.498950958251953
23.622787475585938
21.91537857055664
21.685462951660156
37.234825134277344
23.398704528808594
25.51427459716797
25.383281707763672
26.667346954345703
30.932964324951172
27.4962215423584
28.328369140625
29.121551513671875
34.83728790283203
29.816158294677734
27.15496063232422
28.006824493408203
33.76579284667969
24.856592178344727
28.08611297607422
34.19807815551758
29.176578521728516
26.201725006103516
32.11231994628906
31.881868362426758
21.683536529541016
25.01207733154297
27.4962215423584
26.99502944946289
26.412853240966797
26.328115463256836
35.06123733520508
27.003463745117188
27.56195831298828
32.40941619873047
31.226469039916992
21.887603759765625
22.444377899169922
25.44545555114746
26.667346954345703
25.63070297241211
27.003463745117188
28.828319549560547
28.986557006835938
32.519378662109375
28.029335021972656
29.41507911682129
27.558029174804688
28.013662338256836
29.8581485748291
26.99822235107422
26.334760665893555
23.342376708984375
30.544031143188477
28.990333557128906
26.16281509399414
29.03069496154785
26.944095611572266
27.460918426513672
31.656898498535156
33.06201934814453
32.970916748046875
26.530345916748047
26.02172088623047
27.26559066772461
21.275924682617188
27.348018646240234
30.344011306762695
28.048200607299805
27.558029174804688
27.4962215423584
20.844676971435547
25.01207733154297
32.59535217285156
32.519378662109375
27.787620544433594
21.564565658569336
31.226469039916992
32.11231994628906
31.434362411499023
31.351669311523438
33.64227294921875
25.01207733154297
35.23533630371094
27.522907257080078
30.584550857543945
32.970916748046875
24.89392852783203
27.348018646240234
30.019739151000977
27.232879638671875
27.39968490600586
24.09051513671875
30.46247673034668
33.76579284667969
31.900890350341797
29.8581485748291
32.519378662109375
30.655033111572266
33.76579284667969
34.19807815551758
27.307415008544922
28.05748176574707
26.846059799194336
25.35374641418457
28.985368728637695
29.838428497314453
33.45332717895508
24.899097442626953
25.51427459716797
27.4962215423584
35.256011962890625
26.846059799194336
27.348018646240234
35.256011962890625
27.056291580200195
22.049182891845703
29.157041549682617
32.6083869934082
31.226469039916992
35.911773681640625
22.024023056030273
30.404096603393555
28.014490127563477
32.24394607543945
25.821434020996094
26.846059799194336
40.877113342285156
34.47513961791992
25.2142333984375
25.0028076171875
26.530345916748047
28.553688049316406
21.637168884277344
26.935697555541992
27.56195831298828
30.76488494873047
30.560291290283203
32.016876220703125
32.491363525390625
26.845809936523438
30.011045455932617
33.76589584350586
35.25583267211914
26.528194427490234
22.37555694580078
31.79732894897461
31.226421356201172
32.868553161621094
36.53206253051758
28.477924346923828
26.02184295654297
30.932931900024414
36.75935363769531
26.870384216308594
26.870384216308594
34.269447326660156
34.269447326660156
34.269447326660156
32.083499908447266
35.987308502197266
37.386932373046875
29.143535614013672
32.10102844238281
38.29627990722656
50.818756103515625
48.2236328125
33.567100524902344
31.64946937561035
31.634933471679688
32.688255310058594
30.407384872436523
32.21199035644531
31.764415740966797
34.76445388793945
34.76445388793945
30.780864715576172
34.76445388793945
29.865127563476562
31.57436752319336
37.46228790283203
33.185462951660156
40.95280838012695
37.006866455078125
32.52216339111328
37.60244369506836
32.422630310058594
42.98046875
42.31575393676758
42.438072204589844
21.639739990234375
30.800764083862305
32.468223571777344
44.278564453125
42.31575393676758
39.07391357421875
42.31575393676758
37.01236343383789
42.31575393676758
42.31575393676758
42.31575393676758
42.31575393676758
42.31575393676758
42.31575393676758
42.31575393676758
42.31575393676758
42.31575393676758
42.31575393676758
42.31575393676758
42.31575393676758
42.31575393676758
42.31575393676758
42.31575393676758
42.31575393676758
42.31575393676758
42.31575393676758
32.258216857910156
32.43268585205078
32.502777099609375
32.4175910949707
34.39188003540039
32.75935745239258
32.188323974609375
32.543052673339844
38.52853775024414
31.003643035888672
31.003643035888672
30.266448974609375
45.644500732421875
31.691301345825195
31.071590423583984
27.73468780517578
31.175790786743164
31.071590423583984
26.543113708496094
30.80987548828125
26.224475860595703
28.99312973022461
23.450645446777344
22.171405792236328
34.37760543823242
35.06123733520508
35.06123733520508
21.042667388916016
21.39169692993164
20.28741455078125
36.961910247802734
36.961910247802734
34.37760543823242
32.492305755615234
21.06991195678711
32.97421646118164
22.521549224853516
66.54914093017578
24.384727478027344
29.143535614013672
40.15892791748047
30.825332641601562
31.118408203125
31.071590423583984
31.547672271728516
25.01904296875
31.038679122924805
32.30268096923828
31.418102264404297
32.30268096923828
28.977584838867188
35.23162078857422
30.100818634033203
30.95945930480957
29.52796173095703
33.73292922973633
38.208038330078125
33.596553802490234
34.90654754638672
32.92325973510742
26.41197967529297
27.23504066467285
26.54591941833496
27.827651977539062
27.079818725585938
24.25687599182129
29.817825317382812
34.32557678222656
29.503131866455078
22.35003662109375
24.624366760253906
28.486631393432617
24.07076644897461
24.79366111755371
29.21674919128418
24.665319442749023
29.28237533569336
25.2117862701416
23.10654067993164
35.75817108154297
28.67560386657715
24.40380096435547
22.60810089111328
21.288984298706055
27.972370147705078
25.69477081298828
25.69477081298828
25.69477081298828
27.972370147705078
27.972370147705078
34.834205627441406
34.834205627441406
26.355022430419922
26.355022430419922
27.972370147705078
35.40620803833008
35.739501953125
27.205820083618164
23.85810089111328
25.69477081298828
21.652008056640625
37.113311767578125
32.252342224121094
22.334144592285156
23.063030242919922
24.415931701660156
23.033710479736328
23.85810089111328
23.1645450592041
21.98961639404297
23.578277587890625
24.40380096435547
24.40380096435547
24.40380096435547
28.486631393432617
24.976276397705078
25.67384910583496
25.358905792236328
27.972370147705078
22.816076278686523
21.288984298706055
21.288984298706055
27.972370147705078
27.289295196533203
27.333648681640625
23.602718353271484
24.40380096435547
28.486631393432617
27.870832443237305
24.40380096435547
23.85810089111328
22.209274291992188
27.563922882080078
26.997955322265625
27.590526580810547
28.486631393432617
25.47229766845703
23.52560043334961
24.92342758178711
29.431724548339844
23.23406219482422
29.33846664428711
24.27609634399414
22.482852935791016
32.38728332519531
28.486631393432617
24.40380096435547
24.07209014892578
29.85562515258789
25.735855102539062
29.687820434570312
28.91507339477539
24.101383209228516
28.486631393432617
23.3426513671875
31.55479621887207
32.73170471191406
28.967761993408203
31.857419967651367
32.18327713012695
32.043846130371094
28.957538604736328
31.97972869873047
32.60791778564453
30.723209381103516
30.825332641601562
27.192007064819336
33.077423095703125
32.92325973510742
34.32557678222656
29.503131866455078
29.817825317382812
29.503131866455078
27.827651977539062
26.54591941833496
27.827651977539062
24.233427047729492
24.398151397705078
23.64462661743164
27.23504066467285
26.41197967529297
27.23504066467285
43.60312271118164
37.113311767578125
61.834503173828125
28.408781051635742
26.791688919067383
28.408781051635742
23.0257568359375
28.408781051635742
26.791688919067383
28.408781051635742
23.484804153442383
30.64300537109375
25.740955352783203
23.6368408203125
29.478858947753906
28.533226013183594
29.15701675415039
32.74635314941406
28.96053123474121
32.74635314941406
32.74635314941406
28.96053123474121
21.57861328125
29.960018157958984
26.69228172302246
29.960018157958984
27.243051528930664
27.22842788696289
26.212703704833984
26.956863403320312
26.112655639648438
28.828319549560547
25.94988250732422
28.828319549560547
30.526063919067383
32.79037857055664
30.526063919067383
25.64678192138672
24.166772842407227
34.273109436035156
28.427932739257812
28.339513778686523
26.355022430419922
26.355022430419922
26.355022430419922
34.834205627441406
34.834205627441406
34.834205627441406
34.834205627441406
26.355022430419922
34.834205627441406
26.355022430419922
26.355022430419922
26.355022430419922
26.355022430419922
34.834205627441406
34.834205627441406
34.834205627441406
21.693620681762695
24.639911651611328
29.960018157958984
26.69228172302246
29.960018157958984
25.143657684326172
24.11867332458496
32.74635314941406
28.96053123474121
32.74635314941406
24.27126693725586
32.74635314941406
28.96053123474121
36.52804183959961
35.83708953857422
36.52804183959961
24.77517318725586
31.47223663330078
34.60458755493164
34.60458755493164
24.753780364990234
32.74635314941406
28.96053123474121
32.74635314941406
28.96053123474121
32.74635314941406
27.01353645324707
25.413806915283203
23.18069839477539
33.203941345214844
33.14850616455078
23.080095291137695
32.29978942871094
28.391366958618164
32.29978942871094
30.011598587036133
26.644214630126953
30.011598587036133
22.944698333740234
27.798873901367188
27.87525749206543
28.731670379638672
27.194351196289062
32.29978942871094
28.391366958618164
32.29978942871094
34.20756149291992
35.06123733520508
34.20756149291992
26.83124542236328
26.705760955810547
30.011598587036133
26.644214630126953
30.011598587036133
30.011598587036133
26.644214630126953
32.74635314941406
28.96053123474121
26.637937545776367
26.480712890625
33.203941345214844
33.14850616455078
33.203941345214844
32.74635314941406
24.449800491333008
29.12822151184082
30.25531005859375
29.12822151184082
34.070579528808594
27.03520965576172
34.070579528808594
34.070579528808594
35.739501953125
35.40620803833008
35.739501953125
35.739501953125
35.40620803833008
39.39677047729492
27.82209587097168
27.024459838867188
28.275962829589844
28.08437728881836
28.275962829589844
32.252342224121094
37.113311767578125
32.252342224121094
24.972564697265625
24.770122528076172
27.29013442993164
26.924579620361328
28.787826538085938
25.197879791259766
32.78498077392578
29.13043975830078
27.024459838867188
26.728614807128906
23.531204223632812
20.962221145629883
25.358905792236328
24.824535369873047
27.832290649414062
22.48375701904297
21.183122634887695
26.355022430419922
26.355022430419922
26.355022430419922
30.229129791259766
27.311548233032227
31.626379013061523
23.103458404541016
26.355022430419922
26.355022430419922
26.355022430419922
26.355022430419922
26.355022430419922
34.37760543823242
28.786733627319336
27.59354591369629
26.376333236694336
35.739501953125
35.40620803833008
21.714025497436523
34.309261322021484
30.50991439819336
34.215606689453125
23.55052375793457
19.320158004760742
34.215606689453125
19.320158004760742
33.089439392089844
47.620391845703125
19.320158004760742
19.320158004760742
19.320158004760742
19.320158004760742
27.869022369384766
19.320158004760742
19.320158004760742
19.320158004760742
19.320158004760742
19.320158004760742
19.320158004760742
19.320158004760742
19.320158004760742
19.320158004760742
19.320158004760742
25.059499740600586
28.64083480834961
34.215606689453125
19.320158004760742
19.320158004760742
25.059499740600586
19.320158004760742
19.320158004760742
19.320158004760742
25.059499740600586
19.320158004760742
19.320158004760742
33.35411071777344
19.320158004760742
19.320158004760742
25.059499740600586
30.57972526550293
23.412702560424805
19.320158004760742
19.320158004760742
25.059499740600586
19.320158004760742
19.320158004760742
19.320158004760742
25.059499740600586
19.320158004760742
19.320158004760742
19.320158004760742
19.320158004760742
25.059499740600586
26.059114456176758
21.480545043945312
19.320158004760742
25.441509246826172
23.9908447265625
19.320158004760742
25.059499740600586
19.320158004760742
19.320158004760742
19.320158004760742
19.320158004760742
25.059499740600586
28.963573455810547
22.044353485107422
19.320158004760742
19.320158004760742
25.059499740600586
26.79423713684082
19.320158004760742
19.320158004760742
25.277938842773438
20.749256134033203
33.760311126708984
20.33228302001953
19.320158004760742
19.320158004760742
25.059499740600586
25.358707427978516
25.358707427978516
26.973726272583008
22.36370849609375
25.358707427978516
25.059499740600586
25.358707427978516
25.358707427978516
25.059499740600586
25.068077087402344
25.068077087402344
30.57972526550293
24.053119659423828
25.068077087402344
25.068077087402344
31.03387451171875
24.624332427978516
31.03387451171875
23.857646942138672
25.059499740600586
25.468219757080078
25.468219757080078
29.498977661132812
27.422487258911133
25.059499740600586
25.468219757080078
25.468219757080078
28.80860137939453
26.120662689208984
20.517681121826172
25.468219757080078
30.1185302734375
25.059499740600586
28.963573455810547
22.158977508544922
31.58432960510254
33.38422775268555
25.849414825439453
27.524518966674805
21.426206588745117
29.498977661132812
23.240171432495117
29.143535614013672
29.329940795898438
21.09185028076172
25.849414825439453
20.990436553955078
31.03387451171875
23.579601287841797
21.88896942138672
21.88896942138672
20.370588302612305
21.083789825439453
33.760311126708984
21.235023498535156
21.021461486816406
21.41168212890625
20.521587371826172
25.059499740600586
21.039321899414062
31.03387451171875
22.985280990600586
25.849414825439453
20.246883392333984
21.155738830566406
20.338050842285156
26.07071304321289
21.083789825439453
21.618947982788086
21.730831146240234
21.369415283203125
21.306856155395508
21.328336715698242
26.07071304321289
21.40471649169922
26.07071304321289
25.059499740600586
26.07071304321289
33.760311126708984
24.381481170654297
26.07071304321289
31.722637176513672
20.285078048706055
20.530258178710938
26.071147918701172
31.722198486328125
29.523277282714844
29.76197052001953
33.23879623413086
32.37616729736328
24.717849731445312
24.717849731445312
56.51795959472656
24.717849731445312
32.37616729736328
24.717849731445312
28.844715118408203
27.02567481994629
27.10519027709961
26.2095947265625
37.682273864746094
24.717849731445312
24.717849731445312
24.717849731445312
24.717849731445312
24.717849731445312
24.717849731445312
24.717849731445312
24.717849731445312
39.694725036621094
24.717849731445312
24.717849731445312
24.717849731445312
24.717849731445312
24.717849731445312
24.717849731445312
24.717849731445312
24.717849731445312
24.717849731445312
24.717849731445312
24.717849731445312
24.717849731445312
24.717849731445312
24.717849731445312
24.717849731445312
24.717849731445312
24.717849731445312
24.717849731445312
24.717849731445312
24.717849731445312
24.717849731445312
24.717849731445312
24.717849731445312
24.717849731445312
24.717849731445312
24.717849731445312
24.717849731445312
24.717849731445312
24.717849731445312
24.717849731445312
24.717849731445312
24.717849731445312
24.717849731445312
24.717849731445312
24.717849731445312
24.717849731445312
24.717849731445312
24.717849731445312
24.717849731445312
24.717849731445312
24.717849731445312
24.717849731445312
24.717849731445312
24.717849731445312
24.717849731445312
24.717849731445312
24.717849731445312
24.717849731445312
24.717849731445312
24.717849731445312
24.717849731445312
24.717849731445312
24.717849731445312
24.717849731445312
24.717849731445312
24.717849731445312
24.717849731445312
24.717849731445312
24.717849731445312
24.717849731445312
53.257659912109375
30.140348434448242
29.76197052001953
28.935062408447266
29.523277282714844
66.11943817138672
34.215606689453125
37.90988540649414
31.03387451171875
21.009990692138672
27.774974822998047
21.68653678894043
26.059114456176758
29.329940795898438
36.03489685058594
30.57972526550293
39.50365447998047
32.826202392578125
37.41867446899414
27.524518966674805
25.011371612548828
26.059114456176758
27.86902618408203
29.498973846435547
35.171470642089844
33.760311126708984
22.022693634033203
31.03387451171875
21.705215454101562
31.03387451171875
22.451671600341797
20.500629425048828
31.03387451171875
25.68187141418457
26.4434814453125
20.42978286743164
31.722637176513672
21.32512664794922
31.016536712646484
30.346569061279297
36.71689987182617
35.485782623291016
33.760311126708984
21.404863357543945
22.086894989013672
20.446569442749023
35.05716323852539
27.86902618408203
21.42620849609375
27.86902618408203
33.760311126708984
33.760311126708984
24.210163116455078
24.210163116455078
24.642595291137695
24.210163116455078
27.62677764892578
20.199954986572266
30.57972526550293
21.96100616455078
38.948326110839844
61.95478439331055
26.059114456176758
24.389225006103516
26.059114456176758
19.924335479736328
30.293819427490234
63.74702453613281
31.722637176513672
21.910099029541016
21.228822708129883
26.059114456176758
21.747615814208984
29.498973846435547
20.706222534179688
20.706222534179688
19.946449279785156
20.706222534179688
31.03387451171875
20.51767921447754
27.062427520751953
28.05392074584961
31.722637176513672
21.362634658813477
30.346569061279297
20.23931121826172
20.81336212158203
29.329940795898438
24.96310043334961
29.498973846435547
20.20327377319336
20.76605224609375
26.360048294067383
31.03387451171875
21.16583251953125
33.354103088378906
31.722637176513672
29.143535614013672
31.722637176513672
20.930221557617188
20.855609893798828
20.469776153564453
20.855609893798828
20.20327377319336
20.309051513671875
21.314498901367188
20.309051513671875
20.309051513671875
20.309051513671875
20.309051513671875
20.309051513671875
30.798553466796875
20.309051513671875
29.498973846435547
20.355384826660156
20.309051513671875
21.895742416381836
33.760311126708984
21.880475997924805
33.760311126708984
20.530471801757812
20.309051513671875
22.4256591796875
20.309051513671875
20.309051513671875
20.309051513671875
21.314498901367188
20.309051513671875
20.309608459472656
20.309608459472656
20.309608459472656
20.309608459472656
20.309608459472656
20.309608459472656
20.309608459472656
20.309608459472656
21.314720153808594
20.988500595092773
20.309608459472656
21.08803939819336
20.309608459472656
21.221927642822266
20.309608459472656
20.309608459472656
20.970436096191406
20.309608459472656
21.221927642822266
21.314720153808594
23.689903259277344
20.810522079467773
25.197277069091797
21.221927642822266
21.221927642822266
