34.16874313354492
37.32514953613281
37.14124298095703
35.45146179199219
34.516239166259766
35.44691467285156
31.19045639038086
44.545616149902344
38.161094665527344
35.36610794067383
32.37132263183594
32.96229934692383
36.76274871826172
32.7695426940918
36.377532958984375
33.49427032470703
40.58572006225586
34.864044189453125
30.923566818237305
38.76481628417969
40.7155876159668
41.226890563964844
41.197486877441406
38.161094665527344
33.181434631347656
31.88907241821289
31.027904510498047
40.3984375
36.493675231933594
33.80375289916992
31.87943458557129
37.0516471862793
37.27970504760742
36.92644119262695
37.507781982421875
32.782535552978516
38.161094665527344
45.44539260864258
41.87808609008789
37.700050354003906
32.50054931640625
33.372318267822266
35.41138458251953
30.57602882385254
32.15809631347656
33.208621978759766
32.74972152709961
34.61359405517578
35.95332336425781
35.56300354003906
33.13475036621094
41.02846908569336
34.31119918823242
39.81512451171875
36.82612991333008
33.034889221191406
37.507781982421875
37.0516471862793
34.37502670288086
41.7138557434082
31.789453506469727
43.03780746459961
37.988311767578125
37.32514953613281
41.470333099365234
35.32831954956055
36.44656753540039
36.57117462158203
37.68102264404297
37.507781982421875
37.54887008666992
41.62788772583008
41.923519134521484
37.97610092163086
35.159095764160156
38.039249420166016
49.60212326049805
34.287208557128906
38.54154586791992
45.437042236328125
34.066986083984375
37.39138412475586
40.24819564819336
35.35349655151367
41.470333099365234
35.489837646484375
31.44355583190918
33.300071716308594
40.083709716796875
40.76450729370117
34.61295700073242
44.545616149902344
36.64406204223633
43.03780746459961
37.27817916870117
35.11647033691406
39.60499954223633
37.988311767578125
41.226890563964844
40.7155876159668
37.08013153076172
32.625587463378906
37.531349182128906
35.52132797241211
38.81980514526367
36.07469940185547
32.92848587036133
34.09247589111328
36.719913482666016
32.32574462890625
49.2241096496582
35.489837646484375
34.71708297729492
33.7053108215332
42.70145034790039
37.794097900390625
34.71708297729492
34.602108001708984
32.522071838378906
32.08930587768555
36.69715118408203
40.76450729370117
31.75391960144043
36.49658966064453
41.197486877441406
38.56699752807617
30.594364166259766
40.7155876159668
38.325218200683594
36.31402587890625
33.87522888183594
31.97054672241211
37.27970504760742
31.427261352539062
35.30707931518555
34.82811737060547
34.35438537597656
35.495845794677734
34.300907135009766
34.35011291503906
39.3731689453125
30.267498016357422
37.67472839355469
35.11647033691406
39.74462890625
30.646818161010742
35.35349655151367
44.992488861083984
34.89116287231445
33.208621978759766
35.52425003051758
41.197486877441406
34.35403060913086
37.794097900390625
39.736507415771484
40.55133056640625
34.59949493408203
33.034889221191406
31.05013656616211
33.669677734375
34.602108001708984
38.75337219238281
36.664344787597656
37.531349182128906
36.42612838745117
32.539642333984375
32.08908462524414
36.15216827392578
37.0516471862793
43.03780746459961
32.49565505981445
37.27970504760742
32.26662826538086
36.778564453125
40.76450729370117
38.00164031982422
36.273406982421875
48.01274108886719
43.290565490722656
33.062469482421875
40.453529357910156
36.447200775146484
38.210304260253906
41.02846908569336
44.545616149902344
43.90730667114258
41.031131744384766
43.03780746459961
38.82701110839844
44.545616149902344
30.646818161010742
37.08013153076172
31.33375358581543
33.43873596191406
34.6805419921875
31.496112823486328
43.290565490722656
36.85152053833008
37.507781982421875
36.40471649169922
37.507781982421875
33.44603729248047
38.2789192199707
37.531349182128906
35.86281967163086
35.11647033691406
44.545616149902344
44.60877227783203
33.034889221191406
44.66472244262695
35.3956184387207
40.76450729370117
33.14019775390625
32.823848724365234
33.618675231933594
32.15665054321289
41.09724807739258
38.82701110839844
36.27195358276367
34.70582580566406
33.04401397705078
43.03780746459961
39.64198684692383
32.51469802856445
32.899559020996094
40.83406066894531
41.470333099365234
46.458168029785156
37.62071228027344
34.35011291503906
33.845184326171875
34.602108001708984
37.27970504760742
38.287437438964844
31.706384658813477
37.40814208984375
38.99696731567383
39.69160461425781
32.43910217285156
41.09724807739258
35.5094108581543
33.034889221191406
42.91796112060547
31.266387939453125
32.89495849609375
41.470333099365234
31.786842346191406
37.54887008666992
48.425453186035156
31.72111701965332
32.08930587768555
40.68039321899414
32.29877471923828
34.3096809387207
34.02655029296875
34.16874313354492
35.11647033691406
35.52132797241211
37.54621887207031
38.03971481323242
43.191890716552734
38.693153381347656
31.5050106048584
32.823848724365234
41.470333099365234
32.66175079345703
37.75189208984375
40.163082122802734
35.398128509521484
32.85146713256836
38.161094665527344
41.169677734375
31.90745735168457
31.847734451293945
35.52132797241211
33.03840637207031
34.35438537597656
32.76179122924805
41.7138557434082
34.415565490722656
37.507781982421875
38.08676528930664
40.55133056640625
31.80276107788086
32.35794448852539
32.69581604003906
34.16874313354492
33.208621978759766
34.415565490722656
38.50577163696289
38.2789192199707
41.197486877441406
36.49658966064453
39.74462890625
34.71708297729492
35.90208053588867
36.01854705810547
34.09247589111328
33.504638671875
31.982440948486328
34.578033447265625
38.91367721557617
34.24857711791992
34.45808410644531
34.28261947631836
35.5094108581543
36.778564453125
40.57969665527344
40.58572006225586
33.80375289916992
33.181434631347656
34.6805419921875
30.646818161010742
37.08013153076172
35.426055908203125
37.32514953613281
34.71708297729492
35.52132797241211
31.35965347290039
31.847734451293945
41.02846908569336
41.197486877441406
34.303138732910156
31.28757667541504
40.55133056640625
38.161094665527344
39.81512451171875
37.026756286621094
44.545616149902344
31.847734451293945
41.42758560180664
34.287208557128906
38.284629821777344
40.58572006225586
33.329750061035156
37.08013153076172
39.8847541809082
36.92644119262695
36.377532958984375
33.00723648071289
36.27195358276367
41.470333099365234
39.60499954223633
36.01854705810547
41.197486877441406
35.685935974121094
41.470333099365234
40.163082122802734
37.41206741333008
34.59949493408203
37.0516471862793
33.14019775390625
39.341270446777344
36.159950256347656
42.27778244018555
34.229530334472656
34.3096809387207
35.52132797241211
44.22241973876953
37.0516471862793
37.08013153076172
44.22241973876953
34.20518112182617
31.096832275390625
38.209266662597656
37.40814208984375
40.55133056640625
40.102195739746094
31.872032165527344
38.67023468017578
37.054649353027344
39.69710159301758
34.17168045043945
37.0516471862793
36.85839080810547
44.255001068115234
33.61996841430664
32.22373580932617
33.80375289916992
37.61005401611328
30.522048950195312
37.0428352355957
37.507781982421875
37.67472839355469
40.335453033447266
41.13691329956055
35.01213836669922
37.05129623413086
37.277896881103516
41.470497131347656
44.22238540649414
36.537540435791016
32.044647216796875
40.764793395996094
40.55130386352539
37.06911849975586
38.63134765625
45.461578369140625
33.18157958984375
35.11631393432617
39.54841232299805
34.043277740478516
34.043277740478516
39.05528259277344
39.05528259277344
39.05528259277344
37.16563034057617
38.154075622558594
47.15200424194336
36.24962615966797
45.96824264526367
48.25102615356445
55.725364685058594
58.97895812988281
36.15678405761719
38.44864273071289
38.29923629760742
38.927799224853516
37.6246337890625
38.57938003540039
38.42641067504883
37.706180572509766
37.706180572509766
37.29686737060547
37.706180572509766
35.42535400390625
37.616302490234375
39.174068450927734
52.30018615722656
39.55712127685547
48.38114929199219
52.08034896850586
40.12320327758789
52.058738708496094
91.4682846069336
91.54597473144531
91.48477172851562
31.210371017456055
51.6606330871582
52.0699462890625
86.26065826416016
91.54597473144531
40.133358001708984
91.54597473144531
40.82013702392578
91.54597473144531
91.54597473144531
91.54597473144531
91.54597473144531
91.54597473144531
91.54597473144531
91.54597473144531
91.54597473144531
91.54597473144531
91.54597473144531
91.54597473144531
91.54597473144531
91.54597473144531
91.54597473144531
91.54597473144531
91.54597473144531
91.54597473144531
91.54597473144531
52.0172004699707
52.023738861083984
52.02920150756836
52.063961029052734
47.68284606933594
52.103660583496094
52.001712799072266
52.097511291503906
39.4392204284668
35.00640869140625
35.00640869140625
37.631465911865234
57.471187591552734
40.363441467285156
40.351402282714844
36.728572845458984
40.32342529296875
40.351402282714844
35.39528274536133
40.202232360839844
35.673946380615234
36.90068054199219
32.289302825927734
31.85663604736328
35.63471221923828
41.7138557434082
41.7138557434082
30.485342025756836
30.72360610961914
30.510929107666016
37.43492889404297
37.43492889404297
35.63471221923828
41.54895782470703
31.160348892211914
35.95195007324219
31.41327476501465
65.50765228271484
31.870607376098633
36.24962615966797
41.496131896972656
39.625038146972656
37.467132568359375
40.351402282714844
40.36072540283203
36.57117462158203
40.246559143066406
40.52894592285156
40.273468017578125
40.52894592285156
37.48647689819336
42.316890716552734
39.10752868652344
39.65483856201172
38.65095520019531
40.81727981567383
43.183448791503906
40.618133544921875
42.13054656982422
42.24240493774414
36.631080627441406
37.89077377319336
34.56938552856445
36.5113639831543
48.347808837890625
32.2424430847168
37.06232452392578
43.22262191772461
36.80718994140625
32.44426345825195
33.8092041015625
33.918846130371094
34.00345230102539
34.909767150878906
43.09486770629883
34.38669204711914
46.84295654296875
33.543148040771484
32.68944549560547
39.212501525878906
35.68777847290039
33.2579460144043
32.62009048461914
30.30473518371582
33.637603759765625
32.63665008544922
32.63665008544922
32.63665008544922
33.637603759765625
33.637603759765625
43.76182556152344
43.76182556152344
34.06706619262695
34.06706619262695
33.637603759765625
43.36927795410156
44.99996566772461
36.42601776123047
33.132205963134766
32.63665008544922
31.714122772216797
44.43757247924805
41.01377868652344
32.24802780151367
32.28816604614258
34.276222229003906
32.23588943481445
33.132205963134766
32.29904556274414
31.962255477905273
30.850154876708984
33.2579460144043
33.2579460144043
33.2579460144043
33.918846130371094
34.356082916259766
35.10454559326172
34.56913375854492
33.637603759765625
32.578956604003906
30.30473518371582
30.30473518371582
33.637603759765625
45.992698669433594
46.628719329833984
47.895668029785156
33.2579460144043
33.918846130371094
35.289344787597656
33.2579460144043
33.132205963134766
32.61399841308594
34.840415954589844
34.09575653076172
34.480438232421875
33.918846130371094
33.550315856933594
47.78520202636719
33.801448822021484
41.627174377441406
32.752296447753906
43.00370788574219
32.545013427734375
32.61810302734375
38.87717056274414
33.918846130371094
33.2579460144043
33.99703598022461
35.656455993652344
32.978607177734375
38.009422302246094
37.604270935058594
32.4440803527832
33.918846130371094
32.22883605957031
34.58662033081055
40.8286018371582
37.08531188964844
40.47987747192383
40.93489074707031
40.281097412109375
36.75821304321289
40.82166290283203
40.6593017578125
37.723114013671875
39.625038146972656
35.86857223510742
40.7089958190918
42.24240493774414
43.22262191772461
36.80718994140625
37.06232452392578
36.80718994140625
36.5113639831543
34.56938552856445
36.5113639831543
33.58782196044922
33.769691467285156
32.28246307373047
37.89077377319336
36.631080627441406
37.89077377319336
52.123512268066406
44.43757247924805
68.42425537109375
35.11695861816406
34.27756118774414
35.11695861816406
32.587745666503906
35.11695861816406
34.27756118774414
35.11695861816406
31.976314544677734
34.43975067138672
32.78862762451172
31.292922973632812
37.815834045410156
37.982574462890625
38.98675537109375
41.16975784301758
36.3290901184082
41.16975784301758
41.16975784301758
36.3290901184082
30.805267333984375
36.97523498535156
34.719482421875
36.97523498535156
49.822425842285156
49.522560119628906
49.582054138183594
49.00954818725586
49.311439514160156
38.50577163696289
34.577171325683594
38.50577163696289
36.58450698852539
39.760128021240234
36.58450698852539
45.65382766723633
31.776350021362305
42.114437103271484
38.08186340332031
35.53547286987305
34.06706619262695
34.06706619262695
34.06706619262695
43.76182556152344
43.76182556152344
43.76182556152344
43.76182556152344
34.06706619262695
43.76182556152344
34.06706619262695
34.06706619262695
34.06706619262695
34.06706619262695
43.76182556152344
43.76182556152344
43.76182556152344
30.74414825439453
33.69697189331055
36.97523498535156
34.719482421875
36.97523498535156
47.64240264892578
32.539756774902344
41.16975784301758
36.3290901184082
41.16975784301758
43.56075668334961
41.16975784301758
36.3290901184082
41.34089279174805
40.72500991821289
41.34089279174805
33.62663650512695
35.416046142578125
36.38835906982422
36.38835906982422
32.310325622558594
41.16975784301758
36.3290901184082
41.16975784301758
36.3290901184082
41.16975784301758
39.11179733276367
31.99787139892578
31.56802749633789
41.733978271484375
40.691680908203125
31.991846084594727
39.95472717285156
37.4903564453125
39.95472717285156
37.27817916870117
36.86692428588867
37.27817916870117
33.08726501464844
36.68771743774414
34.79718780517578
36.42275619506836
32.93307113647461
39.95472717285156
37.4903564453125
39.95472717285156
43.93779754638672
41.7138557434082
43.93779754638672
37.64443588256836
33.23649597167969
37.27817916870117
36.86692428588867
37.27817916870117
37.27817916870117
36.86692428588867
41.16975784301758
36.3290901184082
32.74760437011719
34.04302215576172
41.733978271484375
40.691680908203125
41.733978271484375
41.16975784301758
31.534324645996094
37.65984344482422
34.33576583862305
37.65984344482422
38.0017204284668
33.294677734375
38.0017204284668
38.0017204284668
44.99996566772461
43.36927795410156
44.99996566772461
44.99996566772461
43.36927795410156
39.09638977050781
34.14778137207031
35.850337982177734
35.32321548461914
35.64268493652344
35.32321548461914
41.01377868652344
44.43757247924805
41.01377868652344
32.917327880859375
33.976707458496094
35.00169372558594
33.90048599243164
35.19053649902344
33.966697692871094
33.673553466796875
34.58746337890625
35.850337982177734
36.095794677734375
32.036399841308594
30.44677734375
34.56913375854492
33.88103103637695
37.209144592285156
32.22481918334961
30.280258178710938
34.06706619262695
34.06706619262695
34.06706619262695
36.171669006347656
37.1713981628418
39.406715393066406
31.514604568481445
34.06706619262695
34.06706619262695
34.06706619262695
34.06706619262695
34.06706619262695
35.63471221923828
33.961021423339844
33.446563720703125
32.43441390991211
44.99996566772461
43.36927795410156
30.693038940429688
35.495845794677734
34.92788314819336
43.242706298828125
33.32810592651367
48.3770751953125
43.242706298828125
48.3770751953125
51.700035095214844
57.07549285888672
48.3770751953125
48.3770751953125
48.3770751953125
48.3770751953125
36.748992919921875
48.3770751953125
48.3770751953125
48.3770751953125
48.3770751953125
48.3770751953125
48.3770751953125
48.3770751953125
48.3770751953125
48.3770751953125
48.3770751953125
33.60978698730469
51.10912322998047
43.242706298828125
48.3770751953125
48.3770751953125
33.60978698730469
48.3770751953125
48.3770751953125
48.3770751953125
33.60978698730469
48.3770751953125
48.3770751953125
35.27457809448242
48.3770751953125
48.3770751953125
33.60978698730469
39.2110710144043
33.16135787963867
48.3770751953125
48.3770751953125
33.60978698730469
48.3770751953125
48.3770751953125
48.3770751953125
33.60978698730469
48.3770751953125
48.3770751953125
48.3770751953125
48.3770751953125
33.60978698730469
34.37650680541992
31.98570442199707
48.3770751953125
32.763099670410156
34.203948974609375
48.3770751953125
33.60978698730469
48.3770751953125
48.3770751953125
48.3770751953125
48.3770751953125
33.60978698730469
37.409053802490234
32.8810920715332
48.3770751953125
48.3770751953125
33.60978698730469
31.267154693603516
48.3770751953125
48.3770751953125
32.1464958190918
31.375375747680664
42.868770599365234
31.20401382446289
48.3770751953125
48.3770751953125
33.60978698730469
36.97502899169922
36.97502899169922
37.698333740234375
31.044706344604492
36.97502899169922
33.60978698730469
36.97502899169922
36.97502899169922
33.60978698730469
36.34252166748047
36.34252166748047
39.2110710144043
33.20045471191406
36.34252166748047
36.34252166748047
40.06903839111328
32.14158248901367
40.06903839111328
31.38202667236328
33.60978698730469
36.04228591918945
36.04228591918945
38.80313491821289
32.97908020019531
33.60978698730469
36.04228591918945
36.04228591918945
37.800201416015625
32.28741455078125
30.756135940551758
36.04228591918945
36.67919158935547
33.60978698730469
37.409053802490234
32.38296890258789
35.39384841918945
38.36351776123047
35.840431213378906
37.184814453125
31.421117782592773
38.80313491821289
31.433109283447266
36.24962615966797
33.75743103027344
30.716100692749023
35.840431213378906
30.44529914855957
40.06903839111328
31.373075485229492
31.07764434814453
31.07764434814453
30.27894401550293
30.98048973083496
42.868770599365234
30.85226058959961
30.974422454833984
31.156091690063477
30.364858627319336
33.60978698730469
30.48501968383789
40.06903839111328
32.6956787109375
35.840431213378906
30.427913665771484
31.16335105895996
30.686687469482422
35.63650131225586
30.98048973083496
31.08780860900879
31.568134307861328
30.928220748901367
30.612850189208984
31.138635635375977
35.63650131225586
30.972110748291016
35.63650131225586
33.60978698730469
35.63650131225586
42.868770599365234
31.54204559326172
35.63650131225586
40.015079498291016
30.343122482299805
30.753049850463867
35.63645935058594
40.014564514160156
36.30157470703125
36.62893295288086
35.70692825317383
35.54710388183594
36.54948425292969
36.54948425292969
55.32904052734375
36.54948425292969
35.54710388183594
36.54948425292969
35.30999755859375
35.14088439941406
33.366310119628906
32.20646667480469
45.3275260925293
36.54948425292969
36.54948425292969
36.54948425292969
36.54948425292969
36.54948425292969
36.54948425292969
36.54948425292969
36.54948425292969
38.73720932006836
36.54948425292969
36.54948425292969
36.54948425292969
36.54948425292969
36.54948425292969
36.54948425292969
36.54948425292969
36.54948425292969
36.54948425292969
36.54948425292969
36.54948425292969
36.54948425292969
36.54948425292969
36.54948425292969
36.54948425292969
36.54948425292969
36.54948425292969
36.54948425292969
36.54948425292969
36.54948425292969
36.54948425292969
36.54948425292969
36.54948425292969
36.54948425292969
36.54948425292969
36.54948425292969
36.54948425292969
36.54948425292969
36.54948425292969
36.54948425292969
36.54948425292969
36.54948425292969
36.54948425292969
36.54948425292969
36.54948425292969
36.54948425292969
36.54948425292969
36.54948425292969
36.54948425292969
36.54948425292969
36.54948425292969
36.54948425292969
36.54948425292969
36.54948425292969
36.54948425292969
36.54948425292969
36.54948425292969
36.54948425292969
36.54948425292969
36.54948425292969
36.54948425292969
36.54948425292969
36.54948425292969
36.54948425292969
36.54948425292969
36.54948425292969
36.54948425292969
36.54948425292969
36.54948425292969
36.54948425292969
59.509239196777344
34.947914123535156
36.62893295288086
39.29813766479492
36.30157470703125
60.06709671020508
43.242706298828125
35.907676696777344
40.06903839111328
31.725671768188477
35.26099395751953
31.81481170654297
34.37650680541992
33.75743103027344
47.08588409423828
39.2110710144043
49.71013641357422
46.135826110839844
48.533992767333984
37.184814453125
34.397300720214844
34.37650680541992
36.748992919921875
38.80313491821289
46.018035888671875
42.868770599365234
31.176544189453125
40.06903839111328
31.931764602661133
40.06903839111328
31.387889862060547
30.706382751464844
40.06903839111328
32.97733688354492
33.636024475097656
30.47488021850586
40.015079498291016
31.798439025878906
42.00407028198242
36.79032897949219
39.40019226074219
39.01483154296875
42.868770599365234
31.559249877929688
32.14353561401367
30.599016189575195
50.296756744384766
36.748992919921875
31.42448616027832
36.748992919921875
42.868770599365234
42.868770599365234
31.55960464477539
31.55960464477539
32.09999084472656
31.55960464477539
35.73090362548828
30.5852108001709
39.2110710144043
31.920915603637695
41.405517578125
58.98128890991211
34.37650680541992
32.2172737121582
34.37650680541992
30.26615333557129
33.76893997192383
62.918846130371094
40.015079498291016
31.80196189880371
30.8291015625
34.37650680541992
30.876197814941406
38.80313491821289
31.206050872802734
31.206050872802734
30.75250816345215
31.206050872802734
40.06903839111328
30.756135940551758
34.62531661987305
35.36919403076172
40.015079498291016
31.047115325927734
36.79032897949219
30.809158325195312
30.578990936279297
33.75743103027344
34.15361022949219
38.80313491821289
30.922388076782227
30.31208038330078
33.87432861328125
40.06903839111328
30.237844467163086
35.27457809448242
40.015079498291016
36.24962615966797
40.015079498291016
30.402158737182617
30.63424301147461
30.725584030151367
30.63424301147461
30.922388076782227
30.982666015625
31.166467666625977
30.982666015625
30.982666015625
30.982666015625
30.982666015625
30.982666015625
37.3573112487793
30.982666015625
38.80313491821289
30.97576904296875
30.982666015625
30.94452667236328
42.868770599365234
31.008678436279297
42.868770599365234
29.8626651763916
30.982666015625
31.179019927978516
30.982666015625
30.982666015625
30.982666015625
31.166467666625977
30.982666015625
30.98274803161621
30.98274803161621
30.98274803161621
30.98274803161621
30.98274803161621
30.98274803161621
30.98274803161621
30.98274803161621
31.166484832763672
30.28023910522461
30.98274803161621
30.43225860595703
30.98274803161621
30.666893005371094
30.98274803161621
30.98274803161621
30.348163604736328
30.98274803161621
30.666893005371094
31.166484832763672
32.66521453857422
30.584678649902344
32.36903381347656
30.666893005371094
30.666893005371094
