16.623252868652344
16.870454788208008
24.857467651367188
18.416656494140625
19.863500595092773
21.136533737182617
8.701406478881836
21.034208297729492
23.250667572021484
21.634065628051758
10.501880645751953
16.61585235595703
32.28915786743164
8.73074722290039
16.43220329284668
19.347545623779297
24.825117111206055
18.385814666748047
12.875362396240234
19.6584529876709
21.75118637084961
22.54840850830078
19.072336196899414
23.250667572021484
16.609111785888672
8.926921844482422
17.48987579345703
21.250829696655273
22.481924057006836
17.445268630981445
9.841239929199219
15.054006576538086
20.36287498474121
15.641860961914062
15.44066047668457
17.468318939208984
23.250667572021484
12.303993225097656
20.06170082092285
38.73929977416992
24.180824279785156
28.61020278930664
12.623348236083984
11.774543762207031
8.570158004760742
15.926450729370117
9.422859191894531
15.500804901123047
15.763179779052734
17.236778259277344
16.828168869018555
22.998706817626953
25.609922409057617
20.77197265625
21.22172737121582
15.535636901855469
15.44066047668457
15.054006576538086
22.11575698852539
24.034992218017578
8.709268569946289
25.900583267211914
16.207326889038086
16.870454788208008
22.498458862304688
18.8142147064209
18.58806800842285
8.814857482910156
28.34796142578125
15.44066047668457
20.57053565979004
30.385578155517578
22.36465072631836
18.83304786682129
18.326187133789062
18.12574005126953
9.797489166259766
18.10613441467285
20.335037231445312
11.18655776977539
20.48822784423828
26.698665618896484
25.570749282836914
20.59128761291504
22.498458862304688
23.532548904418945
9.44439697265625
16.7078914642334
21.82779312133789
21.94186782836914
18.60552978515625
21.034208297729492
22.854736328125
25.900583267211914
20.31389617919922
24.887584686279297
20.67657470703125
16.207326889038086
22.54840850830078
21.75118637084961
16.041484832763672
11.42282485961914
23.650711059570312
16.39676284790039
22.91655158996582
17.797775268554688
16.12598419189453
18.210206985473633
22.342876434326172
9.219585418701172
11.091590881347656
23.532548904418945
18.256921768188477
18.19049072265625
23.46868324279785
20.64420509338379
18.256921768188477
18.932708740234375
18.602113723754883
8.513404846191406
28.47995376586914
21.94186782836914
10.381111145019531
22.399885177612305
19.072336196899414
21.149341583251953
12.734243392944336
21.75118637084961
17.202255249023438
18.47454071044922
15.16738510131836
8.64750862121582
20.36287498474121
15.101764678955078
31.84619903564453
18.991838455200195
16.281524658203125
29.385801315307617
13.949956893920898
19.0269718170166
22.57457160949707
10.81363296508789
20.71572494506836
24.887584686279297
19.79912757873535
10.148527145385742
20.59128761291504
28.73612403869629
15.895320892333984
15.926450729370117
19.664627075195312
19.072336196899414
18.36122703552246
20.64420509338379
20.932449340820312
19.755165100097656
19.6439208984375
15.535636901855469
8.644046783447266
17.973793029785156
18.932708740234375
23.91781997680664
15.121482849121094
23.650711059570312
14.723564147949219
9.622329711914062
15.312360763549805
19.372352600097656
15.054006576538086
25.900583267211914
16.560405731201172
20.36287498474121
10.337644577026367
23.379003524780273
21.94186782836914
19.302082061767578
17.916156768798828
18.095333099365234
22.784788131713867
12.418201446533203
21.146595001220703
14.17076301574707
19.30406379699707
22.998706817626953
21.034208297729492
10.960184097290039
25.192718505859375
25.900583267211914
21.33462142944336
21.034208297729492
10.148527145385742
16.041484832763672
10.374670028686523
11.596033096313477
17.23227310180664
12.278085708618164
22.784788131713867
20.324548721313477
15.44066047668457
16.16886329650879
15.44066047668457
23.866168975830078
19.395099639892578
23.650711059570312
17.778175354003906
24.887584686279297
21.034208297729492
16.113567352294922
15.535636901855469
24.744611740112305
17.20803451538086
21.94186782836914
14.441743850708008
22.614784240722656
23.44021987915039
17.859607696533203
21.914031982421875
21.33462142944336
21.42368507385254
18.66200065612793
16.499156951904297
25.900583267211914
19.010997772216797
18.54959487915039
15.684942245483398
23.83843994140625
22.498458862304688
48.94818115234375
26.47981071472168
19.0269718170166
15.268241882324219
18.932708740234375
20.36287498474121
19.218982696533203
8.479541778564453
29.45684242248535
47.28958511352539
19.443145751953125
18.816726684570312
21.914031982421875
16.351667404174805
15.535636901855469
21.59177017211914
9.861518859863281
12.365446090698242
22.498458862304688
9.88833999633789
20.57053565979004
9.366870880126953
9.538846969604492
8.513404846191406
34.683467864990234
12.925792694091797
14.84841537475586
15.69387435913086
16.623252868652344
24.887584686279297
16.39676284790039
16.1867733001709
17.886470794677734
27.33942413330078
18.778411865234375
19.629003524780273
22.614784240722656
22.498458862304688
14.430854797363281
16.423076629638672
26.03397560119629
21.484228134155273
17.17325210571289
23.250667572021484
21.972612380981445
8.07451057434082
15.470806121826172
16.39676284790039
18.93671989440918
16.281524658203125
17.680042266845703
24.034992218017578
17.11044692993164
15.44066047668457
22.833633422851562
19.755165100097656
10.107425689697266
9.054061889648438
18.892772674560547
16.623252868652344
15.926450729370117
17.11044692993164
17.051721572875977
19.395099639892578
19.072336196899414
22.399885177612305
19.79912757873535
18.256921768188477
17.713485717773438
22.83510971069336
18.210206985473633
17.18181610107422
11.919391632080078
26.246055603027344
18.843326568603516
16.117164611816406
23.202075958251953
17.56783676147461
16.351667404174805
23.379003524780273
23.293176651000977
24.825117111206055
17.445268630981445
16.609111785888672
17.23227310180664
10.148527145385742
16.041484832763672
21.33796501159668
16.870454788208008
18.256921768188477
16.39676284790039
8.302938461303711
15.470806121826172
22.998706817626953
19.072336196899414
33.03086471557617
10.036033630371094
19.755165100097656
23.250667572021484
20.77197265625
23.131031036376953
21.034208297729492
15.470806121826172
28.424570083618164
18.10613441467285
20.91722869873047
24.825117111206055
15.798479080200195
16.041484832763672
19.37094497680664
15.641860961914062
16.43220329284668
14.040361404418945
21.42368507385254
22.498458862304688
20.67657470703125
22.83510971069336
19.072336196899414
22.835126876831055
22.498458862304688
26.03397560119629
16.041040420532227
19.6439208984375
15.054006576538086
14.441743850708008
19.133466720581055
19.409343719482422
21.656023025512695
16.365720748901367
14.84841537475586
16.39676284790039
27.547666549682617
15.054006576538086
16.041484832763672
27.547666549682617
17.2108154296875
11.251937866210938
19.3171329498291
29.45684242248535
19.755165100097656
26.194290161132812
10.515472412109375
20.451519012451172
16.778953552246094
22.81095314025879
15.806875228881836
15.054006576538086
48.77598571777344
23.74603843688965
16.037870407104492
17.438356399536133
17.445268630981445
18.77227020263672
11.023601531982422
14.735723495483398
15.44066047668457
20.71572494506836
23.7277774810791
19.039276123046875
30.551040649414062
15.053672790527344
20.312910079956055
22.4986572265625
27.54738998413086
15.249176025390625
11.746187210083008
21.94241714477539
19.75493621826172
25.569644927978516
31.73923110961914
19.752300262451172
16.609180450439453
24.887786865234375
30.76181983947754
21.053070068359375
21.053070068359375
25.724891662597656
25.724891662597656
25.724891662597656
26.404800415039062
28.7864933013916
36.744110107421875
20.73175621032715
26.14666175842285
33.373531341552734
52.46144104003906
42.16486740112305
29.01032257080078
22.370859146118164
22.817415237426758
24.383960723876953
20.616819381713867
23.548376083374023
22.345001220703125
29.356117248535156
29.356117248535156
22.853351593017578
29.356117248535156
22.28799819946289
23.855575561523438
37.03093338012695
18.374237060546875
42.19164276123047
31.221282958984375
17.47511100769043
34.71640396118164
17.390399932861328
19.869789123535156
18.714981079101562
18.938426971435547
10.35781478881836
15.776016235351562
17.418655395507812
24.782039642333984
18.714981079101562
40.87760543823242
18.714981079101562
31.714365005493164
18.714981079101562
18.714981079101562
18.714981079101562
18.714981079101562
18.714981079101562
18.714981079101562
18.714981079101562
18.714981079101562
18.714981079101562
18.714981079101562
18.714981079101562
18.714981079101562
18.714981079101562
18.714981079101562
18.714981079101562
18.714981079101562
18.714981079101562
18.714981079101562
17.197277069091797
17.49540138244629
17.57355499267578
17.406755447387695
22.763601303100586
17.635475158691406
17.293642044067383
17.51504135131836
39.26518630981445
24.998754501342773
24.998754501342773
20.485607147216797
40.817787170410156
16.888355255126953
15.665260314941406
16.89034080505371
15.892791748046875
15.665260314941406
17.9592227935791
15.370738983154297
16.158226013183594
18.898664474487305
14.008054733276367
10.089881896972656
32.28242874145508
24.034992218017578
24.034992218017578
9.55096435546875
9.4578857421875
7.338109970092773
39.88812255859375
39.88812255859375
32.28242874145508
21.676950454711914
8.207656860351562
28.444055557250977
11.285890579223633
60.372947692871094
14.420661926269531
20.73175621032715
41.13153839111328
16.789920806884766
24.953855514526367
15.665260314941406
16.59073257446289
8.814857482910156
15.788751602172852
18.156057357788086
16.5679931640625
18.156057357788086
22.432138442993164
21.639020919799805
18.931411743164062
18.260692596435547
17.125001907348633
24.398452758789062
28.44059181213379
21.37401580810547
21.20932388305664
23.41189956665039
14.45083236694336
14.969690322875977
18.026365280151367
17.268110275268555
13.508228302001953
13.399572372436523
20.09563636779785
25.880146026611328
19.846885681152344
8.944881439208984
11.888402938842773
20.531227111816406
11.013198852539062
11.868736267089844
22.688547134399414
11.703275680541992
19.234773635864258
16.27720069885254
10.815519332885742
30.557056427001953
18.300662994384766
13.88458251953125
9.585533142089844
10.139671325683594
19.62091827392578
16.600082397460938
16.600082397460938
16.600082397460938
19.62091827392578
19.62091827392578
23.782184600830078
23.782184600830078
15.267498016357422
15.267498016357422
19.62091827392578
22.694122314453125
26.14017105102539
17.007213592529297
12.722177505493164
16.600082397460938
9.210933685302734
25.899877548217773
20.332921981811523
9.13530158996582
10.551559448242188
11.900310516357422
10.539396286010742
12.722177505493164
10.924758911132812
9.121213912963867
13.640304565429688
13.88458251953125
13.88458251953125
13.88458251953125
20.531227111816406
12.330331802368164
15.359718322753906
15.423316955566406
19.62091827392578
12.292831420898438
10.139671325683594
10.139671325683594
19.62091827392578
17.458431243896484
16.040599822998047
11.3797607421875
13.88458251953125
20.531227111816406
23.670122146606445
13.88458251953125
12.722177505493164
9.476551055908203
17.187374114990234
16.558536529541016
17.102336883544922
20.531227111816406
14.030899047851562
12.243331909179688
15.823762893676758
18.999366760253906
11.405303955078125
19.212459564208984
14.510913848876953
9.370708465576172
25.629840850830078
20.531227111816406
13.88458251953125
11.00741195678711
20.94707679748535
15.956369400024414
20.09708023071289
18.457576751708984
14.540817260742188
20.531227111816406
11.312572479248047
30.579425811767578
19.47637176513672
18.288803100585938
17.080490112304688
17.030616760253906
18.58875274658203
18.752330780029297
16.69518280029297
18.232053756713867
24.98503303527832
16.789920806884766
17.176063537597656
24.04910659790039
23.41189956665039
25.880146026611328
19.846885681152344
20.09563636779785
19.846885681152344
17.268110275268555
18.026365280151367
17.268110275268555
13.126144409179688
13.78237533569336
12.111339569091797
14.969690322875977
14.45083236694336
14.969690322875977
41.19446563720703
25.899877548217773
63.349998474121094
18.73232650756836
16.658954620361328
18.73232650756836
11.196273803710938
18.73232650756836
16.658954620361328
18.73232650756836
11.764984130859375
27.906888961791992
18.900461196899414
13.205785751342773
18.947368621826172
17.123395919799805
17.82835578918457
23.859220504760742
19.86677360534668
23.859220504760742
23.859220504760742
19.86677360534668
9.945358276367188
19.3455810546875
16.90668296813965
19.3455810546875
12.83184814453125
12.980426788330078
13.185340881347656
13.041427612304688
13.167537689208984
17.051721572875977
16.172412872314453
17.051721572875977
20.499608993530273
23.983779907226562
20.499608993530273
12.733695983886719
13.596515655517578
22.637237548828125
18.171323776245117
18.091156005859375
15.267498016357422
15.267498016357422
15.267498016357422
23.782184600830078
23.782184600830078
23.782184600830078
23.782184600830078
15.267498016357422
23.782184600830078
15.267498016357422
15.267498016357422
15.267498016357422
15.267498016357422
23.782184600830078
23.782184600830078
23.782184600830078
10.092527389526367
12.430458068847656
19.3455810546875
16.90668296813965
19.3455810546875
11.162578582763672
15.42137336730957
23.859220504760742
19.86677360534668
23.859220504760742
12.7506103515625
23.859220504760742
19.86677360534668
29.34359359741211
28.566747665405273
29.34359359741211
11.99272346496582
24.468570709228516
30.118040084838867
30.118040084838867
15.944059371948242
23.859220504760742
19.86677360534668
23.859220504760742
19.86677360534668
23.859220504760742
20.23410415649414
15.282337188720703
12.616994857788086
20.13886833190918
21.523914337158203
11.497640609741211
22.336223602294922
18.607494354248047
22.336223602294922
20.31389617919922
14.842905044555664
20.31389617919922
10.066089630126953
17.618555068969727
18.536483764648438
18.285547256469727
18.442626953125
22.336223602294922
18.607494354248047
22.336223602294922
23.743282318115234
24.034992218017578
23.743282318115234
19.828983306884766
18.432283401489258
20.31389617919922
14.842905044555664
20.31389617919922
20.31389617919922
14.842905044555664
23.859220504760742
19.86677360534668
19.21401596069336
15.432052612304688
20.13886833190918
21.523914337158203
20.13886833190918
23.859220504760742
15.692014694213867
19.37299346923828
27.252431869506836
19.37299346923828
26.829387664794922
18.599634170532227
26.829387664794922
26.829387664794922
26.14017105102539
22.694122314453125
26.14017105102539
26.14017105102539
22.694122314453125
41.53456497192383
20.18576431274414
16.96287727355957
18.3347110748291
17.919513702392578
18.3347110748291
20.332921981811523
25.899877548217773
20.332921981811523
15.055782318115234
12.132705688476562
16.822982788085938
16.88918113708496
19.76799964904785
13.760025024414062
30.22582244873047
20.879819869995117
16.96287727355957
16.842071533203125
14.710933685302734
8.894916534423828
15.423316955566406
13.545356750488281
17.00945281982422
11.261032104492188
9.860757827758789
15.267498016357422
15.267498016357422
15.267498016357422
23.59160614013672
16.040996551513672
23.7498722076416
12.8350830078125
15.267498016357422
15.267498016357422
15.267498016357422
15.267498016357422
15.267498016357422
32.28242874145508
21.264421463012695
19.605533599853516
23.526443481445312
26.14017105102539
22.694122314453125
10.522350311279297
29.385801315307617
21.816381454467773
25.552885055541992
10.885568618774414
-4.151679992675781
25.552885055541992
-4.151679992675781
25.749839782714844
53.75043869018555
-4.151679992675781
-4.151679992675781
-4.151679992675781
-4.151679992675781
17.52095603942871
-4.151679992675781
-4.151679992675781
-4.151679992675781
-4.151679992675781
-4.151679992675781
-4.151679992675781
-4.151679992675781
-4.151679992675781
-4.151679992675781
-4.151679992675781
11.384925842285156
19.040424346923828
25.552885055541992
-4.151679992675781
-4.151679992675781
11.384925842285156
-4.151679992675781
-4.151679992675781
-4.151679992675781
11.384925842285156
-4.151679992675781
-4.151679992675781
27.950252532958984
-4.151679992675781
-4.151679992675781
11.384925842285156
20.999839782714844
13.679931640625
-4.151679992675781
-4.151679992675781
11.384925842285156
-4.151679992675781
-4.151679992675781
-4.151679992675781
11.384925842285156
-4.151679992675781
-4.151679992675781
-4.151679992675781
-4.151679992675781
11.384925842285156
15.992321014404297
9.067371368408203
-4.151679992675781
15.900276184082031
11.684488296508789
-4.151679992675781
11.384925842285156
-4.151679992675781
-4.151679992675781
-4.151679992675781
-4.151679992675781
11.384925842285156
17.0621337890625
9.230707168579102
-4.151679992675781
-4.151679992675781
11.384925842285156
29.103681564331055
-4.151679992675781
-4.151679992675781
16.05724334716797
7.730010986328125
23.372356414794922
5.793464660644531
-4.151679992675781
-4.151679992675781
11.384925842285156
12.944320678710938
12.944320678710938
15.504827499389648
13.48823356628418
12.944320678710938
11.384925842285156
12.944320678710938
12.944320678710938
11.384925842285156
12.512393951416016
12.512393951416016
20.999839782714844
14.197174072265625
12.512393951416016
12.512393951416016
20.02890396118164
15.602516174316406
20.02890396118164
17.790258407592773
11.384925842285156
13.592277526855469
13.592277526855469
18.190540313720703
21.52141761779785
11.384925842285156
13.592277526855469
13.592277526855469
19.0194091796875
19.317276000976562
6.896457672119141
13.592277526855469
22.750957489013672
11.384925842285156
17.0621337890625
10.082998275756836
26.156620025634766
28.188264846801758
14.624176025390625
15.83871078491211
9.247419357299805
18.190540313720703
14.20682144165039
20.73175621032715
22.303621292114258
8.135473251342773
14.624176025390625
10.545963287353516
20.02890396118164
14.928190231323242
10.161388397216797
10.161388397216797
7.126171112060547
7.434906005859375
23.372356414794922
9.375648498535156
9.986490249633789
8.546669006347656
7.695514678955078
11.384925842285156
8.6295166015625
20.02890396118164
11.457809448242188
14.624176025390625
6.425506591796875
8.038612365722656
6.496242523193359
15.4581298828125
7.434906005859375
9.53982925415039
10.9063720703125
8.942771911621094
9.077259063720703
10.094619750976562
15.4581298828125
9.491130828857422
15.4581298828125
11.384925842285156
15.4581298828125
23.372356414794922
16.893159866333008
15.4581298828125
21.05342674255371
7.469703674316406
7.238832473754883
15.458698272705078
21.052976608276367
18.576671600341797
19.570037841796875
32.01200485229492
27.831029891967773
8.28152084350586
8.28152084350586
62.841190338134766
8.28152084350586
27.831029891967773
8.28152084350586
19.650554656982422
14.895378112792969
19.881906509399414
22.50442123413086
34.30033493041992
8.28152084350586
8.28152084350586
8.28152084350586
8.28152084350586
8.28152084350586
8.28152084350586
8.28152084350586
8.28152084350586
38.07603073120117
8.28152084350586
8.28152084350586
8.28152084350586
8.28152084350586
8.28152084350586
8.28152084350586
8.28152084350586
8.28152084350586
8.28152084350586
8.28152084350586
8.28152084350586
8.28152084350586
8.28152084350586
8.28152084350586
8.28152084350586
8.28152084350586
8.28152084350586
8.28152084350586
8.28152084350586
8.28152084350586
8.28152084350586
8.28152084350586
8.28152084350586
8.28152084350586
8.28152084350586
8.28152084350586
8.28152084350586
8.28152084350586
8.28152084350586
8.28152084350586
8.28152084350586
8.28152084350586
8.28152084350586
8.28152084350586
8.28152084350586
8.28152084350586
8.28152084350586
8.28152084350586
8.28152084350586
8.28152084350586
8.28152084350586
8.28152084350586
8.28152084350586
8.28152084350586
8.28152084350586
8.28152084350586
8.28152084350586
8.28152084350586
8.28152084350586
8.28152084350586
8.28152084350586
8.28152084350586
8.28152084350586
8.28152084350586
8.28152084350586
8.28152084350586
8.28152084350586
8.28152084350586
8.28152084350586
8.28152084350586
50.41786193847656
29.586633682250977
19.570037841796875
22.750198364257812
18.57666778564453
80.29776000976562
25.552881240844727
39.803253173828125
20.02890396118164
8.167293548583984
18.81212043762207
10.192556381225586
15.992321014404297
22.303621292114258
26.276683807373047
20.999839782714844
30.52597427368164
22.073877334594727
27.063072204589844
15.83871078491211
12.401538848876953
15.992321014404297
17.52095603942871
18.190540313720703
26.490127563476562
23.372364044189453
13.10037612915039
20.02890396118164
8.940923690795898
20.02890396118164
12.292274475097656
8.702095031738281
20.02890396118164
15.538009643554688
19.156843185424805
9.148441314697266
21.053424835205078
8.772729873657227
28.439271926879883
21.08002281188965
46.11949157714844
41.260894775390625
23.372364044189453
8.800918579101562
9.764045715332031
9.034618377685547
22.548053741455078
17.52095603942871
8.963382720947266
17.52095603942871
23.372364044189453
23.372364044189453
17.95232391357422
17.95232391357422
16.04987144470215
17.95232391357422
16.881736755371094
8.39090347290039
20.999839782714844
9.123687744140625
44.62398910522461
62.228424072265625
15.992321014404297
14.050920486450195
15.992321014404297
8.133281707763672
25.52957534790039
49.048892974853516
21.053424835205078
9.692779541015625
8.816204071044922
15.992321014404297
11.161561965942383
18.190540313720703
6.32264518737793
6.32264518737793
5.420343399047852
6.32264518737793
20.02890396118164
6.896461486816406
16.079700469970703
17.440601348876953
21.053424835205078
10.406364440917969
21.08002281188965
8.422426223754883
7.809638977050781
22.303621292114258
14.742084503173828
18.190540313720703
5.993328094482422
8.985645294189453
14.889196395874023
20.02890396118164
9.888450622558594
27.95024871826172
21.053424835205078
20.73175621032715
21.053424835205078
9.11444091796875
8.211299896240234
7.116260528564453
8.211299896240234
5.993328094482422
6.004619598388672
8.037120819091797
6.004619598388672
6.004619598388672
6.004619598388672
6.004619598388672
6.004619598388672
22.21734046936035
6.004619598388672
18.190540313720703
6.035148620605469
6.004619598388672
11.617372512817383
23.372364044189453
11.053993225097656
23.372364044189453
8.916778564453125
6.004619598388672
14.280582427978516
6.004619598388672
6.004619598388672
6.004619598388672
8.037120819091797
6.004619598388672
6.005466461181641
6.005466461181641
6.005466461181641
6.005466461181641
6.005466461181641
6.005466461181641
6.005466461181641
6.005466461181641
8.037725448608398
9.655206680297852
6.005466461181641
8.798652648925781
6.005466461181641
8.783790588378906
6.005466461181641
6.005466461181641
8.749237060546875
6.005466461181641
8.783790588378906
8.037725448608398
11.455039978027344
7.661645889282227
16.25091552734375
8.783790588378906
8.783790588378906
