31.803499221801758
34.45922088623047
35.156185150146484
33.278404235839844
32.91762161254883
33.89232635498047
27.763837814331055
41.31174850463867
36.14212417602539
33.27048873901367
28.96172523498535
30.573455810546875
35.76154327392578
29.217756271362305
33.32619094848633
31.284317016601562
37.824012756347656
32.33390808105469
27.929019927978516
35.400394439697266
37.3994026184082
37.7193603515625
38.800167083740234
36.14212417602539
30.901042938232422
28.546775817871094
28.320472717285156
37.183101654052734
34.51198959350586
31.29060173034668
28.46640396118164
33.75859451293945
35.25956344604492
33.74626541137695
33.982913970947266
30.964893341064453
36.14212417602539
36.78137969970703
35.50711441040039
38.76404571533203
30.339332580566406
32.132720947265625
31.73586654663086
27.81141471862793
28.676496505737305
30.800655364990234
29.289274215698242
31.42379379272461
32.822200775146484
32.56107711791992
30.910839080810547
37.76347351074219
33.459617614746094
37.287166595458984
34.4860725402832
30.523921966552734
33.982913970947266
33.75859451293945
32.71063232421875
39.615116119384766
28.394775390625
39.540409088134766
34.71084976196289
34.45922088623047
39.213233947753906
33.260345458984375
33.94169998168945
32.81748580932617
36.37513732910156
33.982913970947266
35.40557098388672
41.34439468383789
39.409549713134766
34.664039611816406
32.877227783203125
34.71976852416992
39.319461822509766
32.12310791015625
35.39091491699219
36.401588439941406
32.11713409423828
35.863277435302734
38.42171096801758
33.69854736328125
39.213233947753906
33.26082992553711
28.063926696777344
30.98148536682129
37.41824722290039
37.393470764160156
32.276527404785156
41.31174850463867
34.73891067504883
39.540409088134766
35.04529571533203
33.74139404296875
37.274078369140625
34.71084976196289
37.7193603515625
37.3994026184082
33.97124099731445
29.451622009277344
35.69184494018555
33.0677375793457
36.1235466003418
33.38107681274414
30.455833435058594
31.595661163330078
34.769107818603516
28.89862823486328
39.283966064453125
33.26082992553711
32.35334777832031
31.358394622802734
39.68825912475586
35.41111755371094
32.35334777832031
32.530906677246094
29.946250915527344
28.551424026489258
35.77796936035156
37.393470764160156
28.74867820739746
33.503807067871094
38.800167083740234
36.36479568481445
27.892288208007812
37.3994026184082
35.3600959777832
33.02562713623047
31.623188018798828
28.457176208496094
35.25956344604492
28.747394561767578
34.747093200683594
32.65928268432617
31.855045318603516
35.265228271484375
31.299579620361328
32.301170349121094
36.31398010253906
27.583688735961914
35.40941619873047
33.74139404296875
35.73040771484375
27.564300537109375
33.69854736328125
39.29347229003906
32.02442932128906
30.800655364990234
33.353370666503906
38.800167083740234
32.24268341064453
35.41111755371094
37.199974060058594
37.6371955871582
32.430171966552734
30.523921966552734
27.703603744506836
31.832874298095703
32.530906677246094
36.084529876708984
33.43085479736328
35.69184494018555
33.16498947143555
29.184789657592773
29.810379028320312
34.391197204589844
33.75859451293945
39.540409088134766
30.62890625
35.25956344604492
28.94717025756836
35.12486267089844
37.393470764160156
34.77566146850586
33.99489974975586
39.84669494628906
39.97732162475586
30.049362182617188
36.93733596801758
32.969112396240234
35.01322937011719
37.76347351074219
41.31174850463867
35.29877471923828
39.336181640625
39.540409088134766
36.01616287231445
41.31174850463867
27.564300537109375
33.97124099731445
28.15632438659668
30.150333404541016
32.29795837402344
28.487106323242188
39.97732162475586
34.775482177734375
33.982913970947266
33.8258171081543
33.982913970947266
32.0074462890625
34.93662643432617
35.69184494018555
33.05729675292969
33.74139404296875
41.31174850463867
36.929046630859375
30.523921966552734
38.133113861083984
32.718017578125
37.393470764160156
30.817726135253906
31.44314193725586
32.030296325683594
30.168577194213867
38.76618957519531
36.01616287231445
34.3174934387207
32.83584213256836
30.704092025756836
39.540409088134766
36.86664581298828
29.916316986083984
30.4447021484375
39.16269302368164
39.213233947753906
46.91838073730469
35.023460388183594
32.301170349121094
31.440256118774414
32.530906677246094
35.25956344604492
35.551979064941406
28.273332595825195
35.607879638671875
39.146636962890625
37.17562484741211
29.65816307067871
38.76618957519531
33.03881072998047
30.523921966552734
40.674530029296875
28.170690536499023
29.643394470214844
39.213233947753906
28.389419555664062
35.40557098388672
37.968231201171875
28.37656593322754
28.551424026489258
39.25398635864258
29.413095474243164
31.252225875854492
31.19003677368164
31.803499221801758
33.74139404296875
33.0677375793457
34.81403350830078
35.183197021484375
40.19828796386719
35.96759033203125
30.257715225219727
31.44314193725586
39.213233947753906
30.267356872558594
34.57158279418945
38.34846878051758
33.515472412109375
30.712217330932617
36.14212417602539
37.726715087890625
28.427326202392578
29.72515296936035
33.0677375793457
31.26021385192871
31.855045318603516
30.723648071289062
39.615116119384766
32.16606903076172
33.982913970947266
35.9559440612793
37.6371955871582
28.456974029541016
28.976625442504883
30.227174758911133
31.803499221801758
30.800655364990234
32.16606903076172
35.32582092285156
34.93662643432617
38.800167083740234
33.503807067871094
35.73040771484375
32.35334777832031
33.265892028808594
33.96000671386719
31.595661163330078
31.147092819213867
28.87630844116211
33.143096923828125
35.64024353027344
31.67501449584961
32.13018035888672
31.868581771850586
33.03881072998047
35.12486267089844
38.33974075317383
37.824012756347656
31.29060173034668
30.901042938232422
32.29795837402344
27.564300537109375
33.97124099731445
33.914398193359375
34.45922088623047
32.35334777832031
33.0677375793457
27.83730697631836
29.72515296936035
37.76347351074219
38.800167083740234
31.56922149658203
27.976253509521484
37.6371955871582
36.14212417602539
37.287166595458984
34.51533508300781
41.31174850463867
29.72515296936035
39.61188507080078
32.12310791015625
35.80071258544922
37.824012756347656
30.52402687072754
33.97124099731445
36.2140007019043
33.74626541137695
33.32619094848633
30.0760498046875
34.3174934387207
39.213233947753906
37.274078369140625
33.96000671386719
38.800167083740234
34.056270599365234
39.213233947753906
38.34846878051758
33.87557601928711
32.430171966552734
33.75859451293945
30.817726135253906
35.36150360107422
34.395469665527344
39.54302215576172
31.02524185180664
31.252225875854492
33.0677375793457
41.086185455322266
33.75859451293945
33.97124099731445
41.086185455322266
32.07451248168945
28.134340286254883
35.009361267089844
35.607879638671875
37.6371955871582
38.71229553222656
28.685089111328125
35.6595573425293
34.29429244995117
37.254783630371094
31.49456214904785
33.75859451293945
37.06578063964844
41.093414306640625
30.771404266357422
29.799755096435547
31.29060173034668
34.364192962646484
27.53068733215332
33.84175491333008
33.982913970947266
35.40941619873047
35.85211181640625
37.866153717041016
34.12165451049805
33.758277893066406
35.04496765136719
39.21339416503906
41.08610153198242
33.24516677856445
28.766090393066406
37.39378356933594
37.63723373413086
35.601173400878906
36.984840393066406
38.30524826049805
30.901172637939453
33.741249084472656
38.41497802734375
31.479230880737305
31.479230880737305
37.79640579223633
37.79640579223633
37.79640579223633
35.283042907714844
37.34492492675781
42.3566780090332
33.98984146118164
40.286094665527344
45.42953872680664
51.88413619995117
53.14080047607422
34.761146545410156
36.258872985839844
36.088558197021484
36.805118560791016
35.347049713134766
36.46208190917969
36.30715560913086
36.53520202636719
36.53520202636719
35.16551971435547
36.53520202636719
33.539161682128906
35.59890365600586
37.713775634765625
45.73504638671875
38.74449920654297
44.96246337890625
45.33935546875
38.759830474853516
45.274147033691406
73.79998779296875
73.66641998291016
73.6636962890625
28.088842391967773
44.25691223144531
45.31217956542969
71.06004333496094
73.66641998291016
38.801387786865234
73.66641998291016
39.22314453125
73.66641998291016
73.66641998291016
73.66641998291016
73.66641998291016
73.66641998291016
73.66641998291016
73.66641998291016
73.66641998291016
73.66641998291016
73.66641998291016
73.66641998291016
73.66641998291016
73.66641998291016
73.66641998291016
73.66641998291016
73.66641998291016
73.66641998291016
73.66641998291016
45.18061828613281
45.28548812866211
45.32528305053711
45.2655143737793
43.59856414794922
45.521209716796875
45.1076545715332
45.35228729248047
39.10945510864258
33.548587799072266
33.548587799072266
34.65669631958008
51.437164306640625
36.92921447753906
36.74454116821289
33.772987365722656
36.74862289428711
36.74454116821289
32.55840301513672
36.59469223022461
32.551780700683594
34.23027801513672
29.341270446777344
28.583030700683594
34.99555969238281
39.615116119384766
39.615116119384766
27.442712783813477
27.80494499206543
27.290863037109375
36.36384201049805
36.36384201049805
34.99555969238281
38.57674026489258
27.991661071777344
34.72654724121094
28.549163818359375
67.75821685791016
29.55536651611328
33.98984146118164
39.751190185546875
36.1193962097168
35.255767822265625
36.74454116821289
36.87909698486328
32.81748580932617
36.68848419189453
37.28023147583008
36.8194465637207
37.28023147583008
33.8120002746582
38.99490737915039
35.96799087524414
36.17791748046875
35.39986801147461
38.08601379394531
40.34751892089844
37.4273796081543
38.799598693847656
38.7471923828125
33.26567459106445
34.45785140991211
31.72039222717285
33.59339141845703
39.39087677001953
29.340124130249023
34.81058120727539
39.78902816772461
34.54811477661133
29.000877380371094
30.571144104003906
32.012290954589844
30.478927612304688
31.276134490966797
36.55689239501953
30.933292388916016
39.76690673828125
30.738605499267578
29.463619232177734
37.230567932128906
32.94140625
30.281373977661133
29.241775512695312
27.350101470947266
31.78005027770996
30.36268424987793
30.36268424987793
30.36268424987793
31.78005027770996
31.78005027770996
40.78668212890625
40.78668212890625
31.7552490234375
31.7552490234375
31.78005027770996
40.92150115966797
41.73025894165039
32.825828552246094
30.03421974182129
30.36268424987793
28.343467712402344
41.60924530029297
38.039581298828125
28.86841583251953
29.083415985107422
30.86656951904297
29.052677154541016
30.03421974182129
29.124176025390625
28.662097930908203
28.443824768066406
30.281373977661133
30.281373977661133
30.281373977661133
32.012290954589844
30.992965698242188
31.93597412109375
31.419435501098633
31.78005027770996
29.305742263793945
27.350101470947266
27.350101470947266
31.78005027770996
37.93341827392578
37.70103454589844
37.52170181274414
30.281373977661133
32.012290954589844
31.892789840698242
30.281373977661133
30.03421974182129
29.082000732421875
31.961870193481445
31.34980010986328
31.795238494873047
32.012290954589844
30.65045928955078
37.4439697265625
30.637367248535156
35.96599197387695
29.531476974487305
36.743980407714844
29.807729721069336
29.17400360107422
35.79552459716797
32.012290954589844
30.281373977661133
30.494037628173828
33.18027877807617
30.784072875976562
34.96259689331055
34.469764709472656
29.712615966796875
32.012290954589844
29.078584671020508
33.42570877075195
37.384521484375
33.79458999633789
37.02421951293945
37.41694641113281
37.218475341796875
33.45205307006836
37.312889099121094
37.40436935424805
34.91105270385742
36.1193962097168
32.95299530029297
37.61387634277344
38.7471923828125
39.78902816772461
34.54811477661133
34.81058120727539
34.54811477661133
33.59339141845703
31.72039222717285
33.59339141845703
30.198013305664062
30.508434295654297
29.29525375366211
34.45785140991211
33.26567459106445
34.45785140991211
48.20446014404297
41.60924530029297
65.31141662597656
33.116432189941406
32.01890563964844
33.116432189941406
29.276670455932617
33.116432189941406
32.01890563964844
33.116432189941406
29.057741165161133
32.74256896972656
30.213844299316406
28.508541107177734
35.07981872558594
34.91798400878906
35.80345916748047
38.603450775146484
33.89822006225586
38.603450775146484
38.603450775146484
33.89822006225586
27.54683494567871
34.97221755981445
32.19339370727539
34.97221755981445
40.625118255615234
40.38510513305664
40.18879699707031
39.82209014892578
39.93714141845703
35.32582092285156
31.62209701538086
35.32582092285156
34.54695129394531
37.432273864746094
34.54695129394531
37.04128646850586
29.060611724853516
39.458072662353516
34.895572662353516
32.698333740234375
31.7552490234375
31.7552490234375
31.7552490234375
40.78668212890625
40.78668212890625
40.78668212890625
40.78668212890625
31.7552490234375
40.78668212890625
31.7552490234375
31.7552490234375
31.7552490234375
31.7552490234375
40.78668212890625
40.78668212890625
40.78668212890625
27.606502532958984
30.612789154052734
34.97221755981445
32.19339370727539
34.97221755981445
38.092891693115234
29.642276763916016
38.603450775146484
33.89822006225586
38.603450775146484
35.210540771484375
38.603450775146484
33.89822006225586
39.76081085205078
39.077205657958984
39.76081085205078
30.61109161376953
34.062835693359375
35.566200256347656
35.566200256347656
29.559988021850586
38.603450775146484
33.89822006225586
38.603450775146484
33.89822006225586
38.603450775146484
33.41788101196289
29.705554962158203
28.60816764831543
39.356788635253906
38.50686264038086
28.867473602294922
37.2015380859375
34.226070404052734
37.2015380859375
35.04529571533203
33.583274841308594
35.04529571533203
29.751239776611328
33.80230712890625
32.580841064453125
34.1173210144043
30.686901092529297
37.2015380859375
34.226070404052734
37.2015380859375
40.75593566894531
39.615116119384766
40.75593566894531
32.65187454223633
30.778400421142578
35.04529571533203
33.583274841308594
35.04529571533203
35.04529571533203
33.583274841308594
38.603450775146484
33.89822006225586
30.476152420043945
31.260835647583008
39.356788635253906
38.50686264038086
39.356788635253906
38.603450775146484
28.93698501586914
34.68525314331055
32.51958465576172
34.68525314331055
36.6268196105957
31.36142921447754
36.6268196105957
36.6268196105957
41.73025894165039
40.92150115966797
41.73025894165039
41.73025894165039
40.92150115966797
38.304954528808594
31.984418869018555
32.7734489440918
33.24852752685547
33.29052734375
33.24852752685547
38.039581298828125
41.60924530029297
38.039581298828125
30.176340103149414
30.908964157104492
32.735382080078125
31.826812744140625
33.207305908203125
30.862606048583984
33.1465950012207
32.83020782470703
32.7734489440918
32.83091735839844
29.11882209777832
27.22002410888672
31.419435501098633
30.72218132019043
34.17634201049805
28.914363861083984
27.13507843017578
31.7552490234375
31.7552490234375
31.7552490234375
34.16542434692383
34.01969528198242
36.812461853027344
28.514148712158203
31.7552490234375
31.7552490234375
31.7552490234375
31.7552490234375
31.7552490234375
34.99555969238281
32.10699462890625
31.489957809448242
30.188405990600586
41.73025894165039
40.92150115966797
27.621505737304688
35.265228271484375
33.936058044433594
39.80741500854492
30.32107925415039
37.489990234375
39.80741500854492
37.489990234375
43.67422866821289
50.576324462890625
37.489990234375
37.489990234375
37.489990234375
37.489990234375
33.91693115234375
37.489990234375
37.489990234375
37.489990234375
37.489990234375
37.489990234375
37.489990234375
37.489990234375
37.489990234375
37.489990234375
37.489990234375
31.277198791503906
41.3974609375
39.80741500854492
37.489990234375
37.489990234375
31.277198791503906
37.489990234375
37.489990234375
37.489990234375
31.277198791503906
37.489990234375
37.489990234375
34.652976989746094
37.489990234375
37.489990234375
31.277198791503906
36.06459045410156
30.144392013549805
37.489990234375
37.489990234375
31.277198791503906
37.489990234375
37.489990234375
37.489990234375
31.277198791503906
37.489990234375
37.489990234375
37.489990234375
37.489990234375
31.277198791503906
31.73462677001953
28.702701568603516
37.489990234375
30.337444305419922
30.938167572021484
37.489990234375
31.277198791503906
37.489990234375
37.489990234375
37.489990234375
37.489990234375
31.277198791503906
34.6609992980957
29.472518920898438
37.489990234375
37.489990234375
31.277198791503906
29.456138610839844
37.489990234375
37.489990234375
29.925613403320312
28.036231994628906
40.28960418701172
27.78781509399414
37.489990234375
37.489990234375
31.277198791503906
32.51613998413086
32.51613998413086
34.032432556152344
28.144752502441406
32.51613998413086
31.277198791503906
32.51613998413086
32.51613998413086
31.277198791503906
32.0679931640625
32.0679931640625
36.06459045410156
30.125110626220703
32.0679931640625
32.0679931640625
37.33214569091797
29.739513397216797
37.33214569091797
28.498306274414062
31.277198791503906
32.01826477050781
32.01826477050781
35.88284683227539
31.022205352783203
31.277198791503906
32.01826477050781
32.01826477050781
34.55573654174805
30.168598175048828
27.60354995727539
32.01826477050781
34.01201248168945
31.277198791503906
34.6609992980957
29.103660583496094
34.09400939941406
36.13422775268555
32.00281524658203
34.00155258178711
28.269359588623047
35.88284683227539
28.82084846496582
33.98984146118164
32.39955139160156
27.651296615600586
32.00281524658203
27.37851905822754
37.33214569091797
28.76897430419922
28.115550994873047
28.115550994873047
27.12122917175293
27.8592586517334
40.28960418701172
27.797067642211914
27.77368927001953
28.050046920776367
27.228736877441406
31.277198791503906
27.44200897216797
37.33214569091797
29.63455581665039
32.00281524658203
27.193931579589844
27.99303436279297
27.406139373779297
31.941164016723633
27.8592586517334
28.1424560546875
28.41352653503418
27.870723724365234
27.627113342285156
27.996841430664062
31.941164016723633
27.965356826782227
31.941164016723633
31.277198791503906
31.941164016723633
40.28960418701172
29.15367317199707
31.941164016723633
36.97597122192383
27.208290100097656
27.55600929260254
31.941373825073242
36.97549819946289
34.18312072753906
34.55677032470703
34.48138427734375
34.25081253051758
32.738555908203125
32.738555908203125
55.38068771362305
32.738555908203125
34.25081253051758
32.738555908203125
33.02156066894531
32.31877899169922
31.25180435180664
29.986425399780273
41.473602294921875
32.738555908203125
32.738555908203125
32.738555908203125
32.738555908203125
32.738555908203125
32.738555908203125
32.738555908203125
32.738555908203125
38.599143981933594
32.738555908203125
32.738555908203125
32.738555908203125
32.738555908203125
32.738555908203125
32.738555908203125
32.738555908203125
32.738555908203125
32.738555908203125
32.738555908203125
32.738555908203125
32.738555908203125
32.738555908203125
32.738555908203125
32.738555908203125
32.738555908203125
32.738555908203125
32.738555908203125
32.738555908203125
32.738555908203125
32.738555908203125
32.738555908203125
32.738555908203125
32.738555908203125
32.738555908203125
32.738555908203125
32.738555908203125
32.738555908203125
32.738555908203125
32.738555908203125
32.738555908203125
32.738555908203125
32.738555908203125
32.738555908203125
32.738555908203125
32.738555908203125
32.738555908203125
32.738555908203125
32.738555908203125
32.738555908203125
32.738555908203125
32.738555908203125
32.738555908203125
32.738555908203125
32.738555908203125
32.738555908203125
32.738555908203125
32.738555908203125
32.738555908203125
32.738555908203125
32.738555908203125
32.738555908203125
32.738555908203125
32.738555908203125
32.738555908203125
32.738555908203125
32.738555908203125
32.738555908203125
32.738555908203125
32.738555908203125
57.222320556640625
33.30976104736328
34.55677032470703
34.5078010559082
34.18312072753906
64.19978332519531
39.80741500854492
36.24693298339844
37.33214569091797
28.338611602783203
32.92816162109375
28.554536819458008
31.73462677001953
32.39955139160156
42.01409149169922
36.06459045410156
44.71756362915039
40.296478271484375
43.05918884277344
34.00155258178711
31.51264190673828
31.73462677001953
33.91693115234375
35.88284683227539
41.00404357910156
40.28960418701172
28.18120574951172
37.33214569091797
28.751279830932617
37.33214569091797
28.50601577758789
27.420921325683594
37.33214569091797
30.926267623901367
31.316856384277344
27.149173736572266
36.97597122192383
28.50837516784668
36.53474044799805
34.333492279052734
38.2600212097168
37.67073440551758
40.28960418701172
28.418964385986328
28.99848175048828
27.302913665771484
43.53357696533203
33.91693115234375
28.284984588623047
33.91693115234375
40.28960418701172
40.28960418701172
29.061866760253906
29.061866760253906
29.660436630249023
29.061866760253906
33.357173919677734
27.18880271911621
36.06459045410156
28.802053451538086
40.414615631103516
59.930389404296875
31.73462677001953
29.980195999145508
31.73462677001953
26.89193344116211
32.49346160888672
63.03569030761719
36.97597122192383
28.62255096435547
27.77130126953125
31.73462677001953
27.908945083618164
35.88284683227539
27.993759155273438
27.993759155273438
27.394609451293945
27.993759155273438
37.33214569091797
27.60354995727539
32.2120361328125
33.01385498046875
36.97597122192383
27.963130950927734
34.333492279052734
27.30237579345703
27.431299209594727
32.39955139160156
31.064571380615234
35.88284683227539
27.564889907836914
27.282150268554688
31.73699951171875
37.33214569091797
27.360157012939453
34.652976989746094
36.97597122192383
33.98984146118164
36.97597122192383
27.346879959106445
27.498409271240234
27.46036148071289
27.498409271240234
27.564889907836914
27.665241241455078
28.109424591064453
27.665241241455078
27.665241241455078
27.665241241455078
27.665241241455078
27.665241241455078
35.301273345947266
27.665241241455078
35.88284683227539
27.683286666870117
27.665241241455078
28.032611846923828
40.28960418701172
28.13111686706543
40.28960418701172
26.74858283996582
27.665241241455078
28.289981842041016
27.665241241455078
27.665241241455078
27.665241241455078
28.109424591064453
27.665241241455078
27.665517807006836
27.665517807006836
27.665517807006836
27.665517807006836
27.665517807006836
27.665517807006836
27.665517807006836
27.665517807006836
28.109516143798828
27.19540786743164
27.665517807006836
27.35747528076172
27.665517807006836
27.60391616821289
27.665517807006836
27.665517807006836
27.277238845825195
27.665517807006836
27.60391616821289
28.109516143798828
29.948749542236328
27.452775955200195
29.979862213134766
27.60391616821289
27.60391616821289
