24.209266662597656
24.98151397705078
29.45339012145996
25.68218421936035
26.430187225341797
28.229522705078125
18.002609252929688
30.272253036499023
30.087017059326172
27.955116271972656
18.967031478881836
23.411304473876953
34.084312438964844
18.80525779724121
24.613744735717773
25.569725036621094
30.835098266601562
26.504695892333984
20.024803161621094
26.887176513671875
29.49376678466797
29.76483726501465
29.303298950195312
30.087017059326172
23.648700714111328
18.84665298461914
22.292640686035156
29.125385284423828
27.662921905517578
24.31211280822754
18.726947784423828
23.629968643188477
28.45118522644043
24.148563385009766
24.426816940307617
24.027944564819336
30.087017059326172
20.061445236206055
27.209108352661133
42.12895202636719
26.608402252197266
28.965679168701172
21.58294105529785
19.45195198059082
18.58416175842285
23.12757682800293
19.270742416381836
22.65114974975586
23.743783950805664
25.52194595336914
24.01718521118164
30.365236282348633
30.732887268066406
28.60957145690918
27.66446304321289
22.84272003173828
24.426816940307617
23.629968643188477
28.112865447998047
32.277835845947266
18.40252685546875
32.30656814575195
24.852018356323242
24.98151397705078
31.024799346923828
26.180233001708984
26.14211082458496
21.022586822509766
32.387123107910156
24.426816940307617
28.903587341308594
37.43482971191406
30.748153686523438
26.165874481201172
25.582115173339844
26.249845504760742
19.372663497924805
25.301795959472656
27.659385681152344
20.168495178222656
26.66741943359375
30.908367156982422
32.888580322265625
27.518922805786133
31.024799346923828
27.67915916442871
18.331363677978516
24.02484130859375
30.0009765625
29.446762084960938
25.6585693359375
30.272253036499023
29.460186004638672
32.30656814575195
27.599510192871094
29.398834228515625
29.02313995361328
24.852018356323242
29.76483726501465
29.49376678466797
24.241291046142578
20.580852508544922
30.22553825378418
24.672401428222656
29.025714874267578
25.20484161376953
23.206130981445312
24.837032318115234
28.494678497314453
19.00350570678711
21.668231964111328
27.67915916442871
25.16584014892578
24.468238830566406
31.504009246826172
28.691436767578125
25.16584014892578
26.202835083007812
24.507844924926758
18.294301986694336
33.39958953857422
29.446762084960938
19.923187255859375
26.388961791992188
29.303298950195312
28.839208602905273
20.27536964416504
29.49376678466797
25.82128143310547
24.94367027282715
23.487567901611328
18.063579559326172
28.45118522644043
21.908702850341797
33.69474792480469
25.903278350830078
23.856897354125977
33.02661895751953
23.021242141723633
25.445484161376953
28.804473876953125
18.94243812561035
28.28298568725586
29.398834228515625
26.9102783203125
18.40283203125
27.518922805786133
31.99779510498047
24.438722610473633
23.12757682800293
26.343875885009766
29.303298950195312
25.595115661621094
28.691436767578125
28.704723358154297
28.171241760253906
25.96180534362793
22.84272003173828
17.736053466796875
24.927906036376953
26.202835083007812
29.025758743286133
23.659318923950195
30.22553825378418
23.576290130615234
19.552165985107422
22.618139266967773
27.22743034362793
23.629968643188477
32.30656814575195
23.356609344482422
28.45118522644043
19.426305770874023
29.898090362548828
29.446762084960938
26.913055419921875
26.139999389648438
25.105066299438477
30.689685821533203
21.823707580566406
28.618188858032227
22.98415756225586
26.748340606689453
30.365236282348633
30.272253036499023
19.143543243408203
33.75567626953125
32.30656814575195
29.145061492919922
30.272253036499023
18.40283203125
24.241291046142578
18.83751678466797
20.964279174804688
24.739398956298828
19.980710983276367
30.689685821533203
27.93650245666504
24.426816940307617
24.752782821655273
24.426816940307617
28.14441680908203
26.461692810058594
30.22553825378418
25.193622589111328
29.398834228515625
30.272253036499023
22.69673728942871
22.84272003173828
28.147743225097656
24.457321166992188
29.446762084960938
22.58910369873047
26.18744659423828
27.89275360107422
24.150243759155273
30.380481719970703
29.145061492919922
28.40688705444336
25.93731689453125
23.640077590942383
32.30656814575195
27.049755096435547
23.350542068481445
22.988128662109375
32.6306266784668
31.024799346923828
48.09324264526367
28.38703155517578
25.445484161376953
23.37968635559082
26.202835083007812
28.45118522644043
26.97636604309082
18.17995262145996
31.666595458984375
44.48478698730469
28.49547004699707
23.21047592163086
30.380481719970703
24.643068313598633
22.84272003173828
31.55844497680664
18.738779067993164
20.437862396240234
31.024799346923828
18.711997985839844
28.903587341308594
18.990310668945312
18.765792846679688
18.294301986694336
36.502830505371094
20.695703506469727
22.834659576416016
22.796127319335938
24.209266662597656
29.398834228515625
24.672401428222656
25.062957763671875
26.163822174072266
32.877052307128906
26.898235321044922
25.353717803955078
26.18744659423828
31.024799346923828
22.172761917114258
25.0003604888916
32.04884719848633
27.14419174194336
23.985382080078125
30.087017059326172
29.44485855102539
18.299272537231445
22.63393783569336
24.672401428222656
24.819869995117188
23.856897354125977
24.208925247192383
32.277835845947266
24.447616577148438
24.426816940307617
30.325592041015625
28.171241760253906
18.85163688659668
19.125308990478516
23.65390396118164
24.209266662597656
23.12757682800293
24.447616577148438
25.71046257019043
26.461692810058594
29.303298950195312
26.388961791992188
26.9102783203125
25.16584014892578
25.373027801513672
28.06662368774414
24.837032318115234
24.057422637939453
20.595638275146484
29.529552459716797
26.125896453857422
23.525592803955078
27.616947174072266
24.5528507232666
24.643068313598633
29.898090362548828
30.542631149291992
30.835098266601562
24.31211280822754
23.648700714111328
24.739398956298828
18.40283203125
24.241291046142578
28.35820770263672
24.98151397705078
25.16584014892578
24.672401428222656
17.52867317199707
22.63393783569336
30.365236282348633
29.303298950195312
27.13654136657715
18.66180992126465
28.171241760253906
30.087017059326172
28.60957145690918
29.82521629333496
30.272253036499023
22.63393783569336
33.12838363647461
25.301795959472656
28.06175994873047
30.835098266601562
22.466081619262695
24.241291046142578
27.260482788085938
24.148563385009766
24.613744735717773
21.427555084228516
28.40688705444336
31.024799346923828
29.02313995361328
28.06662368774414
29.303298950195312
28.913965225219727
31.024799346923828
32.04884719848633
24.20541000366211
25.96180534362793
23.629968643188477
22.58910369873047
26.44732666015625
27.221603393554688
30.41718101501465
22.496593475341797
22.834659576416016
24.672401428222656
33.18389892578125
23.629968643188477
24.241291046142578
33.18389892578125
24.474475860595703
19.249897003173828
26.739164352416992
31.666595458984375
28.171241760253906
33.629600524902344
18.978116989135742
28.153579711914062
24.971508026123047
29.872745513916016
23.14446258544922
23.629968643188477
43.71217346191406
31.725801467895508
22.884658813476562
23.042613983154297
24.31211280822754
26.037921905517578
18.92450523376465
23.6488094329834
24.426816940307617
28.28298568725586
29.15207862854004
29.056529998779297
31.95746612548828
23.62972640991211
27.59880256652832
31.02491569519043
33.18368148803711
23.51539421081543
19.492650985717773
29.447303771972656
28.17119598388672
31.636226654052734
36.05540084838867
25.213035583496094
23.648780822753906
29.398868560791016
35.51296615600586
24.914710998535156
24.914710998535156
32.0771369934082
32.0771369934082
32.0771369934082
30.836490631103516
34.934322357177734
37.37117004394531
26.876510620117188
29.894420623779297
35.876991271972656
51.089725494384766
46.25634002685547
32.46421432495117
29.477670669555664
29.58856201171875
30.84765625
28.021621704101562
30.234416961669922
29.54869842529297
33.917449951171875
33.917449951171875
28.782438278198242
33.917449951171875
28.20514488220215
29.753101348876953
38.08371353149414
28.455768585205078
42.42771911621094
35.65166473388672
27.638643264770508
37.50904083251953
27.53624725341797
35.776161193847656
34.714664459228516
34.98422622680664
18.658611297607422
25.788097381591797
27.584136962890625
37.48333740234375
34.714664459228516
40.2840576171875
34.714664459228516
36.24835968017578
34.714664459228516
34.714664459228516
34.714664459228516
34.714664459228516
34.714664459228516
34.714664459228516
34.714664459228516
34.714664459228516
34.714664459228516
34.714664459228516
34.714664459228516
34.714664459228516
34.714664459228516
34.714664459228516
34.714664459228516
34.714664459228516
34.714664459228516
34.714664459228516
27.35845947265625
27.576786041259766
27.645034790039062
27.528972625732422
30.814451217651367
27.889801025390625
27.312341690063477
27.670215606689453
38.749839782714844
29.756349563598633
29.756349563598633
28.088468551635742
44.63154602050781
28.533761978149414
27.664886474609375
24.680614471435547
27.861873626708984
27.664886474609375
24.01711654663086
27.346031188964844
23.521224975585938
26.34308433532715
20.947933197021484
19.11373519897461
34.10603332519531
32.277835845947266
32.277835845947266
18.12611961364746
18.30701446533203
16.935176849365234
38.09104919433594
38.09104919433594
34.10603332519531
29.484634399414062
17.760292053222656
32.159461975097656
19.648189544677734
65.2905044555664
21.908267974853516
26.876510620117188
40.32029724121094
27.859567642211914
29.36801528930664
27.664886474609375
28.347476959228516
21.022586822509766
27.700302124023438
29.294658660888672
28.200353622436523
29.294658660888672
27.01092529296875
32.59807205200195
27.209152221679688
28.140317916870117
26.532136917114258
31.492374420166016
36.67472839355469
31.346874237060547
32.23743438720703
30.448156356811523
23.220218658447266
23.85137939453125
24.320270538330078
25.10573959350586
23.866390228271484
21.825347900390625
27.293025970458984
32.16286849975586
26.96371841430664
19.021894454956055
21.52059555053711
26.733322143554688
20.836851119995117
21.488082885742188
26.209007263183594
21.4935302734375
25.4165096282959
22.8734188079834
20.02669906616211
35.13764190673828
26.49660873413086
21.771209716796875
19.316551208496094
18.502948760986328
26.141555786132812
23.61167335510254
23.61167335510254
23.61167335510254
26.141555786132812
26.141555786132812
32.209747314453125
32.209747314453125
23.60896873474121
23.60896873474121
26.141555786132812
32.4400634765625
33.49181365966797
24.62083625793457
21.0306453704834
23.61167335510254
18.44196128845215
35.22168731689453
29.495384216308594
19.10895347595215
20.062185287475586
21.246213912963867
20.009075164794922
21.0306453704834
20.21324920654297
18.753475189208984
21.190832138061523
21.771209716796875
21.771209716796875
21.771209716796875
26.733322143554688
21.935821533203125
22.862964630126953
22.7012939453125
26.141555786132812
19.88132095336914
18.502948760986328
18.502948760986328
26.141555786132812
23.490488052368164
22.12323760986328
19.193620681762695
21.771209716796875
26.733322143554688
26.90630340576172
21.771209716796875
21.0306453704834
18.902090072631836
25.312850952148438
24.814735412597656
25.378742218017578
26.733322143554688
22.86746597290039
19.524864196777344
22.389373779296875
26.952489852905273
20.249710083007812
26.211299896240234
21.850852966308594
19.164108276367188
30.76311492919922
26.733322143554688
21.771209716796875
20.83424186706543
28.080034255981445
23.234580993652344
27.347305297851562
26.38646697998047
21.551326751708984
26.733322143554688
20.50789451599121
30.851749420166016
29.89784812927246
26.542123794555664
28.73501968383789
28.984607696533203
29.077632904052734
26.77048110961914
28.710994720458984
29.608551025390625
29.062400817871094
27.859567642211914
24.556976318359375
30.87115478515625
30.448156356811523
32.16286849975586
26.96371841430664
27.293025970458984
26.96371841430664
25.10573959350586
24.320270538330078
25.10573959350586
21.37820053100586
21.538402557373047
20.863548278808594
23.85137939453125
23.220218658447266
23.85137939453125
43.3443717956543
35.22168731689453
62.97699737548828
25.981321334838867
24.197681427001953
25.981321334838867
20.000551223754883
25.981321334838867
24.197681427001953
25.981321334838867
20.70428466796875
30.171066284179688
24.050918579101562
21.284135818481445
26.767894744873047
25.51553726196289
26.136226654052734
30.07667350769043
26.670392990112305
30.07667350769043
30.07667350769043
26.670392990112305
18.694581985473633
27.25786781311035
24.129268646240234
27.25786781311035
23.738601684570312
23.801467895507812
21.711647033691406
23.428569793701172
21.83485984802246
25.71046257019043
23.375648498535156
25.71046257019043
28.148574829101562
30.614444732666016
28.148574829101562
21.619647979736328
21.779560089111328
31.871139526367188
25.602195739746094
26.171239852905273
23.60896873474121
23.60896873474121
23.60896873474121
32.209747314453125
32.209747314453125
32.209747314453125
32.209747314453125
23.60896873474121
32.209747314453125
23.60896873474121
23.60896873474121
23.60896873474121
23.60896873474121
32.209747314453125
32.209747314453125
32.209747314453125
18.813507080078125
21.640165328979492
27.25786781311035
24.129268646240234
27.25786781311035
21.208696365356445
21.75445556640625
30.07667350769043
26.670392990112305
30.07667350769043
19.830028533935547
30.07667350769043
26.670392990112305
35.067596435546875
34.41857147216797
35.067596435546875
21.69872283935547
30.21207046508789
34.085655212402344
34.085655212402344
22.682769775390625
30.07667350769043
26.670392990112305
30.07667350769043
26.670392990112305
30.07667350769043
25.146934509277344
23.11540985107422
20.581850051879883
29.979801177978516
30.434080123901367
20.24964141845703
29.82967185974121
25.873720169067383
29.82967185974121
27.599510192871094
23.42908477783203
27.599510192871094
19.52012062072754
25.105127334594727
25.60436248779297
25.966041564941406
25.470563888549805
29.82967185974121
25.873720169067383
29.82967185974121
31.478221893310547
32.277835845947266
31.478221893310547
24.6532039642334
24.86593246459961
27.599510192871094
23.42908477783203
27.599510192871094
27.599510192871094
23.42908477783203
30.07667350769043
26.670392990112305
25.0025577545166
24.073429107666016
29.979801177978516
30.434080123901367
29.979801177978516
30.07667350769043
22.196474075317383
26.562231063842773
29.684906005859375
26.562231063842773
32.665138244628906
24.898242950439453
32.665138244628906
32.665138244628906
33.49181365966797
32.4400634765625
33.49181365966797
33.49181365966797
32.4400634765625
40.10346221923828
25.965007781982422
24.381650924682617
25.760374069213867
25.517440795898438
25.760374069213867
29.495384216308594
35.22168731689453
29.495384216308594
22.553882598876953
21.59389305114746
24.60700035095215
24.391769409179688
26.584444046020508
22.459611892700195
32.43411636352539
27.162654876708984
24.381650924682617
24.086563110351562
21.10711097717285
17.93798828125
22.7012939453125
22.010665893554688
24.845476150512695
19.47914695739746
18.366641998291016
23.60896873474121
23.60896873474121
23.60896873474121
28.423973083496094
24.197715759277344
29.321611404418945
20.508380889892578
23.60896873474121
23.60896873474121
23.60896873474121
23.60896873474121
23.60896873474121
34.10603332519531
27.20256233215332
25.689363479614258
25.218761444091797
33.49181365966797
32.4400634765625
18.883304595947266
33.02661895751953
28.20749282836914
31.891761779785156
20.189598083496094
12.429889678955078
31.891761779785156
12.429889678955078
30.40933609008789
48.725704193115234
12.429889678955078
12.429889678955078
12.429889678955078
12.429889678955078
24.987224578857422
12.429889678955078
12.429889678955078
12.429889678955078
12.429889678955078
12.429889678955078
12.429889678955078
12.429889678955078
12.429889678955078
12.429889678955078
12.429889678955078
21.42621612548828
25.425071716308594
31.891761779785156
12.429889678955078
12.429889678955078
21.42621612548828
12.429889678955078
12.429889678955078
12.429889678955078
21.42621612548828
12.429889678955078
12.429889678955078
32.305023193359375
12.429889678955078
12.429889678955078
21.42621612548828
28.416484832763672
20.297443389892578
12.429889678955078
12.429889678955078
21.42621612548828
12.429889678955078
12.429889678955078
12.429889678955078
21.42621612548828
12.429889678955078
12.429889678955078
12.429889678955078
12.429889678955078
21.42621612548828
23.391155242919922
18.127361297607422
12.429889678955078
23.122268676757812
20.723325729370117
12.429889678955078
21.42621612548828
12.429889678955078
12.429889678955078
12.429889678955078
12.429889678955078
21.42621612548828
26.040851593017578
18.563995361328125
12.429889678955078
12.429889678955078
21.42621612548828
26.103160858154297
12.429889678955078
12.429889678955078
23.03125
17.296154022216797
30.88263702392578
16.525259017944336
12.429889678955078
12.429889678955078
21.42621612548828
22.167926788330078
22.167926788330078
23.728172302246094
19.970489501953125
22.167926788330078
21.42621612548828
22.167926788330078
22.167926788330078
21.42621612548828
21.93311882019043
21.93311882019043
28.416484832763672
21.3557071685791
21.93311882019043
21.93311882019043
27.91101837158203
22.421977996826172
27.91101837158203
22.101646423339844
21.42621612548828
22.527267456054688
22.527267456054688
26.58814239501953
26.13711929321289
21.42621612548828
22.527267456054688
22.527267456054688
26.307537078857422
24.530147552490234
16.963165283203125
22.527267456054688
28.202009201049805
21.42621612548828
26.040851593017578
18.924903869628906
30.406827926635742
32.51402282714844
23.10999298095703
24.442020416259766
18.144033432006836
26.58814239501953
20.82044219970703
26.876510620117188
27.697587966918945
17.746950149536133
23.10999298095703
18.149566650390625
27.91101837158203
21.434066772460938
18.884037017822266
18.884037017822266
17.022653579711914
17.579936981201172
30.88263702392578
18.06359100341797
17.972972869873047
18.094009399414062
17.251415252685547
21.42621612548828
17.85264778137207
27.91101837158203
19.896108627319336
23.10999298095703
16.74551010131836
17.7115421295166
16.81147003173828
23.49633026123047
17.579936981201172
18.424848556518555
18.717735290527344
18.18190574645996
18.12928009033203
18.267244338989258
23.49633026123047
18.28701400756836
23.49633026123047
21.42621612548828
23.49633026123047
30.88263702392578
22.53463363647461
23.49633026123047
29.1684627532959
16.93455696105957
17.110288619995117
23.496767044067383
29.16807746887207
26.997913360595703
27.21320343017578
33.03157424926758
31.580230712890625
20.653287887573242
20.653287887573242
58.737815856933594
20.653287887573242
31.580230712890625
20.653287887573242
26.86517333984375
24.210113525390625
25.383718490600586
24.908802032470703
36.91950988769531
20.653287887573242
20.653287887573242
20.653287887573242
20.653287887573242
20.653287887573242
20.653287887573242
20.653287887573242
20.653287887573242
40.25680923461914
20.653287887573242
20.653287887573242
20.653287887573242
20.653287887573242
20.653287887573242
20.653287887573242
20.653287887573242
20.653287887573242
20.65328598022461
20.65328598022461
20.65328598022461
20.65328598022461
20.65328598022461
20.65328598022461
20.65328598022461
20.65328598022461
20.65328598022461
20.65328598022461
20.65328598022461
20.65328598022461
20.65328598022461
20.65328598022461
20.65328598022461
20.65328598022461
20.65328598022461
20.65328598022461
20.65328598022461
20.65328598022461
20.65328598022461
20.65328598022461
20.65328598022461
20.65328598022461
20.65328598022461
20.65328598022461
20.65328598022461
20.65328598022461
20.65328598022461
20.65328598022461
20.65328598022461
20.65328598022461
20.65328598022461
20.65328598022461
20.65328598022461
20.65328598022461
20.65328598022461
20.65328598022461
20.65328598022461
20.65328598022461
20.65328598022461
20.65328598022461
20.65328598022461
20.65328598022461
20.65328598022461
20.65328598022461
20.65328598022461
20.65328598022461
20.65328598022461
20.65328598022461
20.65328598022461
20.65328598022461
52.63465881347656
28.9316349029541
27.21320343017578
27.18068504333496
26.997913360595703
69.55276489257812
31.891761779785156
38.15849685668945
27.911014556884766
17.575252532958984
25.404970169067383
18.499269485473633
23.391155242919922
27.697587966918945
33.727046966552734
28.416484832763672
38.70011901855469
29.809261322021484
36.03691482543945
24.442020416259766
21.718887329101562
23.391155242919922
24.987220764160156
26.58814239501953
33.18168640136719
30.882640838623047
19.602916717529297
27.911014556884766
18.342288970947266
27.911014556884766
19.796255111694336
17.355876922607422
27.911014556884766
23.084421157836914
24.209447860717773
17.491342544555664
29.1684627532959
17.987449645996094
30.149738311767578
28.11083984375
37.47206115722656
35.66386795043945
30.882640838623047
18.04068374633789
18.850133895874023
17.39821434020996
32.611488342285156
24.987220764160156
18.172882080078125
24.987220764160156
30.882640838623047
30.882640838623047
22.49325942993164
22.49325942993164
22.54460334777832
22.49325942993164
24.752201080322266
17.062599182128906
28.416484832763672
18.6283016204834
39.371070861816406
62.792518615722656
23.391155242919922
21.70703125
23.391155242919922
16.812376022338867
29.21303939819336
63.456451416015625
29.1684627532959
18.71012306213379
18.010671615600586
23.391155242919922
19.004060745239258
26.58814239501953
16.998750686645508
16.998750686645508
16.207021713256836
16.998750686645508
27.911014556884766
16.963165283203125
24.402660369873047
25.4718074798584
29.1684627532959
18.45728302001953
28.11083984375
17.077163696289062
17.53098487854004
27.697587966918945
22.220748901367188
26.58814239501953
16.510345458984375
17.654001235961914
23.478168487548828
27.911014556884766
18.320232391357422
32.305023193359375
29.1684627532959
26.876510620117188
29.1684627532959
17.960186004638672
17.616689682006836
17.090885162353516
17.616689682006836
16.510345458984375
16.5939884185791
17.908092498779297
16.5939884185791
16.5939884185791
16.5939884185791
16.5939884185791
16.5939884185791
28.546693801879883
16.5939884185791
26.58814239501953
16.6723690032959
16.5939884185791
19.201416015625
30.882640838623047
19.11174964904785
30.882640838623047
17.5883731842041
16.5939884185791
20.13961410522461
16.5939884185791
16.5939884185791
16.5939884185791
17.908092498779297
16.5939884185791
16.594650268554688
16.594650268554688
16.594650268554688
16.594650268554688
16.594650268554688
16.594650268554688
16.594650268554688
16.594650268554688
17.90846061706543
18.150341033935547
16.594650268554688
18.033321380615234
16.594650268554688
18.064420700073242
16.594650268554688
16.594650268554688
17.880800247192383
16.594650268554688
18.064420700073242
17.90846061706543
20.493600845336914
17.488609313964844
22.98902130126953
18.064420700073242
18.064420700073242
