330.6630859375
6702.1240234375
20.00348663330078
-2.2211952209472656
107.99089813232422
330.6630859375
2092.91650390625
4076690615566336.0
153.10134887695312
-14.069351196289062
-13.069957733154297
24.315101623535156
6592891904.0
9.357887268066406
23.688369750976562
75.38124084472656
44.649261474609375
6592891904.0
31.899490356445312
58.066139221191406
11795.5380859375
-34.99480438232422
317.54791259765625
-2.2211952209472656
5788.39599609375
1.8631820678710938
-9.146995544433594
-34.99480438232422
-22.040950775146484
52.3843994140625
11.00927734375
9.319477081298828
81657.6796875
25.556747436523438
317.54791259765625
23385.248046875
173.04351806640625
21.01244354248047
35.28150939941406
317.54791259765625
2064.58740234375
-10.151565551757812
154.3739013671875
4076690615566336.0
258.77386474609375
161.17156982421875
4076690615566336.0
152.49478149414062
317.54791259765625
-9.060123443603516
-2.2171096801757812
73.19256591796875
-0.20820236206054688
439.3900146484375
24.14142608642578
-2.2211952209472656
1046.00830078125
120.14576721191406
-0.2550544738769531
46.06340026855469
5919.69873046875
20.00348663330078
23.232463836669922
-5.535087585449219
17.554954528808594
74.04338073730469
10.867794036865234
20.426414489746094
13.090476989746094
143.20419311523438
317.54791259765625
1536.86474609375
26.293258666992188
1046.00830078125
-21.571231842041016
51.534088134765625
-12.180309295654297
12.316776275634766
1001.9810791015625
-12.853809356689453
317.54791259765625
44.86830139160156
79.26173400878906
91.66510772705078
317.54791259765625
1503230.375
-5.647979736328125
6592891904.0
6978.455078125
125.25489044189453
2301.745849609375
159.34310913085938
317.54791259765625
4.76922607421875
-15.054977416992188
81674.578125
101.37379455566406
-0.3401298522949219
6592891904.0
1446.65771484375
249.36746215820312
154.3739013671875
1536.86474609375
233.46630859375
24.31383514404297
34.91615295410156
3657.073486328125
5788.39599609375
-25.134735107421875
81713.4765625
127775465472.0
26.293258666992188
12.282432556152344
227.87367248535156
77.61041259765625
4076690615566336.0
2301.745849609375
-13.25030517578125
77.61041259765625
-8.722206115722656
357.869140625
-4.368873596191406
98.20332336425781
189.58633422851562
54.44348907470703
24.19662094116211
16.38231658935547
3292.283203125
-22.89380645751953
71.37409973144531
213.9466552734375
-3.3116493225097656
-37.619239807128906
114.09693908691406
10.589828491210938
1536.86474609375
7447.3583984375
-18.409564971923828
87.71604919433594
51.534088134765625
6.370170593261719
-17.109649658203125
43.20719909667969
-34.99480438232422
-10.143253326416016
128.072509765625
189.54302978515625
144.63436889648438
22.887470245361328
-17.675872802734375
1536.86474609375
-9.09261703491211
24.19662094116211
-8.193321228027344
14409.0712890625
138.9202117919922
8.68918228149414
102.19831848144531
388.31268310546875
79.26173400878906
-20.116836547851562
8.764266967773438
2895.172119140625
25.008445739746094
-8.835319519042969
15.979728698730469
525.66748046875
422.7381591796875
61.11152648925781
-7.3440399169921875
157.01416015625
20.828346252441406
88.14004516601562
-16.454078674316406
317.54791259765625
2301.745849609375
6592891904.0
140.40003967285156
30.214645385742188
64.30683898925781
-27.428409576416016
237.60848999023438
64055.37890625
4076690615566336.0
97.13075256347656
-2.2211952209472656
23.709808349609375
-6.845924377441406
738.3258666992188
365.6147766113281
189.58633422851562
440.3251647949219
23.709808349609375
317.54791259765625
34375.89453125
6592891904.0
-1.084686279296875
79.86563110351562
44.07124328613281
82.9134521484375
7739.2626953125
17.57128143310547
357.869140625
-0.3401298522949219
81669.0546875
140.16015625
-28.78221893310547
-27.13518524169922
155.90994262695312
317.54791259765625
146.58583068847656
-8.253955841064453
-6.834930419921875
19.710922241210938
6.370170593261719
-2.9287796020507812
7.259311676025391
39.24070739746094
1046.00830078125
6592891904.0
8246.3046875
6592891904.0
92.31979370117188
49.44160461425781
574.1073608398438
54.55864715576172
2032.9111328125
2212.134033203125
317.54791259765625
545.398193359375
317.54791259765625
36.89250946044922
439.3900146484375
764.3792114257812
125.94662475585938
4076690615566336.0
507.2567443847656
89.12348175048828
15.348861694335938
-14.337806701660156
-25.134735107421875
-9.986869812011719
-3.7551803588867188
-0.3401298522949219
-30.217517852783203
-55.09674835205078
-4.17596435546875
-2.2211952209472656
-2.2716026306152344
366.33673095703125
-18.88852310180664
73.91763305664062
-0.06518936157226562
843.5918579101562
11.016231536865234
90.05721282958984
-27.797611236572266
152.49478149414062
81716.375
827.1931762695312
620.0767822265625
-6.179347991943359
-4.368873596191406
73.19256591796875
6592891904.0
7.011241912841797
6592891904.0
-5.085700988769531
126.37684631347656
37.680877685546875
379048.8125
34.182159423828125
52.53759002685547
1046.00830078125
-10.413505554199219
125.1456298828125
-34.99480438232422
-21.03814697265625
-15.791259765625
9.197532653808594
8317.7255859375
16.24388885498047
51.963165283203125
20.00348663330078
4076690615566336.0
-34.46160888671875
-16.156532287597656
362.4776611328125
17.13721466064453
317.54791259765625
233353.0
19.656185150146484
44.64886474609375
7.691184997558594
4076690615566336.0
10.077018737792969
51.56867218017578
1094.700927734375
317.54791259765625
188.33245849609375
1447.30419921875
6.370170593261719
317.54791259765625
-13.052753448486328
-0.3401298522949219
-6.245811462402344
-23.38355255126953
45.466705322265625
-25.134735107421875
715.41357421875
5.82232666015625
15.926315307617188
-18.409564971923828
181.36807250976562
29.47219467163086
17.57128143310547
28.087093353271484
-1.7553176879882812
0.3580818176269531
15.918876647949219
242.49468994140625
620.0767822265625
-7.025787353515625
-17.224151611328125
-2.2211952209472656
11.004989624023438
62.262901306152344
6592891904.0
1080.0816650390625
18.054214477539062
56939347968.0
101.37379455566406
330.6630859375
-20.715248107910156
6051.41015625
193.1582794189453
357.869140625
317.54791259765625
-2.2211952209472656
239.06982421875
142.52212524414062
317.54791259765625
298.3350830078125
-23.864913940429688
-27.13518524169922
16.118545532226562
56.75775909423828
213.95408630371094
7.1433868408203125
492.30926513671875
-20.116836547851562
357.869140625
4798.66015625
2301.745849609375
1046.00830078125
-9.467353820800781
317.54791259765625
3.450775146484375
71.75165557861328
23.688369750976562
3.450775146484375
23.709808349609375
14.6580810546875
-34.46160888671875
20.00348663330078
34.182159423828125
-5.792610168457031
1536.86474609375
86.60890197753906
4076690615566336.0
17.200843811035156
317.54791259765625
5489.150390625
-17.771690368652344
-17.81415557861328
317.54791259765625
2301.745849609375
-11.215782165527344
-0.9328117370605469
-2.2211952209472656
-27.30487823486328
6099.90771484375
-30.217517852783203
6592891904.0
317.54791259765625
6592891904.0
-10.151565551757812
126.37684631347656
3.045459747314453
6592891904.0
17.726520538330078
-1.7151336669921875
5.82232666015625
23.688369750976562
6.9208221435546875
764.3792114257812
39.52834701538086
-16.206039428710938
254.0917510986328
357.869140625
19.710922241210938
317.54791259765625
52.80865478515625
-17.76750946044922
317.54791259765625
525.66748046875
5788.39599609375
317.54791259765625
-18.086814880371094
-16.66571807861328
2857.4609375
885.1324462890625
-17.76750946044922
365.6147766113281
8246.3046875
0.3580818176269531
154.3739013671875
6592891904.0
-17.224151611328125
-2.2211952209472656
388.31268310546875
79.26173400878906
317.54791259765625
-23.864913940429688
16.38231658935547
1004.079345703125
6.370170593261719
-23.169273376464844
317.54791259765625
154.3739013671875
230.39505004882812
8.764266967773438
4076690615566336.0
21846.935546875
379.4875793457031
20.451187133789062
-13.417610168457031
317.54791259765625
36.64686584472656
16.057464599609375
-10.153606414794922
422.7381591796875
-34.99480438232422
357.869140625
1739.5087890625
317.54791259765625
764.3792114257812
23.688369750976562
2301.745849609375
7054.7021484375
-1.86212158203125
81.71742248535156
356.6806945800781
-2.7289695739746094
-34.46160888671875
4037817135005696.0
465.8720703125
-25.134735107421875
6592891904.0
31.117462158203125
-34.46160888671875
6592891904.0
44.56605911254883
23.688369750976562
2301.745849609375
-10.349983215332031
-19.415111541748047
105.626220703125
81435.640625
55.147308349609375
674.6342163085938
16.35454559326172
112.47208404541016
-34.99480438232422
1536.86474609375
-28.78221893310547
249.2577362060547
317.54791259765625
62.0853157043457
542.7833251953125
23.688369750976562
31.9886474609375
6592891904.0
6592891904.0
10093.19140625
-18.891250610351562
-44.29943084716797
9.319477081298828
41.64051818847656
-2.104351043701172
-19.24156951904297
28.90190887451172
6592891904.0
-6.249263763427734
-41.247398376464844
25.16009521484375
130.03775024414062
-9.628154754638672
27.705581665039062
23.709808349609375
62.0853157043457
23385.248046875
317.54791259765625
317.54791259765625
407.85101318359375
19.19610595703125
28.428512573242188
-13.897377014160156
357.869140625
12.356857299804688
-1.5365753173828125
-4.473766326904297
23.709808349609375
43894624485376.0
68.93379211425781
3.3042335510253906
-10.08163833618164
-1.7553176879882812
-7.288539886474609
3308.774658203125
-27.41661834716797
590.64892578125
-8.9801025390625
5738.3955078125
27.329620361328125
-14.264312744140625
-34.99480438232422
339.1318359375
236.48223876953125
18.281620025634766
51.534088134765625
11.000396728515625
317.54791259765625
106.52033996582031
42.205928802490234
-15.853412628173828
-15.054977416992188
213.95408630371094
245.94070434570312
5.82232666015625
103.64727020263672
-13.911949157714844
466.1980895996094
6592891904.0
62.0853157043457
23.429046630859375
7447.3583984375
-3.7551803588867188
15.926315307617188
317.54791259765625
319.5748291015625
54027022336.0
2873.880615234375
-8.58346939086914
2301.745849609375
6592891904.0
357.869140625
23.688369750976562
-24.600379943847656
1655.25537109375
-27.428409576416016
843.5918579101562
81532.859375
1913.09765625
14.16360092163086
18.733612060546875
0.3762702941894531
631.41943359375
486.7708435058594
317.54791259765625
249.2577362060547
0.70220947265625
-13.555366516113281
-1.7553176879882812
0.3580818176269531
2.507904052734375
282.47393798828125
149.25787353515625
91.96355438232422
-27.428409576416016
105.626220703125
6.8642425537109375
-22.97021484375
23.688369750976562
94.82909393310547
0.12245941162109375
-2.2211952209472656
317.54791259765625
32.943328857421875
6592891904.0
365.04266357421875
-22.89380645751953
-30.217517852783203
53.015464782714844
6592891904.0
103.64727020263672
-8.426990509033203
11934.37890625
-25.134735107421875
16.759410858154297
307.2134704589844
6592891904.0
-15.32260513305664
317.54791259765625
90.05721282958984
11.041427612304688
109.92040252685547
11109715968.0
-20.585365295410156
185.670654296875
6592891904.0
99.5635757446289
-2.2211952209472656
-17.675872802734375
-1.78424072265625
237.60848999023438
-5.860088348388672
-17.675872802734375
6592891904.0
2301.745849609375
80887.0234375
4076690615566336.0
64.2522201538086
10.867794036865234
10.077018737792969
2301.745849609375
69.6907958984375
122.75796508789062
5.398479461669922
-8.390583038330078
112.47208404541016
3.3042335510253906
862.7991943359375
4.824893951416016
204.26651000976562
28.76739501953125
317.54791259765625
4076690615566336.0
1149.038330078125
-2.1875038146972656
14.071212768554688
4.662071228027344
31.35858154296875
-27.30487823486328
100.83457946777344
403.9409484863281
1611.688720703125
2256.10986328125
44.86830139160156
15.926315307617188
81.01976013183594
-30.217517852783203
23.709808349609375
-0.3401298522949219
-7.036098480224609
4076690615566336.0
18.80854034423828
-3.4522857666015625
317.54791259765625
-1.86212158203125
52.51898193359375
-14.264312744140625
3292.283203125
-6.9480438232421875
-14.783836364746094
-2.2211952209472656
3714.593505859375
317.54791259765625
-2.2211952209472656
317.54791259765625
-3.3011741638183594
891.0399780273438
864.8749389648438
10.288215637207031
3554.97900390625
6592891904.0
99.33147430419922
-30.217517852783203
6592891904.0
23.688369750976562
-9.632949829101562
26.293258666992188
12.356857299804688
30.864654541015625
150051.484375
358.9788818359375
62.53840637207031
2301.745849609375
58.76593017578125
-9.628154754638672
-15.80087661743164
-34.99480438232422
-19.24156951904297
54.89726257324219
-23.864913940429688
53.59752655029297
54.89726257324219
-16.66571807861328
317.54791259765625
69.41557312011719
317.54791259765625
-2.2673721313476562
4076690615566336.0
13.545303344726562
180.79808044433594
6592891904.0
764.3792114257812
177.86538696289062
365.6147766113281
214.3133544921875
30.730148315429688
37.25580596923828
49.27666091918945
26.293258666992188
317.54791259765625
99.60037231445312
5919.69873046875
103.68123626708984
19.707763671875
87.71604919433594
365.04266357421875
94.10330200195312
336.16162109375
-3.7551803588867188
99.5635757446289
4076690615566336.0
34.182159423828125
28.90190887451172
4028068096114688.0
37.37321472167969
-3.7551803588867188
-8.393913269042969
13357263.0
10.784934997558594
154.3739013671875
6592891904.0
-3.428131103515625
251.3497314453125
-3.5951080322265625
-19.415111541748047
18.80854034423828
738.3258666992188
-55.09674835205078
3112.825439453125
64.30683898925781
7668.474609375
23.709808349609375
2301.745849609375
426.35174560546875
864.8749389648438
-1.7553176879882812
39.24536895751953
117.07198333740234
-3.1924591064453125
5919.69873046875
7743.33154296875
-10.679859161376953
328.22283935546875
365.6147766113281
24.345897674560547
7447.3583984375
237.60848999023438
-27.30487823486328
-3.7551803588867188
18654.15234375
317.54791259765625
-17.224151611328125
7552.9873046875
823.3955688476562
-41.247398376464844
51.534088134765625
245.94070434570312
-27.428409576416016
36.61238098144531
5919.69873046875
126.37684631347656
-4.368873596191406
39.30916213989258
388.31268310546875
-2.2211952209472656
36.34059143066406
22.945083618164062
23.688369750976562
317.54791259765625
17.57128143310547
103774.0859375
-22.243812561035156
166.1173095703125
1090.6002197265625
-1.7553176879882812
742.5714111328125
105.626220703125
4076690615566336.0
23.688369750976562
6.390296936035156
32.38502502441406
6592891904.0
23.709808349609375
63.9288330078125
1444.2755126953125
317.54791259765625
0.0299072265625
50.90015411376953
122.75796508789062
237.60848999023438
-18.805591583251953
15.9615478515625
77.23784637451172
-30.217517852783203
-1.86212158203125
165.94805908203125
7731.751953125
40.812442779541016
-10.916511535644531
237.54971313476562
-9.467353820800781
117.85485076904297
-7.545764923095703
843.5918579101562
0.3580818176269531
317.54791259765625
4076690615566336.0
34.182159423828125
189.58633422851562
-3.7289047241210938
-1.139190673828125
36.40460968017578
317.54791259765625
124.63245391845703
-10.916511535644531
7.508209228515625
317.54791259765625
23.688369750976562
122.75796508789062
2301.745849609375
79.86563110351562
5.82232666015625
9.319477081298828
6592891904.0
-26.794178009033203
11.00927734375
60.727813720703125
109.06680297851562
23385.248046875
15.841773986816406
-2.2211952209472656
18.054214477539062
5919.69873046875
-11.961223602294922
235.67031860351562
-21.681503295898438
-27.428409576416016
317.54791259765625
3292.283203125
-10.679859161376953
317.54791259765625
37532.51171875
1046.00830078125
62.91575622558594
9.319477081298828
2032.9111328125
19.19610595703125
-17.33014678955078
-2.2211952209472656
-2.2211952209472656
-10.736454010009766
6592891904.0
1250.4873046875
47.46357727050781
33.440460205078125
-26.99768829345703
13.49172592163086
68.93379211425781
8456.4130859375
1.5388603210449219
827.1931762695312
-23.77210235595703
116.42344665527344
-7.2589874267578125
203.90316772460938
2301.745849609375
365.04266357421875
997.2932739257812
317.54791259765625
913.4926147460938
-4.258953094482422
6592891904.0
-3.7551803588867188
122.75796508789062
19.918872833251953
0.3580818176269531
317.54791259765625
-7.545764923095703
69.62505340576172
606.9664916992188
74.86241149902344
6592891904.0
6051.41015625
-17.554595947265625
297.7235412597656
9273.638671875
128.13916015625
288701.46875
-15.012367248535156
198.283447265625
317.54791259765625
177.86538696289062
10.654827117919922
-2.2211952209472656
62.76029968261719
317.54791259765625
1447.30419921875
11.44464111328125
-28.78221893310547
-7.898628234863281
317.54791259765625
5.82232666015625
525.66748046875
122.75796508789062
-21.03814697265625
6592891904.0
10.031070709228516
2885.03173828125
-14.251518249511719
388.31268310546875
6592891904.0
23385.248046875
-9.467353820800781
-7.490756988525391
-9.060123443603516
764.3792114257812
664.8914184570312
171.82342529296875
64.30683898925781
17.08818817138672
317.54791259765625
249.2577362060547
62.946250915527344
28.231365203857422
67.89556884765625
0.9323959350585938
5.7579193115234375
-21.571231842041016
-3.9907760620117188
-16.61104965209961
26.293258666992188
12.316776275634766
-16.212688446044922
10.256324768066406
81638.40625
-8.533058166503906
-14.783836364746094
9.894176483154297
269.4643859863281
199.04043579101562
97.96162414550781
101.37379455566406
407.85101318359375
-2.2360076904296875
38.20677947998047
-7.545764923095703
79.83082580566406
-10.240585327148438
11.234870910644531
-16.66571807861328
4076690615566336.0
7447.3583984375
54.81871032714844
-0.7834320068359375
-10.679859161376953
261.0802001953125
50.35997772216797
764.3792114257812
51.534088134765625
6592891904.0
-20.713340759277344
59837.56640625
-4.890232086181641
-1.139190673828125
207.79388427734375
-4.684429168701172
63.9288330078125
6592891904.0
-3.2708511352539062
-27.428409576416016
-9.209606170654297
3292.283203125
2755.285400390625
317.54791259765625
-16.626842498779297
81665.046875
60.63345718383789
243.23526000976562
365.6147766113281
53.30384063720703
23.709808349609375
11.525184631347656
20119.603515625
6592891904.0
97.21453857421875
-30.217517852783203
-27.30487823486328
26879.208984375
147.43643188476562
-13.069957733154297
167.72900390625
0.9323959350585938
1998.899658203125
25.052406311035156
-1.084686279296875
32.61058044433594
6592891904.0
6592891904.0
-15.791259765625
35.50543975830078
0.3580818176269531
90.05721282958984
1447.30419921875
-15.788978576660156
502.6318359375
8.982589721679688
177.86538696289062
18.21307373046875
1447.30419921875
-26.997692108154297
62.946266174316406
-1.75531005859375
23986008064.0
317.54766845703125
31.98865509033203
249827.65625
1.7936973571777344
8.385810852050781
23385.248046875
2301.7451171875
10.867794036865234
21.500747680664062
26.293258666992188
156.39996337890625
-41.247406005859375
27.329635620117188
27.52225112915039
45.110511779785156
-23.898330688476562
23.709823608398438
26.734149932861328
357.86944580078125
138.9202117919922
317.54766845703125
87.716064453125
50.900184631347656
2256.1103515625
54.44341278076172
365.61468505859375
113.45331573486328
96.58082580566406
-19.24152374267578
15.190765380859375
-34.99483108520508
101.37385559082031
-17.78280258178711
317.54766845703125
300.90106201171875
0.3315849304199219
5919.69873046875
51.21876525878906
317.54766845703125
138.9202117919922
101.04570007324219
-1.71514892578125
334.6649169921875
-7.737281799316406
-1.084686279296875
155.91009521484375
-17.767501831054688
-34.99483108520508
-10.854446411132812
843.59228515625
223.16778564453125
317.54766845703125
2301.7451171875
100.31771850585938
23.709823608398438
-22.03827667236328
8.87447738647461
5.9729461669921875
-4.368858337402344
4.664237976074219
33.488197326660156
33.90350341796875
7.0745849609375
6.370159149169922
-6.986110687255859
51.5341796875
2032.910888671875
4076682830938112.0
-9.340946197509766
6.370159149169922
80131512.0
27.329635620117188
-15.547626495361328
-13.911918640136719
1447.3040771484375
38.63847351074219
365.20672607421875
-2.8776893615722656
843.59228515625
764.3782958984375
105.626220703125
870.9047241210938
95.45557403564453
316.9909362792969
-12.305618286132812
19.70782470703125
0.35807037353515625
317.54766845703125
36.834537506103516
410.2998352050781
70.73226165771484
764.3782958984375
365.3978271484375
2301.7451171875
-3.91961669921875
42.20591354370117
75.38140869140625
73.93565368652344
20.862991333007812
103.64717864990234
2301.7451171875
54.44341278076172
64.62723541259766
317.54766845703125
388.3123779296875
81902.6484375
2283.85107421875
4.424468994140625
-5.2524566650390625
764.3782958984375
317.54766845703125
-27.395339965820312
3292.2841796875
764.3782958984375
8.385810852050781
260.2066650390625
9.340988159179688
317.54766845703125
35.06782531738281
34.18212890625
23.709823608398438
81.63186645507812
39.00813293457031
317.54766845703125
17128.669921875
31.38018798828125
-15.782997131347656
-26.794189453125
19.11113739013672
3.2460365295410156
87.716064453125
3215.66162109375
22826.794921875
-8.101543426513672
6592887808.0
9.300750732421875
142.52197265625
-4.300487518310547
300.2662658691406
10.774860382080078
44.199501037597656
23.709823608398438
1.1867561340332031
3.1273193359375
27.52225112915039
317.54766845703125
13.090469360351562
56.34674072265625
50.900184631347656
8305.73828125
1217.7747802734375
177.9093475341797
79.26174926757812
232.58595275878906
738.3255004882812
357.86944580078125
100.39754486083984
11.000396728515625
396.98883056640625
17.57128143310547
6592887808.0
4076682830938112.0
-22.243816375732422
76.10871887207031
-3.2708702087402344
51.21876525878906
249.2576446533203
122.75790405273438
1536.8646240234375
8.689155578613281
-34.99483108520508
4076682830938112.0
18.506057739257812
-17.767501831054688
23.68836212158203
81494.8359375
177.8655242919922
-41.247406005859375
115.42176818847656
-8.835319519042969
388.3123779296875
50.900184631347656
317.54766845703125
-6.904121398925781
6.370159149169922
-10.916526794433594
6241.5029296875
1536.8646240234375
19.70782470703125
51.5341796875
159.74429321289062
74.86243438720703
445.5406494140625
317.54766845703125
180.7982177734375
-2.0900917053222656
-14.312110900878906
1536.8646240234375
2957.889892578125
6592887808.0
70.75765991210938
