-8.177848815917969
-45.82617950439453
-31.91773223876953
-33.356990814208984
5.601875305175781
-8.177848815917969
2.0783920288085938
-34.58763122558594
-38.822933197021484
-33.33613967895508
-21.693885803222656
-32.605140686035156
-88.060302734375
-40.00090789794922
-44.64240646362305
-10.419975280761719
-38.498207092285156
-88.060302734375
-32.34042739868164
-14.453895568847656
-32.91203308105469
-28.34029769897461
-78.49211120605469
-33.356990814208984
-44.05509948730469
-29.308887481689453
-36.57872772216797
-28.34029769897461
-40.56365966796875
-17.922191619873047
-40.19036865234375
-12.9794921875
-20.045791625976562
-22.264911651611328
-78.49211120605469
-26.334800720214844
-11.276969909667969
-37.5568733215332
-40.834434509277344
-78.49211120605469
-15.621940612792969
-29.34262466430664
-26.903369903564453
-34.58763122558594
-20.940120697021484
-18.017776489257812
-34.58763122558594
-23.968109130859375
-78.49211120605469
-19.33517837524414
-33.832801818847656
-27.02635955810547
-30.226974487304688
-21.664878845214844
-33.09389114379883
-33.356990814208984
-32.50944519042969
-22.49456024169922
-28.205299377441406
-34.05215835571289
-31.21680450439453
-31.91773223876953
-36.182464599609375
-33.065879821777344
-23.074970245361328
-9.625499725341797
-4.9108734130859375
-23.18927001953125
-9.68341064453125
-18.029083251953125
-78.49211120605469
-36.109169006347656
-30.74173355102539
-32.50944519042969
-27.47576141357422
-31.84937286376953
-37.41028594970703
-24.815757751464844
-5.200370788574219
-35.6505012512207
-78.49211120605469
-28.14234161376953
-29.17023468017578
-23.334674835205078
-78.49211120605469
10.528675079345703
-36.98553466796875
-88.060302734375
-43.6381721496582
24.078651428222656
-37.53474044799805
-16.725635528564453
-78.49211120605469
-28.525779724121094
-21.29167938232422
-20.00357437133789
-37.74812698364258
-16.303958892822266
-88.060302734375
-41.511592864990234
-29.68408203125
-26.903369903564453
-36.109169006347656
-23.283126831054688
-32.558658599853516
-38.11286544799805
-4.798316955566406
-44.05509948730469
-24.33490753173828
-19.947650909423828
-18.425857543945312
-30.74173355102539
-31.443504333496094
-16.58130645751953
-13.85494613647461
-34.58763122558594
-37.53474044799805
-27.911346435546875
-13.85494613647461
-38.44930648803711
-24.612293243408203
-34.433658599853516
-36.317413330078125
-17.438819885253906
-33.63793182373047
-39.97999954223633
-35.46413803100586
-41.64911651611328
-24.514381408691406
-32.546905517578125
-16.091663360595703
-23.677082061767578
-28.705204010009766
-28.511157989501953
-33.277809143066406
-36.109169006347656
-38.363372802734375
-39.70838928222656
-17.191471099853516
-31.84937286376953
-25.316852569580078
-19.686172485351562
-31.437274932861328
-28.34029769897461
-32.23239517211914
-12.10403823852539
-6.567188262939453
-17.1446533203125
-27.46350860595703
-38.198631286621094
-36.109169006347656
-34.29937744140625
-39.97999954223633
-25.187599182128906
-27.492469787597656
-24.493331909179688
-18.396671295166016
13.08700180053711
-37.59557342529297
-29.17023468017578
-34.39411163330078
-25.746112823486328
-10.589500427246094
-22.12224578857422
-14.722637176513672
-36.550445556640625
-21.08574676513672
-23.822128295898438
3.5271568298339844
-30.6419677734375
-14.398414611816406
-38.30738830566406
-10.006153106689453
-40.973873138427734
-78.49211120605469
-37.53474044799805
-88.060302734375
16.31499481201172
-25.034687042236328
-20.422134399414062
-37.866947174072266
-19.946327209472656
23.149444580078125
-34.58763122558594
-21.971206665039062
-33.356990814208984
-44.64031219482422
-19.924671173095703
-20.33863067626953
-21.09674072265625
-17.438819885253906
-4.095645904541016
-44.64031219482422
-78.49211120605469
16.561767578125
-88.060302734375
-35.0594482421875
-7.414985656738281
-20.000667572021484
-23.699176788330078
-45.43366241455078
-40.23789978027344
-24.612293243408203
-16.303958892822266
-20.02402114868164
-18.472782135009766
-31.305744171142578
-37.57435989379883
-22.237220764160156
-78.49211120605469
-17.229991912841797
-34.73637390136719
-35.05236053466797
-41.00249481201172
-25.316852569580078
-19.427936553955078
-35.503639221191406
-22.383102416992188
-32.50944519042969
-88.060302734375
-33.27104187011719
-88.060302734375
-23.203659057617188
-41.11503601074219
-10.409088134765625
-29.940975189208984
-41.128257751464844
-7.584800720214844
-78.49211120605469
-1.1741409301757812
-78.49211120605469
-24.00555419921875
-21.664878845214844
-29.829559326171875
-16.737117767333984
-34.58763122558594
-22.390308380126953
-18.74726104736328
-24.993518829345703
-41.04372024536133
-24.33490753173828
-39.19572448730469
-37.78114318847656
-16.303958892822266
-26.790077209472656
-26.258277893066406
-24.448654174804688
-33.356990814208984
-23.6263427734375
-17.282283782958984
-20.088546752929688
-23.273883819580078
-28.47235870361328
-26.366283416748047
-34.87498474121094
-16.53183364868164
-33.03792190551758
-23.968109130859375
-20.026779174804688
-17.82425308227539
-21.558181762695312
-38.188838958740234
-34.433658599853516
-27.02635955810547
-88.060302734375
-22.684246063232422
-88.060302734375
-36.86119079589844
-33.58860778808594
-26.240440368652344
5.529369354248047
-35.45049285888672
-27.492359161376953
-32.50944519042969
-30.793170928955078
-40.57381820678711
-28.34029769897461
-33.9282112121582
-6.755268096923828
-34.644901275634766
-45.61677169799805
-21.436962127685547
-28.373233795166016
-31.91773223876953
-34.58763122558594
-34.854827880859375
-40.79011154174805
-15.629268646240234
-29.751693725585938
-78.49211120605469
36.114479064941406
-36.856422424316406
-39.70942306518555
-27.48914337158203
-34.58763122558594
-16.69906997680664
-13.085746765136719
-8.812255859375
-78.49211120605469
49.81748962402344
-41.525421142578125
-25.316852569580078
-78.49211120605469
-36.443607330322266
-16.303958892822266
-35.03605651855469
-24.798057556152344
-24.80072021484375
-24.33490753173828
-20.28261947631836
-26.438499450683594
-43.54512405395508
-39.70838928222656
-22.737464904785156
-37.720462799072266
-40.23789978027344
3.668182373046875
-28.59056854248047
-37.74064254760742
-27.861194610595703
-29.71859359741211
-21.558181762695312
-33.31304168701172
-24.65436553955078
-33.356990814208984
-25.981239318847656
-13.849014282226562
-88.060302734375
15.8428955078125
-18.000469207763672
175.66781616210938
-37.74812698364258
-8.177848815917969
-38.52009963989258
-41.82868957519531
-11.068214416503906
-24.612293243408203
-78.49211120605469
-33.356990814208984
-26.427215576171875
-15.797897338867188
-78.49211120605469
16.042282104492188
-36.8050651550293
-37.57435989379883
-27.86914825439453
-17.696876525878906
-16.091903686523438
-11.69527816772461
-14.110458374023438
-34.39411163330078
-24.612293243408203
-15.502315521240234
-37.53474044799805
-32.50944519042969
-33.86824417114258
-78.49211120605469
-14.525192260742188
-19.15301513671875
-44.64240646362305
-14.525192260742188
-44.64031219482422
-36.86298751831055
-34.854827880859375
-31.91773223876953
-35.45049285888672
-34.17875289916992
-36.109169006347656
-10.663276672363281
-34.58763122558594
-23.829566955566406
-78.49211120605469
-44.47270584106445
-26.754920959472656
-35.582069396972656
-78.49211120605469
-37.53474044799805
-27.67779541015625
-30.744747161865234
-33.356990814208984
-24.468265533447266
-2.3429603576660156
-26.790077209472656
-88.060302734375
-78.49211120605469
-88.060302734375
-29.34262466430664
-33.58860778808594
-24.077857971191406
-88.060302734375
-37.51706314086914
-27.926254272460938
-26.438499450683594
-44.64240646362305
-17.384429931640625
-29.829559326171875
-20.21170425415039
-32.81758117675781
1.3304443359375
-24.612293243408203
-41.00249481201172
-78.49211120605469
-29.89223861694336
-16.858016967773438
-78.49211120605469
-21.08574676513672
-44.05509948730469
-78.49211120605469
-34.29511642456055
-18.04520034790039
-2.9842185974121094
2.2453155517578125
-16.858016967773438
-21.09674072265625
-33.27104187011719
-37.74064254760742
-26.903369903564453
-88.060302734375
-24.65436553955078
-33.356990814208984
-37.59557342529297
-29.17023468017578
-78.49211120605469
-36.8050651550293
-35.46413803100586
-9.897789001464844
-25.316852569580078
-23.987045288085938
-78.49211120605469
-26.903369903564453
-22.941513061523438
-25.746112823486328
-34.58763122558594
-5.550525665283203
-32.67543029785156
-30.885692596435547
-29.17886734008789
-78.49211120605469
-13.536544799804688
-26.76611328125
-24.995773315429688
-23.822128295898438
-28.34029769897461
-24.612293243408203
-7.270717620849609
-78.49211120605469
-29.829559326171875
-44.64240646362305
-37.53474044799805
28.718643188476562
-38.204288482666016
-21.266212463378906
-11.226646423339844
-24.86048126220703
-34.854827880859375
-33.407127380371094
-5.803630828857422
-24.33490753173828
-88.060302734375
-36.003604888916016
-34.854827880859375
-88.060302734375
-7.9465484619140625
-44.64240646362305
-37.53474044799805
-34.079593658447266
-23.825809478759766
-17.600231170654297
-19.726417541503906
-14.086952209472656
-19.350170135498047
-22.278701782226562
-17.836055755615234
-28.34029769897461
-36.109169006347656
-31.305744171142578
-29.679519653320312
-78.49211120605469
-0.4160804748535156
-20.497116088867188
-44.64240646362305
-22.518386840820312
-88.060302734375
-88.060302734375
58.579185485839844
-32.4117546081543
-30.770774841308594
-12.9794921875
-10.832744598388672
-28.143898010253906
-32.082969665527344
-30.180084228515625
-88.060302734375
-34.02561950683594
-26.527488708496094
-22.668155670166016
-37.133426666259766
-24.783538818359375
-28.463333129882812
-44.64031219482422
-0.4160804748535156
-26.334800720214844
-78.49211120605469
-78.49211120605469
-10.248332977294922
-27.06900405883789
-36.249393463134766
-23.22168731689453
-24.612293243408203
-25.260318756103516
-37.19407272338867
-21.595382690429688
-44.64031219482422
-26.349075317382812
-25.43878173828125
-19.73017120361328
-34.362552642822266
-28.59056854248047
-34.7197151184082
-16.381641387939453
-37.86745834350586
-10.196243286132812
-34.170230865478516
-30.503032684326172
-24.540390014648438
-23.71480941772461
-28.34029769897461
-23.708358764648438
-20.476593017578125
-36.95555114746094
-31.84937286376953
-40.18962860107422
-78.49211120605469
-21.5595703125
-11.263355255126953
-30.067092895507812
-21.29167938232422
-16.091903686523438
-22.62857437133789
-26.438499450683594
-18.19721221923828
-34.29587173461914
-26.041099548339844
-88.060302734375
-0.4160804748535156
-29.11556625366211
-38.363372802734375
-37.78114318847656
-43.54512405395508
-78.49211120605469
-8.45212173461914
10.758880615234375
-4.4977264404296875
-36.198768615722656
-37.53474044799805
-88.060302734375
-24.612293243408203
-44.64240646362305
-19.916358947753906
-4.749748229980469
-37.866947174072266
-26.366283416748047
-19.88027572631836
-15.392562866210938
-28.643898010253906
-42.8838005065918
-30.72451400756836
-18.024402618408203
34.79115295410156
-78.49211120605469
-29.679519653320312
-25.317733764648438
-30.74317169189453
-28.59056854248047
-37.74064254760742
-27.235042572021484
-7.045169830322266
-22.711326599121094
7.20318603515625
-37.866947174072266
-17.600231170654297
-35.790985107421875
-24.178264617919922
-44.64240646362305
5.670520782470703
-29.758136749267578
-33.356990814208984
-78.49211120605469
-5.6129913330078125
-88.060302734375
-27.115196228027344
-24.514381408691406
-26.790077209472656
-20.587501525878906
-88.060302734375
-18.19721221923828
-37.57090759277344
351.5999755859375
-24.33490753173828
-23.51679229736328
-6.779483795166016
-88.060302734375
-36.9198112487793
-78.49211120605469
-16.53183364868164
4.873054504394531
-24.142986297607422
-37.6328125
-16.228649139404297
-12.140457153320312
-88.060302734375
-28.647418975830078
-33.356990814208984
-38.198631286621094
-1.8344573974609375
-19.946327209472656
-38.73122787475586
-38.198631286621094
-88.060302734375
-37.53474044799805
-8.529552459716797
-34.58763122558594
-24.061084747314453
-4.9108734130859375
-16.69906997680664
-37.53474044799805
-26.993972778320312
-22.3848876953125
-34.414424896240234
-31.66397476196289
-17.836055755615234
-19.73017120361328
-21.36734390258789
-30.273754119873047
-1.5993690490722656
-35.336402893066406
-78.49211120605469
-34.58763122558594
-8.95138168334961
-20.351604461669922
-36.727813720703125
-30.64459991455078
-28.025924682617188
-24.468265533447266
-15.613037109375
-11.409557342529297
-5.086879730224609
-4.296234130859375
-28.14234161376953
-43.54512405395508
-26.75969696044922
-26.790077209472656
-44.64031219482422
-16.303958892822266
-32.02333068847656
-34.58763122558594
-26.976123809814453
-27.397911071777344
-78.49211120605469
-38.204288482666016
-26.14519500732422
-23.71480941772461
-41.64911651611328
-32.40933609008789
-25.174022674560547
-33.356990814208984
-31.126197814941406
-78.49211120605469
-33.356990814208984
-78.49211120605469
-31.235549926757812
9.922554016113281
-19.732757568359375
-26.719684600830078
15.938430786132812
-88.060302734375
-20.308109283447266
-26.790077209472656
-88.060302734375
-44.64240646362305
-24.78289031982422
-30.74173355102539
-25.260318756103516
-28.123695373535156
35.503318786621094
6.951019287109375
-20.574222564697266
-37.53474044799805
-37.556060791015625
-24.783538818359375
-37.79487609863281
-28.34029769897461
-32.082969665527344
-19.75806427001953
-36.8050651550293
-23.924495697021484
-19.75806427001953
-18.04520034790039
-78.49211120605469
-39.89054489135742
-78.49211120605469
-26.147178649902344
-34.58763122558594
-12.975189208984375
-13.786571502685547
-88.060302734375
-29.829559326171875
-16.64809799194336
-21.09674072265625
3.96826171875
-6.3694915771484375
-44.28115463256836
-17.96776580810547
-30.74173355102539
-78.49211120605469
-25.10641098022461
-31.21680450439453
-25.8900146484375
-29.19599151611328
-17.191471099853516
-27.115196228027344
-17.23482894897461
-18.21611785888672
-37.78114318847656
-28.647418975830078
-34.58763122558594
-35.45049285888672
-30.180084228515625
-24.68769073486328
-38.98286056518555
-37.78114318847656
-31.80267333984375
5.636627197265625
-30.11236572265625
-26.903369903564453
-88.060302734375
-37.74520492553711
-18.76239776611328
-33.79534912109375
-23.825809478759766
-26.976123809814453
-20.33863067626953
-26.258277893066406
-22.54131317138672
-20.422134399414062
-43.88298034667969
-44.64031219482422
-37.53474044799805
-2.5912246704101562
-19.732757568359375
-28.59056854248047
-33.97468948364258
-16.139904022216797
-32.1236457824707
-31.21680450439453
-44.59263610839844
-23.997970581054688
-16.439598083496094
-21.09674072265625
-35.38785171508789
-38.363372802734375
-19.946327209472656
-24.468265533447266
-37.78114318847656
-0.06647491455078125
-78.49211120605469
-24.65436553955078
-45.00053405761719
-28.67481231689453
-26.527488708496094
-31.84937286376953
-22.62857437133789
-37.866947174072266
-44.85509490966797
-31.21680450439453
-33.58860778808594
-34.433658599853516
-40.2401123046875
-37.59557342529297
-33.356990814208984
13.393089294433594
-39.67795181274414
-44.64240646362305
-78.49211120605469
-40.23789978027344
17.230392456054688
-23.190242767333984
-25.28241729736328
10.376258850097656
-28.59056854248047
-30.443981170654297
-17.600231170654297
-34.58763122558594
-44.64240646362305
-25.318912506103516
-15.880210876464844
-88.060302734375
-44.64031219482422
-39.97125244140625
-10.804786682128906
-78.49211120605469
-34.88286209106445
-25.870887756347656
-22.3848876953125
-19.946327209472656
-28.6490478515625
-26.102127075195312
-28.23543930053711
-26.790077209472656
-38.204288482666016
-34.706844329833984
-42.72914505004883
-30.683425903320312
-28.291526794433594
-19.946102142333984
-33.86824417114258
-29.44994354248047
-32.33185577392578
-26.366283416748047
-37.74064254760742
-78.49211120605469
-34.58763122558594
-35.45049285888672
-17.438819885253906
-37.778533935546875
-30.03528594970703
-16.733840942382812
-78.49211120605469
-21.165035247802734
-28.291526794433594
-24.92669677734375
-78.49211120605469
-44.64240646362305
-22.3848876953125
-37.53474044799805
-7.414985656738281
-26.438499450683594
-12.9794921875
-88.060302734375
-26.289077758789062
-40.19036865234375
-38.751285552978516
-16.72588348388672
-26.334800720214844
-38.37752151489258
-33.356990814208984
-18.000469207763672
-31.21680450439453
-35.99946975708008
-18.215770721435547
-26.45629119873047
-37.866947174072266
-78.49211120605469
-41.64911651611328
-23.997970581054688
-78.49211120605469
-27.450912475585938
-32.50944519042969
-11.075210571289062
-12.9794921875
-41.128257751464844
-27.06900405883789
-35.35894775390625
-33.356990814208984
-33.356990814208984
-41.45842361450195
-88.060302734375
-16.627315521240234
-16.653141021728516
-27.643505096435547
-33.03497314453125
-30.45766830444336
-25.43878173828125
198.26336669921875
-34.631492614746094
-17.82425308227539
-30.66619873046875
-31.611000061035156
-39.24818801879883
-13.612251281738281
-37.53474044799805
-27.115196228027344
-5.007045745849609
-78.49211120605469
15.113388061523438
-32.937965393066406
-88.060302734375
-37.78114318847656
-22.3848876953125
-37.63896179199219
-37.74064254760742
-78.49211120605469
-32.33185577392578
-29.70677947998047
13.240516662597656
-16.79914093017578
-88.060302734375
-41.82868957519531
-32.02462387084961
-7.859462738037109
-10.87197494506836
0.113189697265625
37.49761962890625
-32.44948196411133
-27.671356201171875
-78.49211120605469
-16.64809799194336
-39.360862731933594
-33.356990814208984
13.8724365234375
-78.49211120605469
-41.525421142578125
-37.17547607421875
-31.305744171142578
-32.295291900634766
-78.49211120605469
-26.438499450683594
-21.08574676513672
-22.3848876953125
-33.9282112121582
-88.060302734375
-9.325916290283203
-36.150482177734375
-40.763267517089844
-37.59557342529297
-88.060302734375
-26.334800720214844
-33.86824417114258
-33.14558410644531
-19.33517837524414
-29.829559326171875
-25.71898651123047
-16.587825775146484
-20.422134399414062
-33.86128234863281
-78.49211120605469
-29.679519653320312
-16.778236389160156
-38.797752380371094
-19.522071838378906
-24.59347915649414
-28.630332946777344
-27.47576141357422
-30.778892517089844
-27.877017974853516
-30.74173355102539
-24.815757751464844
-32.41535568237305
-22.97662353515625
-19.383411407470703
-34.45064926147461
-25.174022674560547
-37.45264434814453
-22.2119140625
2.108062744140625
-34.32881164550781
-37.74812698364258
-10.248332977294922
-17.930225372314453
-20.193359375
-32.33185577392578
12.195182800292969
-36.0505485534668
-17.79867172241211
-18.04520034790039
-34.58763122558594
-38.363372802734375
-30.96396255493164
-32.992286682128906
-23.997970581054688
-18.931121826171875
-28.540821075439453
-29.829559326171875
-31.84937286376953
-88.060302734375
-33.28954315185547
11.433708190917969
8.255119323730469
-30.03528594970703
-18.442527770996094
-29.510467529296875
-39.97125244140625
-88.060302734375
-24.384342193603516
-37.866947174072266
-22.348499298095703
-41.64911651611328
2.3065452575683594
-78.49211120605469
-35.25320053100586
-20.047950744628906
-24.71575164794922
-11.884998321533203
-21.09674072265625
-23.88426971435547
-44.64031219482422
-39.39823913574219
-11.053695678710938
-88.060302734375
-8.768562316894531
-26.790077209472656
-24.468265533447266
36.13515090942383
-15.209968566894531
-21.693885803222656
-12.176383972167969
-24.59347915649414
-4.345066070556641
-13.912734985351562
-35.0594482421875
-41.43654251098633
-88.060302734375
-88.060302734375
-6.755268096923828
-17.423259735107422
-37.74064254760742
-16.53183364868164
-41.525421142578125
-32.623016357421875
-22.036449432373047
-32.90721130371094
-16.64809799194336
-2.5712356567382812
-41.525421142578125
-33.03495788574219
-16.778247833251953
-28.590560913085938
-7.193000793457031
-78.49211120605469
-22.518375396728516
38.61274719238281
-38.78790283203125
-35.230735778808594
-26.334815979003906
-37.53473663330078
-4.910881042480469
-26.34262466430664
-30.74173355102539
-39.445220947265625
-26.527496337890625
-24.540393829345703
-24.85678482055664
-26.366744995117188
-17.941844940185547
-44.64031219482422
-32.20717239379883
-24.61229705810547
-24.493301391601562
-78.49211120605469
-17.19146728515625
-25.87087631225586
-4.296226501464844
-33.637939453125
-21.09674072265625
-34.27783966064453
-27.788841247558594
-32.082950592041016
-18.595924377441406
-28.340293884277344
-37.748138427734375
-27.20086669921875
-78.49211120605469
-21.104629516601562
-20.803359985351562
-31.216796875
-44.24528884887695
-78.49211120605469
-24.493301391601562
-17.002544403076172
-27.926250457763672
-17.950420379638672
-36.65534591674805
-35.0594482421875
-22.237213134765625
-16.858020782470703
-28.340293884277344
-27.987407684326172
-26.366317749023438
-15.095355987548828
-78.49211120605469
-37.53473663330078
-9.542755126953125
-44.64031219482422
-24.14956283569336
-33.02940368652344
-33.32990264892578
-34.43364334106445
-32.0855827331543
-24.546104431152344
-14.781913757324219
-26.94892120361328
-25.316837310791016
-29.37218475341797
-31.849365234375
-41.12825012207031
-34.58771896362305
-32.58283996582031
-25.316837310791016
18.820892333984375
-24.540393829345703
-21.162368774414062
-34.29587936401367
-41.525413513183594
-17.734718322753906
-15.031875610351562
-28.303119659423828
-26.366317749023438
-29.829551696777344
-17.60025405883789
-26.658584594726562
-22.247562408447266
-15.128955841064453
-29.477806091308594
-29.195999145507812
-37.74064254760742
-78.49211120605469
-18.973922729492188
-0.18884658813476562
-22.89258575439453
-29.829551696777344
-21.095046997070312
-37.53473663330078
-30.25969696044922
-11.26327896118164
-10.419990539550781
-23.64059829711914
-29.559234619140625
-18.197227478027344
-37.53473663330078
-33.637939453125
-13.62423324584961
-78.49211120605469
-37.59557342529297
-17.90770721435547
-18.46556854248047
-37.66657257080078
-32.26205062866211
-29.829551696777344
-78.49211120605469
-29.87804412841797
-41.649131774902344
-29.829551696777344
-35.230735778808594
-8.848888397216797
-34.9398193359375
-78.49211120605469
-26.229366302490234
-35.450496673583984
-44.64031219482422
6.988090515136719
-24.737899780273438
-78.49211120605469
-39.267818450927734
-35.39481735229492
-40.45952606201172
-26.289085388183594
-17.637794494628906
-23.672466278076172
-17.19146728515625
-14.984809875488281
23.030109405517578
-23.04879379272461
-88.060302734375
-14.817123413085938
-15.797897338867188
-31.050270080566406
-17.187793731689453
-28.28940200805664
-17.394214630126953
-44.64031219482422
-16.14545440673828
-31.07624053955078
-24.85678482055664
-78.49211120605469
-9.683399200439453
-19.856903076171875
-25.87087631225586
-37.129737854003906
-7.4405517578125
-16.648605346679688
-29.170238494873047
-16.846023559570312
-20.338653564453125
-24.61229705810547
-17.355945587158203
-40.18962860107422
-4.2270660400390625
-40.23789978027344
-88.060302734375
-34.58771896362305
-23.190235137939453
-11.621910095214844
-24.384342193603516
-44.24528884887695
-29.679534912109375
-22.384883880615234
-36.109169006347656
-18.396644592285156
-28.340293884277344
-34.58771896362305
-37.17469787597656
-16.858020782470703
-44.64240646362305
-20.252731323242188
-16.64809799194336
-26.527496337890625
-28.16778564453125
-14.722652435302734
-37.59557342529297
-25.87087631225586
-78.49211120605469
-27.804718017578125
-25.316837310791016
-28.29153823852539
-45.18172836303711
-36.109169006347656
-29.195999145507812
-31.849365234375
-26.887100219726562
-16.799137115478516
-3.259063720703125
-78.49211120605469
-13.786575317382812
-17.748023986816406
-29.669952392578125
-36.109169006347656
-21.095367431640625
-88.060302734375
-39.961727142333984
