15.420839309692383
14.042930603027344
6.473957061767578
20.036828994750977
22.38266944885254
30.113483428955078
21.447704315185547
30.113483428955078
21.447704315185547
9.04824447631836
8.08707046508789
8.73807144165039
17.456283569335938
3.851327896118164
16.22321319580078
5.941228866577148
7.956789016723633
14.042930603027344
6.45744514465332
19.089139938354492
17.539127349853516
16.22321319580078
10.800655364990234
19.089139938354492
19.639110565185547
14.181816101074219
16.3781681060791
10.78841781616211
51.52152633666992
16.22321319580078
8.961444854736328
11.87850570678711
30.113483428955078
21.447704315185547
16.518709182739258
30.113483428955078
21.447704315185547
16.518709182739258
28.252792358398438
23.05577850341797
25.762432098388672
7.157749176025391
19.089139938354492
17.539127349853516
11.426782608032227
23.05577850341797
25.762432098388672
28.462648391723633
23.05577850341797
25.762432098388672
28.462648391723633
24.611879348754883
35.07982635498047
35.07982635498047
35.07982635498047
16.641143798828125
16.20782470703125
23.05577850341797
25.762432098388672
28.462648391723633
19.089139938354492
17.539127349853516
23.03342628479004
23.05577850341797
25.762432098388672
28.462648391723633
23.05577850341797
14.349018096923828
14.362167358398438
18.843971252441406
15.546257019042969
13.69241714477539
12.29024887084961
6.939189910888672
15.546257019042969
13.69241714477539
23.886821746826172
19.73613929748535
23.886821746826172
23.886821746826172
19.73613929748535
55.49697494506836
11.12352180480957
9.947967529296875
13.078739166259766
25.762432098388672
28.462648391723633
7.131000518798828
26.377948760986328
21.421377182006836
26.377948760986328
27.729190826416016
21.9251766204834
18.13158416748047
16.716262817382812
21.9251766204834
18.13158416748047
21.9251766204834
15.775611877441406
15.264747619628906
16.178279876708984
16.135513305664062
10.106523513793945
18.006534576416016
14.952091217041016
18.650569915771484
14.711071014404297
14.612932205200195
14.711071014404297
15.951168060302734
15.428976058959961
15.951168060302734
14.921619415283203
16.147899627685547
14.921619415283203
12.236228942871094
11.570230484008789
12.236228942871094
15.546257019042969
13.69241714477539
6.045806884765625
23.68276596069336
65.5609130859375
17.755149841308594
22.744831085205078
17.755149841308594
7.616750717163086
11.341089248657227
7.443004608154297
13.0025634765625
13.118095397949219
14.618082046508789
21.9251766204834
18.13158416748047
20.748043060302734
19.210601806640625
19.524608612060547
16.02136993408203
7.200714111328125
18.60919952392578
9.004426956176758
8.852054595947266
16.9722900390625
14.828968048095703
20.759872436523438
15.936553955078125
32.26235580444336
15.07498550415039
13.607521057128906
8.112180709838867
10.206720352172852
7.429319381713867
11.3583984375
10.044387817382812
17.153478622436523
14.693374633789062
17.153478622436523
18.468467712402344
6.8895721435546875
17.366004943847656
14.213634490966797
14.33675765991211
7.890937805175781
11.755821228027344
18.305849075317383
16.157428741455078
19.29828453063965
5.5913543701171875
16.2388916015625
14.265003204345703
16.2388916015625
10.582712173461914
22.2525634765625
17.499174118041992
22.2525634765625
22.2525634765625
17.499174118041992
19.783414840698242
19.646251678466797
19.783414840698242
22.2525634765625
17.499174118041992
22.2525634765625
15.796268463134766
19.82929801940918
17.565095901489258
22.2525634765625
17.499174118041992
9.55044937133789
22.2525634765625
17.499174118041992
22.2525634765625
36.72758102416992
10.201311111450195
36.72758102416992
22.2525634765625
17.499174118041992
22.2525634765625
17.499174118041992
22.2525634765625
11.22940444946289
17.502012252807617
15.926397323608398
16.395977020263672
23.27391242980957
16.80042839050293
15.967443466186523
6.683954238891602
22.121726989746094
9.688041687011719
22.555688858032227
17.28095054626465
18.567432403564453
17.28095054626465
20.960731506347656
21.855398178100586
20.960731506347656
20.00214195251465
16.459918975830078
20.00214195251465
14.710000991821289
29.469228744506836
6.418239593505859
14.513164520263672
23.368253707885742
14.513164520263672
17.083011627197266
22.2525634765625
17.499174118041992
30.113483428955078
21.447704315185547
26.99836540222168
22.2525634765625
17.499174118041992
20.00214195251465
16.459918975830078
20.00214195251465
44.045310974121094
17.753692626953125
12.128196716308594
17.753692626953125
15.264747619628906
16.178279876708984
16.135513305664062
6.297893524169922
17.753692626953125
12.128196716308594
17.753692626953125
17.753692626953125
12.128196716308594
22.2525634765625
17.499174118041992
10.451290130615234
17.41303253173828
17.17896842956543
26.253732681274414
17.17885971069336
5.802642822265625
8.436660766601562
17.279369354248047
18.56683921813965
