26.16193962097168
26.112417221069336
22.581859588623047
32.492305755615234
32.6362190246582
35.92319107055664
30.507564544677734
35.92319107055664
30.507564544677734
24.766765594482422
24.043142318725586
24.143009185791016
28.27395248413086
20.63921546936035
30.220252990722656
21.712392807006836
21.73495101928711
26.112417221069336
22.21854019165039
28.786733627319336
27.593544006347656
30.220252990722656
23.12051773071289
28.786733627319336
25.729217529296875
26.500259399414062
26.537109375
23.969070434570312
38.23908615112305
30.220252990722656
22.79239273071289
21.904024124145508
35.92319107055664
30.507564544677734
24.288585662841797
35.92319107055664
30.507564544677734
24.288585662841797
30.753751754760742
31.95730972290039
32.339393615722656
23.580472946166992
28.786733627319336
27.593544006347656
23.046911239624023
31.95730972290039
32.339393615722656
27.54283332824707
31.95730972290039
32.339393615722656
27.54283332824707
34.37284851074219
36.9619140625
36.9619140625
36.9619140625
28.553688049316406
28.248384475708008
31.95730972290039
32.339393615722656
27.54283332824707
28.786733627319336
27.593544006347656
26.376333236694336
31.95730972290039
32.339393615722656
27.54283332824707
31.95730972290039
27.20849609375
26.10108184814453
27.456432342529297
27.299718856811523
26.516504287719727
26.352863311767578
21.02678680419922
27.299718856811523
26.516504287719727
35.739498138427734
35.40620803833008
35.739498138427734
35.739498138427734
35.40620803833008
60.496315002441406
26.190631866455078
22.621334075927734
25.806312561035156
32.339393615722656
27.54283332824707
21.183122634887695
32.98638916015625
29.89519691467285
32.98638916015625
27.634876251220703
34.574378967285156
30.672466278076172
27.958431243896484
34.574378967285156
30.672466278076172
34.574378967285156
28.850723266601562
27.798873901367188
27.875253677368164
28.731670379638672
23.396095275878906
27.82209587097168
26.411714553833008
29.13043975830078
27.024459838867188
26.728614807128906
27.024459838867188
28.275964736938477
28.08437728881836
28.275964736938477
27.827651977539062
26.54591941833496
27.827651977539062
27.23504066467285
26.4119815826416
27.23504066467285
27.299718856811523
26.516504287719727
21.29086685180664
29.460533142089844
57.17359924316406
32.252342224121094
37.113311767578125
32.252342224121094
22.32198715209961
26.758878707885742
22.27957534790039
25.358905792236328
27.374530792236328
27.832290649414062
34.574378967285156
30.672466278076172
29.56170654296875
30.985065460205078
31.38630485534668
27.339218139648438
23.14492416381836
29.168832778930664
22.013965606689453
24.17294692993164
28.861177444458008
26.968719482421875
30.945343017578125
30.072479248046875
37.09891128540039
30.14517593383789
27.81374168395996
22.367298126220703
21.846038818359375
22.523780822753906
23.257278442382812
24.219879150390625
29.960018157958984
26.69228172302246
29.960018157958984
30.45889663696289
21.288997650146484
28.787822723388672
27.122604370117188
27.29013442993164
23.049072265625
25.147418975830078
29.687820434570312
28.91507339477539
26.13187026977539
21.404239654541016
28.408782958984375
26.791688919067383
28.408782958984375
22.881027221679688
32.74635696411133
28.96053123474121
32.74635696411133
32.74635696411133
28.96053123474121
31.111942291259766
31.217044830322266
31.111942291259766
32.74635696411133
28.96053123474121
32.74635696411133
27.7525577545166
29.137096405029297
28.406269073486328
32.74635696411133
28.96053123474121
24.305940628051758
32.74635696411133
28.96053123474121
32.74635696411133
33.619964599609375
22.084911346435547
33.619964599609375
32.74635696411133
28.96053123474121
32.74635696411133
28.96053123474121
32.74635696411133
24.79677963256836
27.00191879272461
26.090301513671875
26.543594360351562
34.32557678222656
30.633214950561523
30.001056671142578
22.330211639404297
28.955873489379883
23.97999382019043
32.20853805541992
33.203941345214844
33.14850616455078
33.203941345214844
34.20756149291992
35.06123733520508
34.20756149291992
32.29978942871094
28.391366958618164
32.29978942871094
28.343141555786133
34.913551330566406
22.887310028076172
26.936504364013672
31.17068099975586
26.936504364013672
27.14580535888672
32.74635696411133
28.96053123474121
35.92319107055664
30.507564544677734
32.56895446777344
32.74635696411133
28.96053123474121
32.29978942871094
28.391366958618164
32.29978942871094
38.59668731689453
30.011598587036133
26.644214630126953
30.011598587036133
27.798873901367188
27.875253677368164
28.731670379638672
21.665172576904297
30.011598587036133
26.644214630126953
30.011598587036133
30.011598587036133
26.644214630126953
32.74635696411133
28.96053123474121
22.41444969177246
29.892471313476562
29.12822151184082
30.25531005859375
29.12822723388672
20.727840423583984
22.736412048339844
33.202362060546875
33.148345947265625
