24.035682678222656
23.538414001464844
19.163837432861328
29.484634399414062
30.31643295288086
35.467750549316406
29.122821807861328
35.467750549316406
29.122821807861328
20.256141662597656
19.415382385253906
19.21684455871582
23.639814376831055
16.998525619506836
27.505817413330078
18.517675399780273
18.78850746154785
23.538414001464844
18.872207641601562
27.20256233215332
25.689363479614258
27.505817413330078
20.346391677856445
27.20256233215332
24.245433807373047
23.83123016357422
24.53730583190918
21.334444046020508
40.19744110107422
27.505817413330078
19.85325050354004
19.68007469177246
35.467750549316406
29.122821807861328
22.459518432617188
35.467750549316406
29.122821807861328
22.459518432617188
30.111177444458008
30.433855056762695
31.115219116210938
20.451663970947266
27.20256233215332
25.689363479614258
20.698301315307617
30.433855056762695
31.115219116210938
27.030786514282227
30.433855056762695
31.115219116210938
27.030786514282227
32.61308288574219
38.0910530090332
38.0910530090332
38.0910530090332
26.037921905517578
25.716278076171875
30.433855056762695
31.115219116210938
27.030786514282227
27.20256233215332
25.689363479614258
25.2187557220459
30.433855056762695
31.115219116210938
27.030786514282227
30.433855056762695
24.510055541992188
23.76751136779785
25.63339614868164
24.927906036376953
23.941844940185547
23.585235595703125
18.13120460510254
24.927906036376953
23.941844940185547
33.49181365966797
32.4400634765625
33.49181365966797
33.49181365966797
32.4400634765625
60.25494384765625
23.39007568359375
20.056598663330078
23.401473999023438
31.115219116210938
27.030786514282227
18.366641998291016
31.952133178710938
28.185501098632812
31.952133178710938
26.03093719482422
31.965110778808594
27.883092880249023
25.973976135253906
31.965110778808594
27.883092880249023
31.965110778808594
26.71268081665039
25.105127334594727
25.60436248779297
25.966041564941406
20.795475006103516
25.965003967285156
24.16071319580078
27.162654876708984
24.381650924682617
24.086563110351562
24.381650924682617
25.7603759765625
25.517436981201172
25.7603759765625
25.10573959350586
24.320270538330078
25.10573959350586
23.85137939453125
23.220218658447266
23.85137939453125
24.927906036376953
23.941844940185547
18.19285011291504
28.009178161621094
59.898460388183594
29.495384216308594
35.22168731689453
29.495384216308594
19.184368133544922
23.892728805541992
19.275680541992188
22.701290130615234
24.323118209838867
24.84547233581543
31.965110778808594
27.883092880249023
26.43683624267578
28.56386947631836
28.964351654052734
24.8411922454834
19.9412841796875
24.910398483276367
19.512554168701172
21.162120819091797
26.293230056762695
24.41822052001953
28.703683853149414
26.8919734954834
36.23676681518555
27.029191970825195
24.713844299316406
19.40802764892578
19.410890579223633
19.62800407409668
20.749235153198242
21.47663116455078
27.25786590576172
24.129270553588867
27.25786590576172
28.531158447265625
18.415300369262695
26.584444046020508
24.34010887145996
24.606996536254883
20.099014282226562
20.756057739257812
27.347305297851562
26.38646697998047
24.233509063720703
18.119081497192383
25.981321334838867
24.197681427001953
25.981321334838867
20.205738067626953
30.076669692993164
26.670392990112305
30.076669692993164
30.076669692993164
26.670392990112305
28.798255920410156
28.889619827270508
28.798255920410156
30.076669692993164
26.670392990112305
30.076669692993164
25.29480743408203
28.014842987060547
26.391199111938477
30.076669692993164
26.670392990112305
19.47463035583496
30.076669692993164
26.670392990112305
30.076669692993164
33.71002197265625
19.419261932373047
33.71002197265625
30.076669692993164
26.670392990112305
30.076669692993164
26.670392990112305
30.076669692993164
20.54466438293457
25.082366943359375
24.03396224975586
24.538497924804688
32.16286849975586
27.709247589111328
26.975187301635742
19.094655990600586
25.455636978149414
21.189176559448242
30.92862892150879
29.979801177978516
30.4340763092041
29.979801177978516
31.478221893310547
32.277835845947266
31.478221893310547
29.829669952392578
25.873720169067383
29.829669952392578
26.06591033935547
33.40632629394531
19.587398529052734
24.664302825927734
30.229625701904297
24.664302825927734
23.405622482299805
30.076669692993164
26.670392990112305
35.467750549316406
29.122821807861328
31.70313835144043
30.076669692993164
26.670392990112305
29.829669952392578
25.873720169067383
29.829669952392578
39.88990783691406
27.599506378173828
23.429080963134766
27.599506378173828
25.105127334594727
25.60436248779297
25.966041564941406
18.571632385253906
27.599506378173828
23.429080963134766
27.599506378173828
27.599506378173828
23.429080963134766
30.076669692993164
26.670392990112305
20.12104034423828
27.815824508666992
26.56222915649414
29.684904098510742
26.56220245361328
17.72541046142578
19.82598304748535
29.97811508178711
30.433853149414062
