32.96052551269531
34.45635986328125
33.171051025390625
41.54895782470703
38.44886016845703
37.087059020996094
34.801822662353516
37.087059020996094
34.801822662353516
49.308292388916016
49.23931121826172
49.127567291259766
47.962890625
31.299148559570312
38.1401481628418
31.730005264282227
31.492225646972656
34.45635986328125
32.79766082763672
33.961021423339844
33.446563720703125
38.1401481628418
32.09510803222656
33.961021423339844
31.948083877563477
34.18574142456055
33.32219314575195
32.19054412841797
35.82019805908203
38.1401481628418
32.154273986816406
30.007835388183594
37.087059020996094
34.801822662353516
31.94526481628418
37.087059020996094
34.801822662353516
31.94526481628418
34.01591110229492
37.976158142089844
37.53366470336914
33.0410041809082
33.961021423339844
33.446563720703125
31.614337921142578
37.976158142089844
37.53366470336914
33.18830490112305
37.976158142089844
37.53366470336914
33.18830490112305
37.94166564941406
37.434932708740234
37.434932708740234
37.434932708740234
37.61005401611328
37.3155517578125
37.976158142089844
37.53366470336914
33.18830490112305
33.961021423339844
33.446563720703125
32.43441390991211
37.976158142089844
37.53366470336914
33.18830490112305
37.976158142089844
34.936771392822266
33.21369171142578
33.48068618774414
33.669677734375
33.45528793334961
34.021453857421875
30.530410766601562
33.669677734375
33.45528793334961
44.99996566772461
43.36927795410156
44.99996566772461
44.99996566772461
43.36927795410156
72.43598175048828
34.68364715576172
31.135168075561523
33.41129684448242
37.53366470336914
33.18830490112305
30.280254364013672
37.79475402832031
36.744361877441406
37.79475402832031
34.64188766479492
40.8563232421875
39.27219009399414
33.73393630981445
40.8563232421875
39.27219009399414
40.8563232421875
35.840240478515625
36.68771743774414
34.79718780517578
36.422760009765625
31.82318115234375
34.14778137207031
33.13780212402344
34.58746337890625
35.850337982177734
36.095794677734375
35.850337982177734
35.32321548461914
35.64268493652344
35.32321548461914
36.5113639831543
34.56938552856445
36.5113639831543
37.89077377319336
36.631080627441406
37.89077377319336
33.669677734375
33.45528793334961
30.637243270874023
35.75309371948242
55.9249267578125
41.01377868652344
44.43757247924805
41.01377868652344
32.13880157470703
35.23411560058594
31.196388244628906
34.56913375854492
36.94149398803711
37.209144592285156
40.8563232421875
39.27219009399414
43.02678680419922
37.567378997802734
38.69017028808594
35.50276565551758
32.74357223510742
47.91964340209961
30.337570190429688
33.31081008911133
38.254478454589844
35.684818267822266
39.615814208984375
39.37876892089844
41.164005279541016
38.83585739135742
48.66559600830078
31.477413177490234
30.453380584716797
31.200544357299805
31.787363052368164
32.55917739868164
36.97523498535156
34.719482421875
36.97523498535156
36.97283935546875
30.04823875427246
35.19053649902344
35.10096740722656
35.00169372558594
32.001068115234375
44.12326431274414
38.009422302246094
37.604270935058594
33.22580337524414
31.508087158203125
35.11695861816406
34.27756118774414
35.11695861816406
32.334041595458984
41.16975784301758
36.3290901184082
41.16975784301758
41.16975784301758
36.3290901184082
39.58657455444336
39.55939483642578
39.58657455444336
41.16975784301758
36.3290901184082
41.16975784301758
34.81239700317383
33.84573745727539
34.74180603027344
41.16975784301758
36.3290901184082
43.49605178833008
41.16975784301758
36.3290901184082
41.16975784301758
36.92161178588867
30.642295837402344
36.92161178588867
41.16975784301758
36.3290901184082
41.16975784301758
36.3290901184082
41.16975784301758
43.66870880126953
33.45722579956055
32.8575325012207
33.04345703125
43.22262191772461
40.369415283203125
40.533103942871094
32.240135192871094
45.55896759033203
32.599403381347656
35.9787483215332
41.73398208618164
40.691680908203125
41.73398208618164
43.93779754638672
41.7138557434082
43.93779754638672
39.95472717285156
37.4903564453125
39.95472717285156
35.50641632080078
46.01214599609375
32.75045394897461
33.72565460205078
34.365989685058594
33.72565460205078
47.19267272949219
41.16975784301758
36.3290901184082
37.087059020996094
34.801822662353516
37.93243408203125
41.16975784301758
36.3290901184082
39.95472717285156
37.4903564453125
39.95472717285156
45.39915466308594
37.27817916870117
36.86692810058594
37.27817916870117
36.68771743774414
34.79718780517578
36.422760009765625
31.422508239746094
37.27817916870117
36.86692810058594
37.27817916870117
37.27817916870117
36.86692810058594
41.16975784301758
36.3290901184082
30.164037704467773
36.5900764465332
37.65984344482422
34.33576583862305
37.65993118286133
29.99383544921875
32.058502197265625
41.73261642456055
40.69178009033203
