21.864736557006836
21.001869201660156
15.779088973999023
26.572538375854492
28.601318359375
34.70716857910156
27.472410202026367
34.70716857910156
27.472410202026367
16.761510848999023
15.255510330200195
15.396467208862305
21.04876136779785
13.309444427490234
24.670738220214844
15.347309112548828
15.930286407470703
21.001869201660156
15.585540771484375
25.282934188842773
23.6390380859375
24.670738220214844
17.629135131835938
25.282934188842773
22.968109130859375
21.337360382080078
22.56633949279785
18.56720733642578
44.19586181640625
24.670738220214844
16.897235870361328
17.6578369140625
34.70716857910156
27.472410202026367
20.98853302001953
34.70716857910156
27.472410202026367
20.98853302001953
30.048904418945312
29.203750610351562
30.305397033691406
17.13088607788086
25.282934188842773
23.6390380859375
18.552379608154297
29.203750610351562
30.305397033691406
27.234323501586914
29.203750610351562
30.305397033691406
27.234323501586914
31.008304595947266
38.35803985595703
38.35803985595703
38.35803985595703
23.53563117980957
23.212753295898438
29.203750610351562
30.305397033691406
27.234323501586914
25.282934188842773
23.6390380859375
24.556324005126953
29.203750610351562
30.305397033691406
27.234323501586914
29.203750610351562
21.863601684570312
21.45017433166504
23.886783599853516
22.61734962463379
21.326038360595703
20.762706756591797
15.253990173339844
22.61734962463379
21.326038360595703
31.13655662536621
29.307065963745117
31.13655662536621
31.13655662536621
29.307065963745117
61.29682159423828
20.31968116760254
17.489185333251953
20.75037956237793
30.305397033691406
27.234323501586914
15.57547378540039
31.218734741210938
26.915569305419922
31.218734741210938
24.87872314453125
29.1582088470459
25.32769775390625
23.714427947998047
29.1582088470459
25.32769775390625
29.1582088470459
24.285663604736328
22.489831924438477
23.295501708984375
23.34789276123047
18.017536163330078
24.182907104492188
21.9703311920166
25.265607833862305
21.8363037109375
21.576833724975586
21.8363037109375
23.313264846801758
22.99062728881836
23.313264846801758
22.40572166442871
22.160484313964844
22.40572166442871
20.70249366760254
20.201871871948242
20.70249366760254
22.61734962463379
21.326038360595703
14.971351623535156
26.72626495361328
64.18844604492188
26.54724884033203
32.5743522644043
26.54724884033203
16.06145477294922
20.750707626342773
16.13014793395996
20.206340789794922
21.389678955078125
22.088220596313477
29.1582088470459
25.32769775390625
24.67633628845215
26.131942749023438
26.46320915222168
22.54205322265625
16.616436004638672
21.732383728027344
16.98160743713379
17.990795135498047
23.774898529052734
21.899948120117188
26.55674934387207
23.772655487060547
35.32701873779297
23.969478607177734
19.494728088378906
16.40650177001953
16.968647003173828
16.53670310974121
18.304357528686523
18.5692081451416
24.608720779418945
21.7005615234375
24.608720779418945
26.35694122314453
15.503097534179688
24.397510528564453
21.70223617553711
21.99954605102539
16.94956398010254
17.59880828857422
24.974472045898438
23.79700469970703
22.48041534423828
14.811424255371094
23.627758026123047
21.664897918701172
23.627758026123047
17.598976135253906
27.705883026123047
24.414936065673828
27.705883026123047
27.705883026123047
24.414936065673828
26.62862777709961
26.73263931274414
26.62862777709961
27.705883026123047
24.414936065673828
27.705883026123047
22.828414916992188
26.164989471435547
24.20856285095215
27.705883026123047
24.414936065673828
17.038496017456055
27.705883026123047
24.414936065673828
27.705883026123047
33.900272369384766
16.881942749023438
33.900272369384766
27.705883026123047
24.414936065673828
27.705883026123047
24.414936065673828
27.705883026123047
17.47243309020996
23.206668853759766
22.04220199584961
22.545873641967773
30.226543426513672
24.90283966064453
24.153553009033203
15.794857025146484
22.92587661743164
18.28020477294922
29.108070373535156
26.685739517211914
27.477510452270508
26.685739517211914
28.992162704467773
29.584592819213867
28.992162704467773
27.301239013671875
23.36448097229004
27.301239013671875
23.428810119628906
32.02251434326172
16.173343658447266
22.233118057250977
28.895292282104492
22.233118057250977
20.099145889282227
27.705883026123047
24.414936065673828
34.70716857910156
27.472410202026367
30.702476501464844
27.705883026123047
24.414936065673828
27.301239013671875
23.36448097229004
27.301239013671875
42.05601501464844
25.263450622558594
20.44454002380371
25.263450622558594
22.489831924438477
23.295501708984375
23.34789276123047
15.387645721435547
25.263450622558594
20.44454002380371
25.263450622558594
25.263450622558594
20.44454002380371
27.705883026123047
24.414936065673828
17.752641677856445
25.427642822265625
23.983863830566406
29.048763275146484
23.983802795410156
14.681106567382812
16.803951263427734
26.684024810791016
27.477209091186523
