19.718217849731445
18.607789993286133
12.667505264282227
23.906185150146484
26.072750091552734
33.20326232910156
25.648468017578125
33.20326232910156
25.648468017578125
13.28860855102539
12.122444152832031
12.260673522949219
19.283016204833984
10.122642517089844
21.744461059570312
12.191646575927734
13.282474517822266
18.607789993286133
12.537071228027344
23.33053207397461
21.64278793334961
21.744461059570312
15.210826873779297
23.33053207397461
21.580890655517578
18.91645622253418
20.61006736755371
15.84379768371582
45.66752243041992
21.744461059570312
14.213558197021484
15.580528259277344
33.20326232910156
25.648468017578125
19.19152069091797
33.20326232910156
25.648468017578125
19.19152069091797
29.222309112548828
27.150102615356445
28.769147872924805
13.888891220092773
23.33053207397461
21.64278793334961
16.11728858947754
27.150102615356445
28.769147872924805
27.01715850830078
27.150102615356445
28.769147872924805
27.01715850830078
28.70970344543457
38.12639617919922
38.12639617919922
38.12639617919922
21.17376708984375
20.855388641357422
27.150102615356445
28.769147872924805
27.01715850830078
23.33053207397461
21.64278793334961
23.458473205566406
27.150102615356445
28.769147872924805
27.01715850830078
27.150102615356445
19.281753540039062
19.118013381958008
22.21514892578125
20.226482391357422
18.723661422729492
17.926485061645508
12.589588165283203
20.226482391357422
18.723661422729492
28.70741844177246
25.959596633911133
28.70741844177246
28.70741844177246
25.959596633911133
58.46597671508789
17.3575496673584
14.978557586669922
18.246543884277344
28.769147872924805
27.01715850830078
12.854869842529297
29.67774200439453
25.039880752563477
29.67774200439453
24.735225677490234
26.371829986572266
22.804046630859375
21.392316818237305
26.371829986572266
22.804046630859375
26.371829986572266
21.646413803100586
20.039775848388672
20.94116973876953
20.730342864990234
15.447381973266602
22.06291389465332
19.60164451599121
23.01384735107422
19.36629867553711
19.168458938598633
19.36629867553711
20.809371948242188
20.44537353515625
20.809371948242188
19.835451126098633
20.09166717529297
19.835451126098633
17.763011932373047
17.295028686523438
17.763011932373047
20.226482391357422
18.723661422729492
11.962249755859375
25.66552734375
62.1729850769043
23.415491104125977
29.369892120361328
23.415491104125977
13.169198989868164
17.698598861694336
13.207042694091797
17.829833984375
18.549654006958008
19.481170654296875
26.371829986572266
22.804046630859375
23.031404495239258
23.770761489868164
24.096878051757812
20.25192642211914
13.487478256225586
20.19989013671875
14.45455551147461
14.924837112426758
21.42312240600586
19.485179901123047
24.575693130493164
20.86469268798828
34.371543884277344
20.901254653930664
17.540693283081055
13.622291564941406
14.704456329345703
13.524856567382812
16.013511657714844
15.670942306518555
21.846593856811523
19.241418838500977
21.846593856811523
23.92935562133789
12.679073333740234
22.051673889160156
19.113330841064453
19.406517028808594
13.967693328857422
15.70254898071289
22.487918853759766
21.139039993286133
21.1419677734375
11.706623077392578
21.11388397216797
19.176773071289062
21.11388397216797
15.309532165527344
25.582183837890625
22.07927894592285
25.582183837890625
25.582183837890625
22.07927894592285
24.37911605834961
24.381359100341797
24.37911605834961
25.582183837890625
22.07927894592285
25.582183837890625
20.35466194152832
24.327293395996094
22.039974212646484
25.582183837890625
22.07927894592285
14.539817810058594
25.582183837890625
22.07927894592285
25.582183837890625
34.28997039794922
14.522232055664062
34.28997039794922
25.582183837890625
22.07927894592285
25.582183837890625
22.07927894592285
25.582183837890625
15.68874740600586
21.254240036010742
19.990013122558594
20.493759155273438
28.106534957885742
22.139188766479492
21.3634033203125
12.757102966308594
22.053791046142578
15.420478820800781
27.124595642089844
23.292158126831055
24.576194763183594
23.292158126831055
26.332855224609375
26.621280670166016
26.332855224609375
24.761127471923828
21.011489868164062
24.761127471923828
20.713790893554688
31.292085647583008
12.989240646362305
19.704303741455078
27.203441619873047
19.704303741455078
18.4479923248291
25.582183837890625
22.07927894592285
33.20326232910156
25.648468017578125
29.555706024169922
25.582183837890625
22.07927894592285
24.761127471923828
21.011489868164062
24.761127471923828
42.956966400146484
22.807573318481445
17.607351303100586
22.807573318481445
20.039775848388672
20.94116973876953
20.730342864990234
12.457145690917969
22.807573318481445
17.607351303100586
22.807573318481445
22.807573318481445
17.607351303100586
25.582183837890625
22.07927894592285
15.36338996887207
22.957273483276367
21.57170295715332
28.615774154663086
21.571605682373047
11.737472534179688
14.054115295410156
23.290597915649414
24.575794219970703
