34.971435546875
36.89094924926758
35.65199279785156
44.053794860839844
40.115116119384766
37.82801055908203
36.00891876220703
37.82801055908203
36.00891876220703
61.405521392822266
61.4758186340332
61.14605712890625
58.37051773071289
33.92299270629883
40.342803955078125
34.07493591308594
33.7500114440918
36.89094924926758
35.28446578979492
35.56189727783203
35.09030532836914
40.342803955078125
34.314327239990234
35.56189727783203
33.68949508666992
36.06174850463867
35.33293914794922
33.988014221191406
36.35893249511719
40.342803955078125
34.43156814575195
31.97199249267578
37.82801055908203
36.00891876220703
34.146034240722656
37.82801055908203
36.00891876220703
34.146034240722656
35.144866943359375
39.98808288574219
39.485328674316406
35.41349411010742
35.56189727783203
35.09030532836914
33.78889465332031
39.98808288574219
39.485328674316406
35.19331359863281
39.98808288574219
39.485328674316406
35.19331359863281
39.073585510253906
39.21928787231445
39.21928787231445
39.21928787231445
40.470027923583984
40.225833892822266
39.98808288574219
39.485328674316406
35.19331359863281
35.56189727783203
35.09030532836914
34.06881332397461
39.98808288574219
39.485328674316406
35.19331359863281
39.98808288574219
37.06172180175781
35.12594985961914
35.126930236816406
35.17596435546875
35.03160095214844
35.78229522705078
32.8548698425293
35.17596435546875
35.03160095214844
47.9985466003418
45.711280822753906
47.9985466003418
47.9985466003418
45.711280822753906
83.31451416015625
37.0074348449707
33.356895446777344
35.494659423828125
39.485328674316406
35.19331359863281
32.622413635253906
39.67840576171875
38.934879302978516
39.67840576171875
36.72184753417969
42.35628128051758
41.45216369628906
35.200077056884766
42.35628128051758
41.45216369628906
42.35628128051758
38.087196350097656
39.1187629699707
36.66450881958008
38.37559509277344
34.0007438659668
35.95476531982422
34.89189529418945
36.07024383544922
38.50092697143555
38.84678649902344
38.50092697143555
36.99336242675781
37.589881896972656
36.99336242675781
38.92976760864258
37.02959442138672
38.92976760864258
40.875335693359375
39.572452545166016
40.875335693359375
35.17596435546875
35.03160095214844
32.90458679199219
37.217185974121094
58.88164138793945
43.78550720214844
47.21554183959961
43.78550720214844
34.50624465942383
37.580841064453125
33.425113677978516
37.18179702758789
39.5416145324707
39.77046203613281
42.35628128051758
41.45216369628906
50.17068862915039
39.38496780395508
40.577049255371094
37.64958572387695
35.21824645996094
57.86713409423828
32.57352828979492
35.685367584228516
41.19929122924805
38.350460052490234
42.50104522705078
41.604576110839844
42.45527267456055
40.86260223388672
59.445011138916016
33.677425384521484
32.627376556396484
33.397342681884766
33.94345474243164
34.72203826904297
38.70417022705078
36.77677536010742
38.70417022705078
39.18474197387695
32.228458404541016
36.81435775756836
36.958797454833984
36.790252685546875
34.23362731933594
53.40851974487305
40.90838623046875
40.544498443603516
34.87355422973633
33.97464370727539
36.7473258972168
36.04182052612305
36.7473258972168
34.71712112426758
43.352012634277344
38.407779693603516
43.352012634277344
43.352012634277344
38.407779693603516
42.84527587890625
42.745452880859375
42.84527587890625
43.352012634277344
38.407779693603516
43.352012634277344
36.70655059814453
35.6325569152832
36.68236541748047
43.352012634277344
38.407779693603516
52.846805572509766
43.352012634277344
38.407779693603516
43.352012634277344
38.670291900634766
32.5682258605957
38.670291900634766
43.352012634277344
38.407779693603516
43.352012634277344
38.407779693603516
43.352012634277344
52.76958465576172
35.298309326171875
34.721763610839844
34.84701919555664
46.67509841918945
44.00919723510742
44.3264274597168
34.64912033081055
54.46629333496094
34.97391128540039
37.13847732543945
43.4927864074707
42.3908576965332
43.4927864074707
46.717472076416016
44.084571838378906
46.717472076416016
42.36126708984375
40.38855743408203
42.36126708984375
37.71880340576172
51.62071990966797
35.16529846191406
35.55782699584961
35.63179016113281
35.55782699584961
57.43817901611328
43.352012634277344
38.407779693603516
37.82801055908203
36.00891876220703
39.67524719238281
43.352012634277344
38.407779693603516
42.36126708984375
40.38855743408203
42.36126708984375
51.46833038330078
39.24058151245117
39.708213806152344
39.24058151245117
39.1187629699707
36.66450881958008
38.37559509277344
33.7967529296875
39.24058151245117
39.708213806152344
39.24058151245117
39.24058151245117
39.708213806152344
43.352012634277344
38.407779693603516
32.13404846191406
38.761653900146484
40.18879318237305
36.04397964477539
40.18889617919922
32.27389907836914
34.31154251098633
43.49149703979492
42.39104080200195
