30.671785354614258
31.59410285949707
29.635454177856445
38.57674026489258
36.715057373046875
36.4120979309082
33.34114456176758
36.4120979309082
33.34114456176758
39.53020477294922
39.11212921142578
38.90299987792969
39.35054397583008
27.921049118041992
35.44804382324219
28.349451065063477
28.210674285888672
31.59410285949707
29.242868423461914
32.10699462890625
31.489957809448242
35.44804382324219
28.98743438720703
32.10699462890625
29.67905044555664
31.86524772644043
30.967098236083984
29.585458755493164
35.91054916381836
35.44804382324219
28.933496475219727
27.230878829956055
36.4120979309082
33.34114456176758
29.139385223388672
36.4120979309082
33.34114456176758
29.139385223388672
32.72243118286133
35.758724212646484
35.521209716796875
29.740161895751953
32.10699462890625
31.489957809448242
28.65790557861328
35.758724212646484
35.521209716796875
30.746051788330078
35.758724212646484
35.521209716796875
30.746051788330078
36.83604049682617
36.36383819580078
36.36383819580078
36.36383819580078
34.364192962646484
34.058467864990234
35.758724212646484
35.521209716796875
30.746051788330078
32.10699462890625
31.489957809448242
30.188405990600586
35.758724212646484
35.521209716796875
30.746051788330078
35.758724212646484
32.45842742919922
30.881065368652344
31.49979019165039
31.832874298095703
31.40751838684082
31.75536346435547
27.319677352905273
31.832874298095703
31.40751838684082
41.73025894165039
40.92150115966797
41.73025894165039
41.73025894165039
40.92150115966797
66.9878158569336
31.62090301513672
28.125364303588867
30.62921905517578
35.521209716796875
30.746051788330078
27.13507843017578
35.8956413269043
34.288509368896484
35.8956413269043
31.978656768798828
39.010833740234375
36.607513427734375
31.84182357788086
39.010833740234375
36.607513427734375
39.010833740234375
33.04227066040039
33.80230712890625
32.580841064453125
34.1173210144043
28.839073181152344
31.984418869018555
30.979755401611328
32.83020782470703
32.7734489440918
32.83091735839844
32.7734489440918
33.2485237121582
33.29052734375
33.2485237121582
33.59339141845703
31.72039222717285
33.59339141845703
34.45785140991211
33.26567459106445
34.45785140991211
31.832874298095703
31.40751838684082
27.491230010986328
33.55673599243164
56.22319793701172
38.039581298828125
41.60924530029297
38.039581298828125
28.830913543701172
32.18812942504883
28.142162322998047
31.419435501098633
33.79165267944336
34.17634201049805
39.010833740234375
36.607513427734375
36.894527435302734
35.47185134887695
36.32081604003906
32.83405303955078
29.434141159057617
40.10252380371094
27.364364624023438
30.1397762298584
34.87929153442383
32.60078430175781
36.43828582763672
36.544097900390625
39.70293426513672
36.30195617675781
39.86448287963867
28.427621841430664
27.436172485351562
28.22174835205078
28.835472106933594
29.65182113647461
34.97221755981445
32.19339370727539
34.97221755981445
34.279762268066406
27.081941604614258
33.207305908203125
32.7608757019043
32.735382080078125
28.9193058013916
35.94639205932617
34.96259689331055
34.469764709472656
30.821834564208984
28.078582763671875
33.116432189941406
32.01890563964844
33.116432189941406
29.05607795715332
38.603450775146484
33.89822006225586
38.603450775146484
38.603450775146484
33.89822006225586
36.37260818481445
36.3740348815918
36.37260818481445
38.603450775146484
33.89822006225586
38.603450775146484
32.59498596191406
31.949092864990234
32.5924072265625
38.603450775146484
33.89822006225586
35.37076950073242
38.603450775146484
33.89822006225586
38.603450775146484
35.105140686035156
27.932100296020508
35.105140686035156
38.603450775146484
33.89822006225586
38.603450775146484
33.89822006225586
38.603450775146484
35.51048278808594
31.279315948486328
30.61480140686035
30.882232666015625
39.78902816772461
36.73615264892578
36.66327667236328
28.897184371948242
38.21860122680664
29.50885772705078
34.6075553894043
39.356788635253906
38.50686264038086
39.356788635253906
40.75593566894531
39.615116119384766
40.75593566894531
37.2015380859375
34.226070404052734
37.2015380859375
32.71767807006836
40.622581481933594
29.399215698242188
31.51561737060547
33.06806945800781
31.51561737060547
38.270076751708984
38.603450775146484
33.89822006225586
36.4120979309082
33.34114456176758
35.62345886230469
38.603450775146484
33.89822006225586
37.2015380859375
34.226070404052734
37.2015380859375
40.106544494628906
35.04529571533203
33.583274841308594
35.04529571533203
33.80230712890625
32.580841064453125
34.1173210144043
28.132692337036133
35.04529571533203
33.583274841308594
35.04529571533203
35.04529571533203
33.583274841308594
38.603450775146484
33.89822006225586
27.45724105834961
33.88728713989258
34.68525314331055
32.51958465576172
34.6852912902832
26.861616134643555
28.87506675720215
39.355369567871094
38.50688934326172
