11.130870819091797
9.741687774658203
1.058807373046875
17.729999542236328
19.18505096435547
25.783035278320312
16.588747024536133
25.783035278320312
16.588747024536133
4.890972137451172
3.806926727294922
4.111225128173828
12.221172332763672
-1.6251335144042969
11.42520523071289
0.2918663024902344
2.9250221252441406
9.741687774658203
1.1311378479003906
14.64011001586914
13.378768920898438
11.42520523071289
6.6045074462890625
14.64011001586914
16.839412689208984
9.77420425415039
12.19538688659668
7.233097076416016
56.42735290527344
11.42520523071289
4.155906677246094
7.739597320556641
25.783035278320312
16.588747024536133
12.820175170898438
25.783035278320312
16.588747024536133
12.820175170898438
26.364370346069336
19.61746597290039
23.411304473876953
1.0996894836425781
14.64011001586914
13.378768920898438
6.996711730957031
19.61746597290039
23.411304473876953
27.94013214111328
19.61746597290039
23.411304473876953
27.94013214111328
22.228885650634766
34.8614387512207
34.8614387512207
34.8614387512207
12.570737838745117
11.931167602539062
19.61746597290039
23.411304473876953
27.94013214111328
14.64011001586914
13.378768920898438
21.673385620117188
19.61746597290039
23.411304473876953
27.94013214111328
19.61746597290039
10.097724914550781
10.006351470947266
16.09005355834961
10.921987533569336
9.075176239013672
7.102788925170898
1.72247314453125
10.921987533569336
9.075176239013672
21.514873504638672
14.980274200439453
21.514873504638672
21.514873504638672
14.980274200439453
53.911991119384766
5.499416351318359
4.861904144287109
8.237014770507812
23.411304473876953
27.94013214111328
1.5827865600585938
23.983985900878906
18.44213104248047
23.983985900878906
37.675994873046875
19.9144287109375
13.977684020996094
12.17877197265625
19.9144287109375
13.977684020996094
19.9144287109375
9.762290954589844
10.964452743530273
11.490350723266602
11.855705261230469
4.863063812255859
13.385540008544922
10.16975212097168
14.17551040649414
11.061080932617188
10.73675537109375
11.061080932617188
11.917802810668945
10.702835083007812
11.917802810668945
10.70684814453125
12.892457962036133
10.70684814453125
8.104055404663086
6.57048225402832
8.104055404663086
10.921987533569336
9.075176239013672
0.5896759033203125
21.46969985961914
64.16600036621094
15.754714965820312
19.556476593017578
15.754714965820312
2.8349342346191406
5.573650360107422
2.030071258544922
8.412870407104492
8.278162002563477
10.321985244750977
19.9144287109375
13.977684020996094
18.214736938476562
15.059259414672852
15.346351623535156
12.321887969970703
1.4438095092773438
13.61328125
3.4038314819335938
3.3982810974121094
13.002155303955078
10.846174240112305
17.483604431152344
12.395030975341797
30.38758087158203
10.090415954589844
9.481254577636719
3.0748672485351562
5.966213226318359
1.7370834350585938
6.782478332519531
4.735683441162109
12.772102355957031
10.503055572509766
12.772102355957031
12.827415466308594
1.2343292236328125
13.881877899169922
10.18014144897461
10.14674186706543
2.2421035766601562
7.675323486328125
16.150169372558594
12.745519638061523
19.392505645751953
0.15679550170898438
11.890329360961914
9.824850082397461
11.890329360961914
6.354213714599609
19.824722290039062
13.43121337890625
19.824722290039062
19.824722290039062
13.43121337890625
15.452264785766602
15.942329406738281
15.452264785766602
19.824722290039062
13.43121337890625
19.824722290039062
11.423564910888672
15.143417358398438
13.02577018737793
19.824722290039062
13.43121337890625
5.304615020751953
19.824722290039062
13.43121337890625
19.824722290039062
37.297725677490234
6.755825042724609
37.297725677490234
19.824722290039062
13.43121337890625
19.824722290039062
13.43121337890625
19.824722290039062
7.6914215087890625
13.414146423339844
11.550928115844727
12.004875183105469
19.025808334350586
12.678947448730469
11.599925994873047
1.1247329711914062
18.621604919433594
4.373992919921875
17.948589324951172
13.444906234741211
13.046623229980469
13.444906234741211
16.145912170410156
17.335424423217773
16.145912170410156
15.932113647460938
12.4449462890625
15.932113647460938
8.6563720703125
29.438350677490234
0.49063873291015625
9.563297271728516
18.957176208496094
9.563297271728516
13.103816986083984
19.824722290039062
13.43121337890625
25.783035278320312
16.588747024536133
23.87938690185547
19.824722290039062
13.43121337890625
15.932113647460938
12.4449462890625
15.932113647460938
40.74842834472656
12.574165344238281
7.186466217041016
12.574165344238281
10.964452743530273
11.490350723266602
11.855705261230469
0.797149658203125
12.574165344238281
7.186466217041016
12.574165344238281
12.574165344238281
7.186466217041016
19.824722290039062
13.43121337890625
5.526187896728516
11.803642272949219
13.335992813110352
23.19831657409668
13.335914611816406
0.2759819030761719
3.3799514770507812
13.444925308227539
13.045818328857422
