13.221170425415039
11.718021392822266
3.5533485412597656
18.29439353942871
20.02599334716797
28.443164825439453
19.28897476196289
28.443164825439453
19.28897476196289
6.6177825927734375
5.5233917236328125
5.6336517333984375
13.852428436279297
0.7230796813964844
13.805524826049805
2.9479198455810547
5.37738037109375
11.718021392822266
3.59942626953125
16.787683486938477
15.330642700195312
13.805524826049805
8.634414672851562
16.787683486938477
18.377378463745117
11.680484771728516
14.027767181396484
8.673973083496094
57.1900634765625
13.805524826049805
6.447086334228516
9.800220489501953
28.443164825439453
19.28897476196289
14.666374206542969
28.443164825439453
19.28897476196289
14.666374206542969
27.305198669433594
21.941333770751953
25.42148208618164
3.946340560913086
16.787683486938477
15.330642700195312
8.855388641357422
21.941333770751953
25.42148208618164
28.50664520263672
21.941333770751953
25.42148208618164
28.50664520263672
23.133010864257812
36.95389175415039
36.95389175415039
36.95389175415039
14.5006103515625
13.960851669311523
21.941333770751953
25.42148208618164
28.50664520263672
16.787683486938477
15.330642700195312
22.18585968017578
21.941333770751953
25.42148208618164
28.50664520263672
21.941333770751953
12.04983139038086
11.796422958374023
16.839298248291016
13.257402420043945
11.265151977539062
9.610509872436523
4.2043609619140625
13.257402420043945
11.265151977539062
21.437183380126953
17.461000442504883
21.437183380126953
21.437183380126953
17.461000442504883
55.046348571777344
8.045204162597656
7.342258453369141
10.346755981445312
25.42148208618164
28.50664520263672
4.251468658447266
25.953258514404297
20.436330795288086
25.953258514404297
32.117794036865234
21.002647399902344
15.973751068115234
14.328773498535156
21.002647399902344
15.973751068115234
21.002647399902344
12.682683944702148
12.972064971923828
13.77225112915039
13.88327407836914
7.289522171020508
15.93619155883789
12.764081954956055
16.64712905883789
12.301124572753906
12.259428024291992
12.301124572753906
13.460817337036133
13.11515998840332
13.460817337036133
12.489595413208008
14.116186141967773
12.489595413208008
9.679304122924805
8.784919738769531
9.679304122924805
13.257402420043945
11.265151977539062
3.1942672729492188
22.864334106445312
64.85962677001953
14.642322540283203
19.44637107849121
14.642322540283203
4.9756927490234375
8.180473327636719
4.664817810058594
10.589508056640625
10.553916931152344
12.375556945800781
21.002647399902344
15.973751068115234
19.381669998168945
17.089935302734375
17.296815872192383
14.006267547607422
4.146110534667969
14.999763488769531
6.171466827392578
5.871807098388672
14.985366821289062
12.433034896850586
19.221614837646484
14.181476593017578
31.173934936523438
12.043357849121094
10.301727294921875
5.453010559082031
7.899599075317383
4.466451644897461
8.993303298950195
7.257822036743164
14.749927520751953
12.467971801757812
14.749927520751953
15.55072021484375
3.999927520751953
15.046611785888672
11.841226577758789
11.85249137878418
4.867900848388672
9.380138397216797
16.817184448242188
14.05534553527832
19.25176239013672
2.6667137145996094
13.771011352539062
11.844902038574219
13.771011352539062
8.351615905761719
20.910663604736328
15.439205169677734
20.910663604736328
20.910663604736328
15.439205169677734
17.757469177246094
17.56472396850586
17.757469177246094
20.910663604736328
15.439205169677734
20.910663604736328
13.45045280456543
17.459959030151367
15.248367309570312
20.910663604736328
15.439205169677734
7.637962341308594
20.910663604736328
15.439205169677734
20.910663604736328
37.170677185058594
8.37911605834961
37.170677185058594
20.910663604736328
15.439205169677734
20.910663604736328
15.439205169677734
20.910663604736328
9.283622741699219
15.618606567382812
13.939666748046875
14.416275024414062
20.95284652709961
15.164962768554688
13.974472045898438
3.7786598205566406
18.38007354736328
6.763465881347656
20.21535873413086
13.986652374267578
15.539020538330078
13.986652374267578
18.164453506469727
19.07195281982422
18.164453506469727
17.983112335205078
14.28396987915039
17.983112335205078
11.583564758300781
29.13443374633789
3.246906280517578
11.964855194091797
21.166311264038086
11.964855194091797
14.61929702758789
20.910663604736328
15.439205169677734
28.443164825439453
19.28897476196289
25.002872467041016
20.910663604736328
15.439205169677734
17.983112335205078
14.28396987915039
17.983112335205078
42.151084899902344
15.14406967163086
9.422042846679688
15.14406967163086
12.972064971923828
13.77225112915039
13.88327407836914
3.2945022583007812
15.14406967163086
9.422042846679688
15.14406967163086
15.14406967163086
9.422042846679688
20.910663604736328
15.439205169677734
7.945133209228516
14.447883605957031
15.318883895874023
24.445354461669922
15.31882095336914
2.898183822631836
5.688465118408203
13.985349655151367
15.53825569152832
