17.54882049560547
16.2841796875
9.390953063964844
21.676950454711914
24.34225082397461
31.78879165649414
23.49725341796875
31.78879165649414
23.49725341796875
10.563968658447266
9.286216735839844
9.487499237060547
17.509063720703125
6.708934783935547
18.888050079345703
8.944635391235352
10.470695495605469
16.2841796875
9.363349914550781
21.264419555664062
19.605533599853516
18.888050079345703
12.812065124511719
21.264419555664062
20.675573348999023
16.569198608398438
18.492366790771484
13.39255142211914
50.38395690917969
18.888050079345703
11.406206130981445
13.718624114990234
31.78879165649414
23.49725341796875
17.939422607421875
31.78879165649414
23.49725341796875
17.939422607421875
29.004398345947266
25.87647247314453
28.10517120361328
10.369327545166016
21.264419555664062
19.605533599853516
13.794357299804688
25.87647247314453
28.10517120361328
27.81485366821289
25.87647247314453
28.10517120361328
27.81485366821289
26.862533569335938
39.88811492919922
39.88811492919922
39.88811492919922
18.772266387939453
18.44289207458496
25.87647247314453
28.10517120361328
27.81485366821289
21.264419555664062
19.605533599853516
23.526443481445312
25.87647247314453
28.10517120361328
27.81485366821289
25.87647247314453
16.81688690185547
16.759489059448242
20.52158546447754
17.973793029785156
16.20089340209961
15.108135223388672
9.616436004638672
17.973793029785156
16.20089340209961
26.140174865722656
22.69412612915039
26.140174865722656
26.140174865722656
22.69412612915039
56.4254150390625
14.001033782958984
12.312171936035156
15.413097381591797
28.10517120361328
27.81485366821289
9.860759735107422
28.99784278869629
23.78360366821289
28.99784278869629
25.413082122802734
24.135225296020508
20.47393226623535
19.081735610961914
24.135225296020508
20.47393226623535
24.135225296020508
18.65880584716797
17.618555068969727
18.536483764648438
18.28554916381836
12.595100402832031
20.185768127441406
17.35174560546875
20.879817962646484
16.96287727355957
16.842073440551758
16.96287727355957
18.3347110748291
17.919513702392578
18.3347110748291
17.268110275268555
18.026365280151367
17.268110275268555
14.969688415527344
14.45083236694336
14.969688415527344
17.973793029785156
16.20089340209961
8.796092987060547
24.691179275512695
64.60599517822266
20.33292579650879
25.89987564086914
20.33292579650879
10.099630355834961
14.340431213378906
10.099586486816406
15.423316955566406
15.787446975708008
17.00945472717285
24.135225296020508
20.47393226623535
21.383161544799805
21.45798683166504
21.71599578857422
18.12611198425293
10.131467819213867
17.771503448486328
11.644454956054688
11.627391815185547
19.065692901611328
17.065410614013672
22.51636505126953
18.281272888183594
33.21923828125
17.95955467224121
14.046524047851562
10.735122680664062
12.29173469543457
10.324972152709961
13.589466094970703
12.653579711914062
19.3455810546875
16.90668487548828
19.3455810546875
21.14371109008789
9.641263961791992
19.768001556396484
16.577991485595703
16.822982788085938
10.709770202636719
13.12833023071289
20.097084045410156
18.457576751708984
20.013078689575195
8.401124954223633
18.73232650756836
16.658954620361328
18.73232650756836
12.777685165405273
23.859224319458008
19.866769790649414
23.859224319458008
23.859224319458008
19.866769790649414
22.045244216918945
21.996826171875
22.045244216918945
23.859224319458008
19.866769790649414
23.859224319458008
18.059200286865234
22.174570083618164
19.77266502380371
23.859224319458008
19.866769790649414
12.035266876220703
23.859224319458008
19.866769790649414
23.859224319458008
34.810577392578125
12.280071258544922
34.810577392578125
23.859224319458008
19.866769790649414
23.859224319458008
19.866769790649414
23.859224319458008
13.015396118164062
19.512163162231445
18.078277587890625
18.580041885375977
25.880144119262695
19.338987350463867
18.56400489807129
9.45785140991211
20.072357177734375
12.3377685546875
24.935768127441406
20.138870239257812
21.523910522460938
20.138870239257812
23.743282318115234
24.034992218017578
23.743282318115234
22.336227416992188
18.607492446899414
22.336227416992188
17.593748092651367
30.016557693481445
9.544342041015625
17.16630744934082
25.523597717285156
17.16630744934082
16.97011947631836
23.859224319458008
19.866769790649414
31.78879165649414
23.49725341796875
28.37393569946289
23.859224319458008
19.866769790649414
22.336227416992188
18.607492446899414
22.336227416992188
43.826934814453125
20.31389617919922
14.842906951904297
20.31389617919922
17.618555068969727
18.536483764648438
18.28554916381836
9.202632904052734
20.31389617919922
14.842906951904297
20.31389617919922
20.31389617919922
14.842906951904297
23.859224319458008
19.866769790649414
12.813671112060547
20.058481216430664
19.37299346923828
27.252426147460938
19.37289810180664
8.592275619506836
11.052906036376953
20.137454986572266
21.523435592651367
