28.341796875
28.755332946777344
26.0147647857666
35.54627990722656
34.84229278564453
36.06517028808594
31.854496002197266
36.06517028808594
31.854496002197266
30.381593704223633
29.98316192626953
30.230987548828125
33.365264892578125
24.301673889160156
32.816978454589844
24.910526275634766
24.826688766479492
28.755332946777344
25.613819122314453
30.366775512695312
29.487667083740234
32.816978454589844
25.933969497680664
30.366775512695312
27.517475128173828
29.210718154907227
28.595823287963867
26.71377182006836
36.75320816040039
32.816978454589844
25.73393440246582
24.41715431213379
36.06517028808594
31.854496002197266
26.472633361816406
36.06517028808594
31.854496002197266
26.472633361816406
31.648540496826172
33.632110595703125
33.730892181396484
26.54762840270996
30.366775512695312
29.487667083740234
25.66650390625
33.632110595703125
33.730892181396484
28.752361297607422
33.632110595703125
33.730892181396484
28.752361297607422
35.77226257324219
36.267337799072266
36.267337799072266
36.267337799072266
31.285350799560547
30.994922637939453
33.632110595703125
33.730892181396484
28.752361297607422
30.366775512695312
29.487667083740234
28.029943466186523
33.632110595703125
33.730892181396484
28.752361297607422
33.632110595703125
29.81397819519043
28.428741455078125
29.38660430908203
29.661836624145508
29.011255264282227
29.116111755371094
24.058490753173828
29.661836624145508
29.011255264282227
38.336265563964844
38.107818603515625
38.336265563964844
38.336265563964844
38.107818603515625
62.441959381103516
28.780860900878906
25.236284255981445
28.07628631591797
33.730892181396484
28.752361297607422
24.042633056640625
34.223838806152344
31.857177734375
34.223838806152344
29.609052658081055
36.876705169677734
33.64244842529297
29.86197280883789
36.876705169677734
33.64244842529297
36.876705169677734
30.754199981689453
30.723430633544922
30.203081130981445
31.476055145263672
26.01943588256836
29.756229400634766
28.637805938720703
30.968135833740234
29.832839965820312
29.65011978149414
29.832839965820312
30.81756591796875
30.662416458129883
30.81756591796875
30.67013168334961
29.011634826660156
30.67013168334961
30.809669494628906
29.77996063232422
30.809669494628906
29.661836624145508
29.011255264282227
24.294593811035156
31.26026725769043
57.77197265625
34.93476104736328
38.92436981201172
34.93476104736328
25.487377166748047
29.36764907836914
25.10228729248047
28.246623992919922
30.52497673034668
30.977584838867188
36.876705169677734
33.64244842529297
33.24110412597656
33.313682556152344
33.89319610595703
30.05198097229004
26.188194274902344
34.31809616088867
24.551624298095703
27.08193588256836
31.691213607788086
29.673437118530273
33.51150131225586
33.28615951538086
38.21015167236328
33.264801025390625
32.9697151184082
25.301387786865234
24.475875854492188
25.294471740722656
25.894235610961914
26.818191528320312
32.590492248535156
29.392850875854492
32.590492248535156
32.13636016845703
24.11850357055664
31.004072189331055
29.959400177001953
30.035173416137695
25.907203674316406
30.149433135986328
32.175750732421875
31.546451568603516
28.34296989440918
24.647903442382812
30.812002182006836
29.426742553710938
30.812002182006836
25.77215576171875
35.657981872558594
31.326261520385742
35.657981872558594
35.657981872558594
31.326261520385742
33.537574768066406
33.58653259277344
33.537574768066406
35.657981872558594
31.326261520385742
35.657981872558594
30.18851089477539
30.384660720825195
30.444774627685547
35.657981872558594
31.326261520385742
29.418119430541992
35.657981872558594
31.326261520385742
35.657981872558594
33.999908447265625
24.931753158569336
33.999908447265625
35.657981872558594
31.326261520385742
35.657981872558594
31.326261520385742
35.657981872558594
29.563913345336914
29.03582191467285
28.249675750732422
28.612178802490234
36.8089485168457
33.61674880981445
33.2332878112793
25.512535095214844
33.391380310058594
26.62650489807129
33.37346649169922
36.32673263549805
35.85668182373047
36.32673263549805
37.2647819519043
37.52590560913086
37.2647819519043
34.66706848144531
31.12802505493164
34.66706848144531
30.356508255004883
37.28018569946289
26.081939697265625
29.14574432373047
32.029266357421875
29.14574432373047
32.28887176513672
35.657981872558594
31.326261520385742
36.06517028808594
31.854496002197266
33.72625732421875
35.657981872558594
31.326261520385742
34.66706848144531
31.12802505493164
34.66706848144531
38.01210021972656
32.545654296875
30.07355308532715
32.545654296875
30.723430633544922
30.203081130981445
31.476055145263672
24.82807159423828
32.545654296875
30.07355308532715
32.545654296875
32.545654296875
30.07355308532715
35.657981872558594
31.326261520385742
24.801477432250977
31.700397491455078
31.816143035888672
31.078641891479492
31.81616973876953
23.684101104736328
25.71245002746582
36.3253288269043
35.85661697387695
