-17.031391143798828
-16.68396759033203
-17.302001953125
-26.098426818847656
-26.997692108154297
-19.59862518310547
-23.89089584350586
-29.871845245361328
41.51466369628906
-15.791259765625
-15.035594940185547
-36.08488464355469
-25.134841918945312
-13.069969177246094
-10.916526794433594
9.478618621826172
-17.24353790283203
-10.552597045898438
-15.547626495361328
-28.262733459472656
-23.60668182373047
-23.169227600097656
-26.794189453125
-18.718536376953125
-41.247406005859375
-28.78221893310547
-37.619232177734375
-30.217510223388672
-14.783191680908203
-9.209579467773438
-28.78221893310547
-27.304664611816406
-43.78981399536133
-25.474411010742188
-45.872894287109375
-49.61386489868164
-45.970890045166016
-31.03595733642578
13.20876693725586
-30.217510223388672
-34.99483108520508
-21.332977294921875
-23.533672332763672
-18.59023666381836
-41.247406005859375
-17.22418975830078
-6.845924377441406
-26.971942901611328
-25.175479888916016
-34.46159744262695
-1.784271240234375
-26.098426818847656
-15.00387191772461
-17.09325408935547
-26.098426818847656
-20.297836303710938
-22.115116119384766
-24.41376495361328
-18.36102294921875
11.850692749023438
-27.797630310058594
-16.68396759033203
-15.353267669677734
-27.13516616821289
-25.00375747680664
-29.18781280517578
-56.89112854003906
-14.341377258300781
-17.77169418334961
-45.872894287109375
-16.917526245117188
12.874557495117188
-14.26919937133789
-30.217510223388672
-56.89112854003906
10.726520538330078
-44.29943084716797
-25.252628326416016
-30.217510223388672
-28.31850814819336
5.251468658447266
-17.767501831054688
-11.608325958251953
-26.794189453125
-23.864898681640625
-45.872894287109375
-26.25006866455078
-16.68396759033203
-20.84355926513672
-27.428348541259766
-17.77169418334961
-13.891616821289062
13.54532241821289
-49.08782196044922
-34.99483108520508
-15.791259765625
-29.18781280517578
-34.99483108520508
-23.864898681640625
-21.091995239257812
-34.99483108520508
-21.681503295898438
-23.383544921875
-28.840496063232422
-34.46159744262695
-17.767501831054688
-29.18781280517578
-13.509578704833984
-51.40526580810547
-18.89606475830078
-45.18697738647461
-10.151531219482422
-13.897407531738281
-24.862586975097656
-20.396488189697266
-21.22942352294922
-19.46599578857422
-5.005947113037109
-26.098426818847656
-37.619232177734375
-9.06008529663086
-17.650482177734375
-4.890228271484375
-26.098426818847656
-45.72004318237305
-27.291465759277344
39.98995590209961
-17.90093231201172
-21.681503295898438
-34.99483108520508
-26.939411163330078
-8.835319519042969
-51.440330505371094
-27.428348541259766
-27.304664611816406
-18.81305694580078
-26.526023864746094
-26.526023864746094
-14.26430892944336
-7.921871185302734
-56.89112854003906
-17.08273696899414
-30.217510223388672
-29.18781280517578
-21.31707000732422
-22.243816375732422
-36.88095474243164
-23.864898681640625
-16.665706634521484
-22.293930053710938
-27.428348541259766
-24.600387573242188
-19.131122589111328
-0.3401374816894531
-22.094707489013672
-27.428348541259766
-17.767501831054688
-7.800327301025391
-37.619232177734375
-45.872894287109375
-16.360389709472656
-20.579421997070312
-15.787727355957031
-27.395339965820312
-56.89112854003906
-5.420749664306641
-29.18781280517578
-12.514461517333984
-22.970218658447266
-7.135719299316406
-22.243816375732422
9.252304077148438
3.4267196655273438
-34.99483108520508
-26.971942901611328
-9.942432403564453
-26.098426818847656
-17.22418975830078
-26.306743621826172
-7.255229949951172
-28.262733459472656
-20.52283477783203
-20.64163589477539
-2.187511444091797
-26.526023864746094
-6.03704833984375
-25.134841918945312
-34.99483108520508
-30.217510223388672
-28.262733459472656
-1.2803611755371094
-13.499286651611328
-15.035594940185547
-28.78622055053711
-15.754280090332031
-22.89380645751953
-44.29943084716797
-34.99483108520508
-17.767501831054688
4.200016021728516
-23.264251708984375
-102.37549591064453
-27.395339965820312
-28.31850814819336
-19.378108978271484
-29.18781280517578
-12.180313110351562
-11.730899810791016
-24.41376495361328
6.9208221435546875
-26.526023864746094
-30.217510223388672
-29.33354949951172
-14.84225082397461
19.888145446777344
-34.99483108520508
-17.302001953125
-22.89380645751953
-17.60479736328125
-30.217510223388672
-17.302001953125
-19.24152374267578
-34.99483108520508
-34.99483108520508
-23.533672332763672
12.567146301269531
-17.08273696899414
-26.526023864746094
-22.64657211303711
-16.665706634521484
-19.645732879638672
-26.971942901611328
-17.77169418334961
-19.24152374267578
-25.134841918945312
-15.791259765625
-34.99483108520508
-13.069969177246094
-27.797630310058594
-23.5653076171875
-30.217510223388672
-23.923202514648438
-30.217510223388672
-43.498382568359375
-17.058589935302734
-37.619232177734375
-7.873165130615234
-27.428348541259766
-16.918190002441406
-26.971942901611328
-34.99483108520508
-34.99483108520508
-14.78384780883789
-45.872894287109375
8.636486053466797
-12.80322265625
-90.12090301513672
-55.09675598144531
-45.970890045166016
-44.29943084716797
-56.89112854003906
