-31.24152374267578
-13.998710632324219
-14.999927520751953
-5.6378631591796875
-33.03495788574219
26.89234161376953
-38.82603073120117
-7.966243743896484
24.290451049804688
-6.755279541015625
-26.221820831298828
-10.069175720214844
-24.33489990234375
-21.693878173828125
-28.29153823852539
25.571311950683594
-30.527877807617188
-35.681392669677734
-21.162368774414062
-26.0062255859375
-28.768394470214844
-23.987049102783203
-26.289085388183594
-32.3463134765625
-26.527496337890625
-31.305744171142578
-28.70520782470703
-26.790084838867188
-25.171958923339844
-22.34850311279297
-31.305744171142578
-24.468276977539062
15.125835418701172
-24.56658935546875
-20.961708068847656
-20.04480743408203
26.275455474853516
-31.573410034179688
-3.139812469482422
-26.790084838867188
-28.340293884277344
-21.881011962890625
-2.2000885009765625
-32.38347244262695
-26.527496337890625
-24.654342651367188
-19.924671173095703
-14.607242584228516
-27.784339904785156
-34.85480880737305
-1.8344268798828125
-5.6378631591796875
-14.484020233154297
-21.153114318847656
-5.6378631591796875
-30.018524169921875
-11.326103210449219
-23.763835906982422
-30.005104064941406
-42.6982421875
-33.03791809082031
-13.998710632324219
-30.090221405029297
-37.57435607910156
-28.63616943359375
-15.533218383789062
-14.941539764404297
-2.6111488342285156
-26.75491714477539
-20.961708068847656
-35.984825134277344
1.64129638671875
-23.71874237060547
-26.790084838867188
-14.941539764404297
-8.223838806152344
-30.770793914794922
-33.245391845703125
-26.790084838867188
-4.434814453125
0.41374969482421875
-16.858020782470703
-34.56075668334961
-26.289085388183594
-36.8050651550293
-20.961708068847656
-17.410911560058594
-13.998710632324219
-33.24449920654297
-37.866939544677734
-26.75491714477539
-30.413360595703125
-12.975189208984375
3.6645774841308594
-28.340293884277344
-6.755279541015625
-15.533218383789062
-28.340293884277344
-36.8050651550293
-36.160404205322266
-28.340293884277344
-26.45627212524414
-24.798080444335938
-34.66401672363281
-34.85480880737305
-16.858020782470703
-15.533218383789062
-26.470054626464844
12.753616333007812
-27.238040924072266
44.43144607543945
-29.342628479003906
-23.221694946289062
-31.224140167236328
-36.68411636352539
-27.25395965576172
-34.93547821044922
-26.058490753173828
-5.6378631591796875
-28.70520782470703
-19.335315704345703
23.14678955078125
8.255088806152344
-5.6378631591796875
-15.674541473388672
-32.55128860473633
58.67530059814453
-32.816673278808594
-26.45627212524414
-28.340293884277344
-32.66033935546875
-14.722652435302734
-19.21192169189453
-37.866939544677734
-24.468276977539062
-41.94624328613281
37.49290466308594
37.49290466308594
-23.714778900146484
-7.305412292480469
-14.941539764404297
1049.386962890625
-26.790084838867188
-15.533218383789062
-36.872642517089844
-23.190235137939453
-10.134258270263672
-36.8050651550293
-18.045207977294922
-25.19430160522461
-37.866939544677734
-19.916343688964844
-26.359874725341797
-16.303939819335938
-30.715538024902344
-37.866939544677734
-16.858020782470703
-14.156600952148438
-28.70520782470703
-20.961708068847656
-31.440418243408203
-36.560646057128906
-10.160598754882812
-29.87804412841797
-14.941539764404297
-0.1508331298828125
-15.533218383789062
-23.27448272705078
-24.178234100341797
-25.024009704589844
-23.190235137939453
15.114761352539062
-0.82373046875
-28.340293884277344
-14.607242584228516
-28.809406280517578
-5.6378631591796875
-24.654342651367188
-33.099639892578125
-19.545509338378906
-26.0062255859375
-30.314373016357422
-28.486263275146484
-20.351604461669922
37.49290466308594
-30.250186920166016
-24.33489990234375
-28.340293884277344
-26.790084838867188
-26.0062255859375
-3.509552001953125
-34.35104751586914
-26.221820831298828
-31.306655883789062
-25.137168884277344
-24.514381408691406
-30.770793914794922
-28.340293884277344
-16.858020782470703
1.9780120849609375
-32.030609130859375
251.88134765625
-29.87804412841797
-4.434814453125
-21.546306610107422
-15.533218383789062
-37.41028594970703
-31.970287322998047
-23.763835906982422
-17.38443374633789
37.49290466308594
-26.790084838867188
-10.691387176513672
-32.22412109375
-15.13348388671875
-28.340293884277344
-14.999927520751953
-24.514381408691406
-30.88372802734375
-26.790084838867188
-14.999927520751953
-32.082950592041016
-28.340293884277344
-28.340293884277344
-2.2000885009765625
8.433784484863281
1049.386962890625
37.49290466308594
-33.56451416015625
-18.045207977294922
-14.163398742675781
-14.607242584228516
-26.75491714477539
-32.082950592041016
-24.33489990234375
-6.755279541015625
-28.340293884277344
-21.693878173828125
-33.03791809082031
-34.96491241455078
-26.790084838867188
-24.049339294433594
-26.790084838867188
90.2599868774414
-26.952354431152344
-28.70520782470703
-12.482070922851562
-37.866939544677734
-35.30900192260742
-14.607242584228516
-28.340293884277344
-28.340293884277344
-25.174015045166016
-20.961708068847656
44.47862243652344
-22.487503051757812
320.61456298828125
-26.258289337158203
26.275455474853516
-30.770793914794922
-14.941539764404297
