35.1989860534668
38.42412567138672
38.78691864013672
36.837486267089844
35.58335494995117
36.317527770996094
33.24510192871094
46.86384582519531
38.14643859863281
36.18824005126953
34.61516189575195
34.00136184692383
37.34852981567383
35.17692947387695
36.83540344238281
34.094974517822266
40.851009368896484
36.93941879272461
32.983856201171875
39.71926498413086
42.99363708496094
43.27323532104492
42.31366729736328
38.14643859863281
35.02924346923828
33.99446487426758
33.20621871948242
42.82161331176758
37.801395416259766
34.91012191772461
34.068565368652344
38.17720031738281
37.764225006103516
37.65663528442383
37.90898513793945
34.190574645996094
38.14643859863281
56.05939483642578
50.094478607177734
37.1603889465332
34.5066032409668
35.36559295654297
38.193912506103516
32.51401901245117
34.247947692871094
34.462738037109375
34.77914047241211
36.1170768737793
36.45701599121094
38.40288162231445
34.46968078613281
43.29463577270508
35.39271545410156
40.83587646484375
37.98826217651367
34.15924072265625
37.90898513793945
38.17720031738281
35.65692138671875
43.28036880493164
34.12696838378906
46.17093276977539
38.506229400634766
38.42412567138672
42.408714294433594
36.15135955810547
37.63174819946289
40.38760757446289
38.790077209472656
37.90898513793945
38.485599517822266
42.62650680541992
42.751583099365234
38.734867095947266
36.31947708129883
38.414485931396484
63.35465621948242
35.069061279296875
40.46908187866211
55.96085739135742
34.512935638427734
37.768985748291016
41.73644256591797
36.036495208740234
42.408714294433594
36.70783233642578
33.6352653503418
35.068607330322266
42.024208068847656
42.911895751953125
35.752803802490234
46.86384582519531
37.04701232910156
46.17093276977539
38.24690246582031
35.79621124267578
40.87848663330078
38.506229400634766
43.27323532104492
42.99363708496094
38.197959899902344
34.81432342529297
38.91210174560547
36.44960021972656
40.89417266845703
36.90877914428711
33.958534240722656
35.176658630371094
37.19648361206055
34.39942169189453
62.84640884399414
36.70783233642578
35.76226043701172
34.7969970703125
44.85643005371094
39.49832534790039
35.76226043701172
35.42238235473633
34.62091064453125
34.280696868896484
38.06651306152344
42.911895751953125
33.863460540771484
37.30791091918945
42.31366729736328
39.415687561035156
32.78887939453125
42.99363708496094
39.77552795410156
37.43942642211914
35.003597259521484
34.34007263183594
37.764225006103516
33.69353485107422
35.65220260620117
35.46580123901367
35.46902847290039
36.56481170654297
36.80107498168945
35.33136749267578
40.56147384643555
32.37440872192383
39.046058654785156
35.79621124267578
42.16193771362305
32.93230056762695
36.036495208740234
50.55613708496094
36.94356155395508
34.462738037109375
36.488338470458984
42.31366729736328
35.316566467285156
39.49832534790039
41.1360969543457
40.970733642578125
36.2905158996582
34.15924072265625
33.2152214050293
34.8267936706543
35.42238235473633
38.896060943603516
37.66188049316406
38.91210174560547
36.97389221191406
34.807640075683594
33.04194641113281
36.99184799194336
38.17720031738281
46.17093276977539
33.94387435913086
37.764225006103516
34.36297607421875
37.26516342163086
42.911895751953125
40.28736877441406
37.07528305053711
58.704254150390625
44.1241340637207
35.19825744628906
42.64985275268555
37.05693054199219
40.50663757324219
43.29463577270508
46.86384582519531
54.04326629638672
42.68472671508789
46.17093276977539
41.18274688720703
46.86384582519531
32.93230056762695
38.197959899902344
33.31720733642578
35.93434143066406
35.7188720703125
33.59785842895508
44.1241340637207
37.4008674621582
37.90898513793945
37.48606491088867
37.90898513793945
33.90619659423828
39.11481475830078
38.91210174560547
37.15628433227539
35.79621124267578
46.86384582519531
53.0981559753418
34.15924072265625
53.10987091064453
36.408634185791016
42.911895751953125
34.21857833862305
34.2354850769043
35.40663528442383
33.386070251464844
42.12385559082031
41.18274688720703
36.77787399291992
35.72981643676758
34.096229553222656
46.17093276977539
40.872711181640625
35.057273864746094
34.234161376953125
41.57051467895508
42.408714294433594
44.87837600708008
38.77561950683594
35.33136749267578
34.88409423828125
35.42238235473633
37.764225006103516
39.848854064941406
33.9835319519043
37.999610900878906
40.087806701660156
40.5574951171875
34.70369338989258
42.12385559082031
36.43964767456055
34.15924072265625
43.77164840698242
33.58064270019531
34.71815490722656
42.408714294433594
33.94638442993164
38.485599517822266
61.09516143798828
33.89983367919922
34.280696868896484
41.09078598022461
34.229522705078125
35.223236083984375
35.31339645385742
35.1989860534668
35.79621124267578
36.44960021972656
38.59918975830078
39.622962951660156
44.2610969543457
40.03221130371094
32.49461364746094
34.2354850769043
42.408714294433594
33.790889739990234
38.33670425415039
40.670074462890625
36.05961990356445
33.823638916015625
38.14643859863281
43.20038604736328
34.147090911865234
33.47138595581055
36.44960021972656
34.517433166503906
35.46902847290039
33.71378707885742
43.28036880493164
35.57697677612305
37.90898513793945
39.66477966308594
40.970733642578125
34.06760025024414
34.42040252685547
33.84452438354492
35.1989860534668
34.462738037109375
35.57697677612305
38.92411422729492
39.11481475830078
42.31366729736328
37.30791091918945
42.16193771362305
35.76226043701172
36.67084503173828
37.7342414855957
35.176658630371094
35.334434509277344
34.21324157714844
35.324363708496094
40.43187713623047
35.594791412353516
36.61759567260742
35.22556686401367
36.43964767456055
37.26516342163086
40.880897521972656
40.851009368896484
34.91012191772461
35.02924346923828
35.7188720703125
32.93230056762695
38.197959899902344
36.151756286621094
38.42412567138672
35.76226043701172
36.44960021972656
33.657291412353516
33.47138595581055
43.29463577270508
42.31366729736328
36.479671478271484
33.37470626831055
40.970733642578125
38.14643859863281
40.83587646484375
38.96174621582031
46.86384582519531
33.47138595581055
42.278038024902344
35.069061279296875
38.7471923828125
40.851009368896484
34.53108596801758
38.197959899902344
42.2850456237793
37.65663528442383
36.83540344238281
35.028099060058594
36.77787399291992
42.408714294433594
40.87848663330078
37.7342414855957
42.31366729736328
36.0804443359375
42.408714294433594
40.670074462890625
37.87874984741211
36.2905158996582
38.17720031738281
34.21857833862305
41.742034912109375
36.995948791503906
42.88134765625
35.15840530395508
35.223236083984375
36.44960021972656
45.032012939453125
38.17720031738281
38.197959899902344
45.032012939453125
35.58408737182617
33.17595291137695
40.449642181396484
37.999610900878906
40.970733642578125
41.16640090942383
34.14946746826172
41.024070739746094
38.09786605834961
40.84553909301758
35.66990661621094
38.17720031738281
37.72241973876953
45.18392562866211
34.94081115722656
33.143836975097656
34.91012191772461
38.263824462890625
32.80881881713867
38.10838317871094
37.90898513793945
39.046058654785156
45.254249572753906
43.056209564208984
36.13956832885742
38.176815032958984
38.246795654296875
42.40888214111328
45.032020568847656
37.550270080566406
34.49409484863281
42.912147521972656
40.97098922729492
37.454776763916016
40.265262603759766
54.15801239013672
35.029388427734375
35.796112060546875
40.751991271972656
35.70762252807617
35.70762252807617
40.400062561035156
40.400062561035156
40.400062561035156
38.46397399902344
38.15266036987305
57.36479568481445
38.494136810302734
54.333683013916016
54.64734649658203
56.865089416503906
68.10989379882812
38.261146545410156
39.73261260986328
39.572635650634766
40.161720275878906
39.20205307006836
39.75283432006836
39.79773712158203
38.47443389892578
38.47443389892578
38.837615966796875
38.47443389892578
36.78318405151367
38.98664855957031
40.29334259033203
59.240806579589844
40.503990173339844
54.22264099121094
59.16078186035156
40.80937576293945
59.15985870361328
125.50455474853516
125.46453094482422
125.41960906982422
33.837581634521484
59.258304595947266
59.16100311279297
113.46003723144531
125.46453094482422
41.244144439697266
125.46453094482422
41.66399002075195
125.46453094482422
125.46453094482422
125.46453094482422
125.46453094482422
125.46453094482422
125.46453094482422
125.46453094482422
125.46453094482422
125.46453094482422
125.46453094482422
125.46453094482422
125.46453094482422
125.46453094482422
125.46453094482422
125.46453094482422
125.46453094482422
125.46453094482422
125.46453094482422
59.16275405883789
59.09487533569336
59.10220718383789
59.166648864746094
53.113311767578125
59.16816329956055
59.131038665771484
59.167152404785156
39.82099914550781
34.93061447143555
34.93061447143555
40.34403991699219
60.70747375488281
44.32266616821289
44.27579116821289
38.32603454589844
44.33226013183594
44.27579116821289
36.802467346191406
44.140472412109375
36.659202575683594
37.65892791748047
33.96226501464844
33.901123046875
35.991275787353516
43.28036880493164
43.28036880493164
33.04936599731445
32.919776916503906
33.278446197509766
39.245906829833984
39.245906829833984
35.991275787353516
45.19447326660156
33.85299301147461
35.783607482910156
33.45283508300781
64.37259674072266
33.758140563964844
38.494136810302734
42.92788314819336
43.47526931762695
38.749935150146484
44.27579116821289
44.33645248413086
40.38760757446289
44.25807571411133
44.37887954711914
44.24915313720703
44.37887954711914
40.91239929199219
46.56422424316406
41.627197265625
42.96990966796875
40.973934173583984
43.02960205078125
47.17311096191406
44.10980987548828
46.33019256591797
44.97129821777344
37.64225387573242
38.95193099975586
36.00212097167969
37.5365104675293
60.066993713378906
34.59761047363281
37.770240783691406
45.94418716430664
37.751827239990234
35.11994171142578
36.37261962890625
34.8236083984375
36.241302490234375
37.32672119140625
50.156497955322266
36.730560302734375
56.13721466064453
35.01289749145508
34.50394058227539
40.88908767700195
37.6410026550293
34.93764114379883
34.59400177001953
32.54616165161133
35.06993865966797
34.28678512573242
34.28678512573242
34.28678512573242
35.06993865966797
35.06993865966797
44.68519592285156
44.68519592285156
35.18953323364258
35.18953323364258
35.06993865966797
44.402183532714844
47.958740234375
39.61662292480469
34.892642974853516
34.28678512573242
33.788780212402344
46.571868896484375
42.59577178955078
34.70955276489258
34.44138717651367
36.22706604003906
34.42314529418945
34.892642974853516
34.32892608642578
33.88578796386719
32.958858489990234
34.93764114379883
34.93764114379883
34.93764114379883
34.8236083984375
36.63195037841797
36.46807861328125
35.92262268066406
35.06993865966797
35.29865646362305
32.54616165161133
32.54616165161133
35.06993865966797
56.2114372253418
56.89659881591797
59.787471771240234
34.93764114379883
34.8236083984375
39.17946243286133
34.93764114379883
34.892642974853516
34.569087982177734
36.99382781982422
36.048641204833984
36.43669128417969
34.8236083984375
35.56327819824219
59.65168762207031
36.0936393737793
49.08632278442383
34.58688735961914
50.165897369384766
34.02268981933594
34.620689392089844
41.60750198364258
34.8236083984375
34.93764114379883
36.26434326171875
37.58686065673828
34.210182189941406
40.29472351074219
39.91262435913086
34.44172286987305
34.8236083984375
34.32502365112305
35.51047134399414
44.62637710571289
40.02677917480469
44.433170318603516
44.93757629394531
42.82573699951172
39.64430618286133
44.83064270019531
44.538875579833984
40.55059051513672
43.47526931762695
36.79458236694336
43.4340705871582
44.97129821777344
45.94418716430664
37.751827239990234
37.770240783691406
37.751827239990234
37.5365104675293
36.00212097167969
37.5365104675293
36.467491149902344
36.33517074584961
34.47684860229492
38.95193099975586
37.64225387573242
38.95193099975586
52.8046989440918
46.571868896484375
67.12786865234375
36.97792053222656
35.413795471191406
36.97792053222656
35.04077911376953
36.97792053222656
35.413795471191406
36.97792053222656
34.01442337036133
35.42030715942383
34.159751892089844
33.04966354370117
39.42652893066406
39.64360046386719
40.168949127197266
40.96133041381836
36.97083282470703
40.96133041381836
40.96133041381836
36.97083282470703
32.91029357910156
37.7729377746582
35.482261657714844
37.7729377746582
63.07936477661133
62.55866622924805
62.7903938293457
61.60995101928711
62.33241271972656
38.92411422729492
35.84033203125
38.92411422729492
37.94468307495117
40.57366180419922
37.94468307495117
56.21355056762695
33.81443786621094
43.57401657104492
39.53230285644531
38.02500534057617
35.18953323364258
35.18953323364258
35.18953323364258
44.68519592285156
44.68519592285156
44.68519592285156
44.68519592285156
35.18953323364258
44.68519592285156
35.18953323364258
35.18953323364258
35.18953323364258
35.18953323364258
44.68519592285156
44.68519592285156
44.68519592285156
33.04466247558594
35.8133544921875
37.7729377746582
35.482261657714844
37.7729377746582
59.33441162109375
34.841854095458984
40.96133041381836
36.97083282470703
40.96133041381836
53.75319290161133
40.96133041381836
36.97083282470703
41.96254348754883
41.28595733642578
41.96254348754883
35.602596282958984
36.85443115234375
37.74477005004883
37.74477005004883
34.1035041809082
40.96133041381836
36.97083282470703
40.96133041381836
36.97083282470703
40.96133041381836
44.99598693847656
33.756038665771484
33.698917388916016
42.80598068237305
41.60966491699219
34.23184585571289
40.24790573120117
38.08298110961914
40.24790573120117
38.24690246582031
38.062740325927734
38.24690246582031
35.57927322387695
37.326107025146484
35.81887435913086
37.32008743286133
34.392303466796875
40.24790573120117
38.08298110961914
40.24790573120117
44.87397766113281
43.28036880493164
44.87397766113281
43.76734924316406
34.76096725463867
38.24690246582031
38.062740325927734
38.24690246582031
38.24690246582031
38.062740325927734
40.96133041381836
36.97083282470703
34.533050537109375
36.12203598022461
42.80598068237305
41.60966491699219
42.80598068237305
40.96133041381836
33.749080657958984
38.20882797241211
35.427520751953125
38.20882797241211
38.30855941772461
34.48477554321289
38.30855941772461
38.30855941772461
47.958740234375
44.402183532714844
47.958740234375
47.958740234375
44.402183532714844
40.798213958740234
35.840415954589844
36.753684997558594
36.9500846862793
36.62271499633789
36.9500846862793
42.59577178955078
46.571868896484375
42.59577178955078
34.87763595581055
36.021751403808594
36.226619720458984
35.93730163574219
37.0149040222168
36.38788986206055
34.45165252685547
35.91620635986328
36.753684997558594
36.981876373291016
34.450836181640625
32.679378509521484
35.92262268066406
34.86922836303711
37.9836311340332
34.84372329711914
32.448097229003906
35.18953323364258
35.18953323364258
35.18953323364258
37.10633087158203
38.32427215576172
40.32251739501953
33.59095001220703
35.18953323364258
35.18953323364258
35.18953323364258
35.18953323364258
35.18953323364258
35.991275787353516
34.67820358276367
34.20268249511719
34.4149284362793
47.958740234375
44.402183532714844
32.8256950378418
36.56481170654297
35.792457580566406
46.22462463378906
36.03860092163086
64.28977966308594
46.22462463378906
64.28977966308594
67.87260437011719
69.53352355957031
64.28977966308594
64.28977966308594
64.28977966308594
64.28977966308594
39.25547790527344
64.28977966308594
64.28977966308594
64.28977966308594
64.28977966308594
64.28977966308594
64.28977966308594
64.28977966308594
64.28977966308594
64.28977966308594
64.28977966308594
36.964149475097656
68.84300994873047
46.22462463378906
64.28977966308594
64.28977966308594
36.964149475097656
64.28977966308594
64.28977966308594
64.28977966308594
36.964149475097656
64.28977966308594
64.28977966308594
36.22001647949219
64.28977966308594
64.28977966308594
36.964149475097656
41.37155532836914
35.8696174621582
64.28977966308594
64.28977966308594
36.964149475097656
64.28977966308594
64.28977966308594
64.28977966308594
36.964149475097656
64.28977966308594
64.28977966308594
64.28977966308594
64.28977966308594
36.964149475097656
35.66710662841797
34.777034759521484
64.28977966308594
33.878746032714844
37.127662658691406
64.28977966308594
36.964149475097656
64.28977966308594
64.28977966308594
64.28977966308594
64.28977966308594
36.964149475097656
37.93675994873047
35.65529251098633
64.28977966308594
64.28977966308594
36.964149475097656
32.54618453979492
64.28977966308594
64.28977966308594
33.11848449707031
34.19404983520508
44.94154357910156
35.250125885009766
64.28977966308594
64.28977966308594
36.964149475097656
43.745948791503906
43.745948791503906
38.28270721435547
34.15058135986328
43.745948791503906
36.964149475097656
43.745948791503906
43.745948791503906
36.964149475097656
42.604244232177734
42.604244232177734
41.37155532836914
36.064361572265625
42.604244232177734
42.604244232177734
40.575050354003906
34.63240432739258
40.575050354003906
34.61867904663086
36.964149475097656
41.94806671142578
41.94806671142578
40.12327194213867
35.061866760253906
36.964149475097656
41.94806671142578
41.94806671142578
38.42414474487305
34.45409393310547
34.368896484375
41.94806671142578
41.93144226074219
36.964149475097656
37.93675994873047
35.06075668334961
35.962928771972656
40.77104949951172
41.45125198364258
37.83980941772461
34.03939437866211
40.12327194213867
33.76893997192383
38.494136810302734
34.68605041503906
33.539764404296875
41.45125198364258
32.993614196777344
40.575050354003906
34.1732063293457
33.71481704711914
33.71481704711914
33.35313034057617
33.825111389160156
44.94154357910156
34.48500061035156
33.565818786621094
33.93452835083008
33.30928039550781
36.964149475097656
33.55036926269531
40.575050354003906
35.35614776611328
41.45125198364258
33.63838195800781
33.94369888305664
33.85255813598633
41.006717681884766
33.825111389160156
34.42144775390625
34.11651611328125
33.65748977661133
33.40181350708008
33.66654968261719
41.006717681884766
33.39863204956055
41.006717681884766
36.964149475097656
41.006717681884766
44.94154357910156
33.975189208984375
41.006717681884766
42.37453079223633
32.98585891723633
33.56263732910156
41.00623321533203
42.37383270263672
36.888580322265625
38.11852264404297
36.66938781738281
36.59477233886719
40.44447708129883
40.44447708129883
57.051490783691406
40.44447708129883
36.59477233886719
40.44447708129883
37.327171325683594
37.18854904174805
35.5462532043457
34.26481246948242
48.42683410644531
40.44447708129883
40.44447708129883
40.44447708129883
40.44447708129883
40.44447708129883
40.44447708129883
40.44447708129883
40.44447708129883
39.62183380126953
40.44447708129883
40.44447708129883
40.44447708129883
40.44447708129883
40.44447708129883
40.44447708129883
40.44447708129883
40.44447708129883
40.44447708129883
40.44447708129883
40.44447708129883
40.44447708129883
40.44447708129883
40.44447708129883
40.44447708129883
40.44447708129883
40.44447708129883
40.44447708129883
40.44447708129883
40.44447708129883
40.44447708129883
40.44447708129883
40.44447708129883
40.44447708129883
40.44447708129883
40.44447708129883
40.44447708129883
40.44447708129883
40.44447708129883
40.44447708129883
40.44447708129883
40.44447708129883
40.44447708129883
40.44447708129883
40.44447708129883
40.44447708129883
40.44447708129883
40.44447708129883
40.44447708129883
40.44447708129883
40.44447708129883
40.44447708129883
40.44447708129883
40.44447708129883
40.44447708129883
40.44447708129883
40.44447708129883
40.44447708129883
40.44447708129883
40.44447708129883
40.44447708129883
40.44447708129883
40.44447708129883
40.44447708129883
40.44447708129883
40.44447708129883
40.44447708129883
40.44447708129883
40.44447708129883
40.44447708129883
33.86542510986328
35.33583068847656
35.47198486328125
45.19447326660156
40.161399841308594
38.44278335571289
36.35246276855469
38.44278335571289
36.35246276855469
62.994178771972656
62.99826431274414
62.527976989746094
59.212806701660156
35.36935043334961
38.468299865722656
33.796993255615234
33.54117202758789
35.33583068847656
35.00092315673828
34.67820358276367
34.20268249511719
38.468299865722656
34.227500915527344
34.67820358276367
33.77418899536133
35.19792938232422
34.437782287597656
34.35182571411133
35.94135284423828
38.468299865722656
34.266841888427734
31.950565338134766
38.44278335571289
36.35246276855469
34.358341217041016
38.44278335571289
36.35246276855469
34.358341217041016
34.75608444213867
39.023216247558594
38.28102111816406
35.45610809326172
34.67820358276367
34.20268249511719
33.878292083740234
39.023216247558594
38.28102111816406
35.452850341796875
39.023216247558594
38.28102111816406
35.452850341796875
38.15983200073242
39.245906829833984
39.245906829833984
39.245906829833984
38.263824462890625
38.12050247192383
39.023216247558594
38.28102111816406
35.452850341796875
34.67820358276367
34.20268249511719
34.4149284362793
39.023216247558594
38.28102111816406
35.452850341796875
39.023216247558594
35.74260330200195
34.24925231933594
34.56804656982422
34.8267936706543
34.51439666748047
35.200164794921875
32.83412170410156
34.8267936706543
34.51439666748047
47.958740234375
44.402183532714844
47.958740234375
47.958740234375
44.402183532714844
76.55988311767578
37.21714401245117
33.08812713623047
35.48880386352539
38.28102111816406
35.452850341796875
32.448097229003906
38.506919860839844
38.17349624633789
38.506919860839844
37.054561614990234
41.61760711669922
40.33455276489258
35.15068817138672
41.61760711669922
40.33455276489258
41.61760711669922
38.261348724365234
37.326107025146484
35.81887435913086
37.32008743286133
34.05503463745117
35.840415954589844
34.789608001708984
35.91620635986328
36.753684997558594
36.981876373291016
36.753684997558594
36.9500846862793
36.62271499633789
36.9500846862793
37.5365104675293
36.00212097167969
37.5365104675293
38.95193099975586
37.64225387573242
38.95193099975586
34.8267936706543
34.51439666748047
32.93732833862305
37.32093048095703
55.769596099853516
42.59577178955078
46.571868896484375
42.59577178955078
34.44816589355469
37.80323791503906
33.51755142211914
35.92262268066406
37.56680679321289
37.98362731933594
41.61760711669922
40.33455276489258
50.708003997802734
38.24561309814453
39.30714416503906
36.171085357666016
35.28358459472656
58.80308532714844
32.30949401855469
35.67526626586914
39.064422607421875
36.53098678588867
40.92483901977539
40.53995895385742
41.5376091003418
40.14680099487305
60.325538635253906
33.682613372802734
32.75929641723633
33.263057708740234
33.936683654785156
34.51018142700195
37.7729377746582
35.482261657714844
37.7729377746582
39.40254211425781
32.15523910522461
37.0149040222168
36.47469711303711
36.226619720458984
34.24656295776367
54.12126541137695
40.29472351074219
39.91262435913086
35.28064727783203
33.882965087890625
36.97792434692383
35.41379928588867
36.97792434692383
34.959449768066406
40.96133041381836
36.97083282470703
40.96133041381836
40.96133041381836
36.97083282470703
42.05299377441406
41.96147155761719
42.05299377441406
40.96133041381836
36.97083282470703
40.96133041381836
35.85651397705078
34.65734100341797
35.73743438720703
40.96133041381836
36.97083282470703
53.78400421142578
40.96133041381836
36.97083282470703
40.96133041381836
39.239349365234375
32.837764739990234
39.239349365234375
40.96133041381836
36.97083282470703
40.96133041381836
36.97083282470703
40.96133041381836
53.706993103027344
35.43295669555664
34.87480163574219
34.953041076660156
45.94418716430664
42.787010192871094
42.85581970214844
34.61133575439453
54.7979621887207
34.92027282714844
37.38261795043945
42.80598068237305
41.60966491699219
42.80598068237305
44.87397766113281
43.28036880493164
44.87397766113281
40.24790573120117
38.08298110961914
40.24790573120117
37.813934326171875
50.37268829345703
35.23310089111328
34.96804428100586
35.61151123046875
34.96804428100586
58.241966247558594
40.96133041381836
36.97083282470703
38.44278335571289
36.35246276855469
39.9454231262207
40.96133041381836
36.97083282470703
40.24790573120117
38.08298110961914
40.24790573120117
50.35985565185547
38.24690246582031
38.062740325927734
38.24690246582031
37.326107025146484
35.81887435913086
37.32008743286133
33.89532470703125
38.24690246582031
38.062740325927734
38.24690246582031
38.24690246582031
38.062740325927734
40.96133041381836
36.97083282470703
32.080081939697266
38.912498474121094
38.20882797241211
35.427520751953125
38.20896530151367
32.18397903442383
34.3698844909668
42.804771423339844
41.60980987548828
