8.19559097290039
7.25849723815918
21.49142837524414
12.930736541748047
12.750404357910156
15.11435317993164
0.24628829956054688
18.966501235961914
10.929481506347656
11.180599212646484
4.411664962768555
6.433876037597656
34.867897033691406
0.23592376708984375
7.168935775756836
11.056159973144531
15.562335968017578
8.035858154296875
5.896598815917969
8.690305709838867
17.252124786376953
16.161678314208984
12.254776000976562
10.929481506347656
8.392692565917969
0.00443267822265625
8.457174301147461
16.758460998535156
23.837814331054688
6.866962432861328
0.9595756530761719
4.8831024169921875
10.25009536743164
6.4149627685546875
7.415950775146484
11.431726455688477
10.929481506347656
15.260456085205078
17.357070922851562
37.78616714477539
14.823875427246094
23.90625
9.480714797973633
5.501903533935547
0.4605979919433594
6.730684280395508
1.0673675537109375
6.277271270751953
7.008077621459961
10.380867004394531
8.733482360839844
16.823497772216797
20.687164306640625
13.561199188232422
14.681385040283203
6.505474090576172
7.415950775146484
4.8831024169921875
15.669902801513672
18.049274444580078
1.0303401947021484
19.36882781982422
7.213741302490234
7.25849723815918
14.100954055786133
8.611896514892578
9.588260650634766
-0.09040069580078125
25.27632713317871
7.415950775146484
11.676200866699219
23.179584503173828
13.62186050415039
6.673761367797852
12.72235107421875
11.102890014648438
7.2916717529296875
9.631980895996094
13.378528594970703
7.181083679199219
14.775251388549805
22.545766830444336
18.59564971923828
11.617551803588867
14.100954055786133
17.08893394470215
0.9590835571289062
8.99351692199707
18.744382858276367
16.250995635986328
14.004558563232422
18.966501235961914
16.27027130126953
19.36882781982422
8.534164428710938
23.256206512451172
13.661144256591797
7.213741302490234
16.161678314208984
17.252124786376953
5.962188720703125
2.521556854248047
17.96102523803711
8.917221069335938
18.487268447875977
10.718196868896484
5.853954315185547
11.35209846496582
16.7232723236084
0.6226844787597656
7.490726470947266
17.08893394470215
9.632293701171875
8.874683380126953
15.10909652709961
13.251686096191406
9.632293701171875
10.074039459228516
15.350936889648438
-0.4528656005859375
16.544612884521484
16.250995635986328
2.0820236206054688
15.694051742553711
12.254776000976562
12.4854736328125
7.604709625244141
17.252124786376953
10.34847640991211
9.888378143310547
6.69182014465332
1.7635116577148438
10.25009536743164
10.03561782836914
21.41326904296875
10.442462921142578
7.902587890625
26.114627838134766
5.638313293457031
13.207372665405273
13.045631408691406
6.401884078979492
12.808982849121094
23.256206512451172
10.83548355102539
2.779376983642578
11.617551803588867
18.59827423095703
6.221035003662109
6.730684280395508
10.429327011108398
12.254776000976562
9.810325622558594
13.251686096191406
16.73080825805664
8.4677734375
10.170377731323242
6.505474090576172
3.5558395385742188
10.603479385375977
10.074039459228516
16.125226974487305
4.439088821411133
17.96102523803711
5.906671524047852
-0.4544105529785156
7.070318222045898
11.188980102539062
4.8831024169921875
19.36882781982422
10.612459182739258
10.25009536743164
3.2874526977539062
15.227317810058594
16.250995635986328
12.489555358886719
10.587087631225586
24.46567153930664
14.399417877197266
2.5440139770507812
14.958744049072266
5.055576324462891
12.911205291748047
16.823497772216797
18.966501235961914
8.491531372070312
23.24991226196289
19.36882781982422
13.859094619750977
18.966501235961914
2.779376983642578
5.962188720703125
4.558807373046875
2.938619613647461
8.261177062988281
3.6943321228027344
14.399417877197266
11.527145385742188
7.415950775146484
6.787109375
7.415950775146484
18.10196876525879
7.7719879150390625
17.96102523803711
8.398611068725586
23.256206512451172
18.966501235961914
14.693256378173828
6.505474090576172
23.227279663085938
7.303920745849609
16.250995635986328
6.210029602050781
18.661691665649414
17.524152755737305
13.053787231445312
13.87765121459961
13.859094619750977
13.647912979125977
10.837276458740234
6.424839019775391
19.36882781982422
13.176624298095703
18.327228546142578
6.809917449951172
13.7696533203125
14.100954055786133
64.32539367675781
17.201107025146484
13.207372665405273
6.154661178588867
10.074039459228516
10.25009536743164
13.495769500732422
-0.3843116760253906
17.086200714111328
45.50972366333008
11.105243682861328
9.71908950805664
13.87765121459961
8.602575302124023
6.505474090576172
13.341060638427734
1.842559814453125
5.104242324829102
14.100954055786133
2.71185302734375
11.676200866699219
4.139667510986328
2.2530593872070312
-0.4528656005859375
29.910938262939453
8.28342056274414
4.916851043701172
6.273529052734375
8.19559097290039
23.256206512451172
8.917221069335938
6.605873107910156
11.364479064941406
19.089603424072266
12.27383804321289
17.022525787353516
18.661691665649414
14.100954055786133
7.11248779296875
7.454051971435547
19.49005126953125
16.12298583984375
7.049997329711914
10.929481506347656
15.451107025146484
-1.3502311706542969
10.641788482666016
8.917221069335938
13.261480331420898
7.902587890625
11.612241744995117
18.049274444580078
10.728076934814453
7.415950775146484
15.04339599609375
8.4677734375
5.891399383544922
0.7419700622558594
13.728395462036133
8.19559097290039
6.730684280395508
10.728076934814453
8.340873718261719
7.7719879150390625
12.254776000976562
15.694051742553711
10.83548355102539
9.632293701171875
8.462173461914062
15.981563568115234
11.35209846496582
7.5933380126953125
2.603008270263672
22.418760299682617
13.034832000732422
7.195323944091797
18.35040283203125
8.569881439208984
8.602575302124023
15.227317810058594
16.537670135498047
15.562335968017578
6.866962432861328
8.392692565917969
8.261177062988281
2.779376983642578
5.962188720703125
14.502967834472656
7.25849723815918
9.632293701171875
8.917221069335938
0.6918182373046875
10.641788482666016
16.823497772216797
12.254776000976562
43.73494338989258
1.3940391540527344
8.4677734375
10.929481506347656
13.561199188232422
12.144832611083984
18.966501235961914
10.641788482666016
23.35651397705078
9.631980895996094
15.612751007080078
15.562335968017578
7.441776275634766
5.962188720703125
11.23602294921875
6.4149627685546875
7.168935775756836
8.420059204101562
13.647912979125977
14.100954055786133
13.661144256591797
15.981563568115234
12.254776000976562
18.582897186279297
14.100954055786133
19.49005126953125
7.505397796630859
10.170377731323242
4.8831024169921875
6.210029602050781
10.434650421142578
11.104379653930664
14.063308715820312
9.789060592651367
4.916851043701172
8.917221069335938
20.272432327270508
4.8831024169921875
5.962188720703125
20.272432327270508
12.016971588134766
4.774663925170898
12.798870086669922
17.086200714111328
8.4677734375
22.73488998413086
5.5345611572265625
13.712675094604492
6.932926177978516
16.5638370513916
7.271219253540039
4.8831024169921875
46.448421478271484
15.58071517944336
8.542850494384766
10.792791366577148
6.866962432861328
7.16148567199707
5.883459091186523
4.237710952758789
7.415950775146484
12.808982849121094
20.00372886657715
10.680124282836914
28.15567398071289
4.882698059082031
8.533699035644531
14.100519180297852
20.271629333496094
4.56297492980957
6.517734527587891
16.251123428344727
8.468664169311523
20.072166442871094
21.404430389404297
21.09225082397461
8.391998291015625
23.257204055786133
29.816707611083984
19.986339569091797
19.986339569091797
22.968687057495117
22.968687057495117
22.968687057495117
15.901910781860352
25.543174743652344
45.014591217041016
15.879497528076172
31.019794464111328
44.198638916015625
44.32828903198242
48.531211853027344
21.927501678466797
14.74191665649414
14.288467407226562
16.325180053710938
13.10995101928711
15.275150299072266
15.542808532714844
20.62441635131836
20.62441635131836
13.520648956298828
20.62441635131836
14.018476486206055
14.23714828491211
30.53518295288086
11.990325927734375
43.83576202392578
32.24443817138672
11.263671875
28.99188995361328
11.26336669921875
14.10595703125
13.800823211669922
13.67751693725586
2.484792709350586
11.37551498413086
11.236766815185547
26.327831268310547
13.800823211669922
34.90513610839844
13.800823211669922
24.387481689453125
13.800823211669922
13.800823211669922
13.800823211669922
13.800823211669922
13.800823211669922
13.800823211669922
13.800823211669922
13.800823211669922
13.800823211669922
13.800823211669922
13.800823211669922
13.800823211669922
13.800823211669922
13.800823211669922
13.800823211669922
13.800823211669922
13.800823211669922
13.800823211669922
11.15713119506836
11.293987274169922
11.304801940917969
11.31881332397461
24.240028381347656
11.244102478027344
11.516658782958984
11.325263977050781
35.84465026855469
16.502033233642578
16.502033233642578
9.957080841064453
34.89809036254883
12.988594055175781
12.610309600830078
13.218505859375
11.930431365966797
12.610309600830078
13.18614387512207
12.290557861328125
6.780544281005859
11.687110900878906
8.266777038574219
2.703388214111328
22.257787704467773
18.049274444580078
18.049274444580078
9.461769104003906
6.415155410766602
9.070575714111328
25.921329498291016
25.921329498291016
22.257787704467773
17.028038024902344
9.997077941894531
20.396329879760742
7.142997741699219
76.57011413574219
9.628889083862305
15.879497528076172
32.27461242675781
12.18789291381836
17.394649505615234
12.610309600830078
12.653972625732422
-0.09040069580078125
11.901649475097656
13.612724304199219
12.695014953613281
13.612724304199219
14.765289306640625
18.4852294921875
18.95218276977539
13.023937225341797
9.447479248046875
21.323699951171875
28.635162353515625
16.763565063476562
17.674949645996094
15.628589630126953
3.3044357299804688
4.585784912109375
11.230730056762695
9.891351699829102
7.879486083984375
7.124259948730469
12.99433708190918
15.625530242919922
12.904050827026367
2.3017234802246094
3.4800033569335938
11.956018447875977
3.9157752990722656
6.848237991333008
19.198780059814453
5.3180084228515625
15.782402038574219
11.994186401367188
2.599018096923828
20.043113708496094
7.966682434082031
7.100009918212891
2.367584228515625
2.6748428344726562
14.095418930053711
8.937522888183594
8.937522888183594
8.937522888183594
14.095418930053711
14.095418930053711
14.848960876464844
14.848960876464844
6.090850830078125
6.090850830078125
14.095418930053711
13.704391479492188
18.014995574951172
10.633480072021484
6.084003448486328
8.937522888183594
1.3156490325927734
13.997825622558594
11.989696502685547
2.7639083862304688
2.2577171325683594
4.7587738037109375
1.9143486022949219
6.084003448486328
2.6035079956054688
1.4018440246582031
7.4300537109375
7.100009918212891
7.100009918212891
7.100009918212891
11.956018447875977
5.697113037109375
6.583452224731445
6.131748199462891
14.095418930053711
10.005416870117188
2.6748428344726562
2.6748428344726562
14.095418930053711
17.210182189941406
15.515098571777344
5.9744415283203125
7.100009918212891
11.956018447875977
23.226654052734375
7.100009918212891
6.084003448486328
1.6157684326171875
7.813922882080078
8.02591323852539
8.234344482421875
11.956018447875977
5.427568435668945
6.331756591796875
11.997753143310547
15.075922012329102
3.4886512756347656
13.449211120605469
9.265876770019531
1.7763290405273438
18.40892791748047
11.956018447875977
7.100009918212891
3.7217063903808594
11.279769897460938
8.322635650634766
15.057783126831055
12.174938201904297
7.626008987426758
11.956018447875977
2.6783218383789062
24.077280044555664
17.905372619628906
13.213752746582031
13.024337768554688
13.299674987792969
25.982440948486328
14.3216552734375
12.992889404296875
14.023990631103516
16.39505386352539
12.18789291381836
9.530536651611328
18.711166381835938
15.628589630126953
15.625530242919922
12.904050827026367
12.99433708190918
12.904050827026367
9.891351699829102
11.230730056762695
9.891351699829102
7.341527938842773
10.16555404663086
3.377105712890625
4.585784912109375
3.3044357299804688
4.585784912109375
28.78030776977539
13.997825622558594
42.500282287597656
13.742605209350586
10.342931747436523
13.742605209350586
3.6601295471191406
13.742605209350586
10.342931747436523
13.742605209350586
3.768787384033203
22.825843811035156
11.488893508911133
2.3083763122558594
12.899372100830078
10.013782501220703
9.91800308227539
10.401355743408203
9.531082153320312
10.401355743408203
10.401355743408203
9.531082153320312
1.2378501892089844
10.170331954956055
6.536903381347656
10.170331954956055
8.682308197021484
8.418373107910156
11.218894958496094
7.735332489013672
10.439403533935547
8.340873718261719
7.017187118530273
8.340873718261719
13.298110961914062
15.686225891113281
13.298110961914062
6.916572570800781
5.606023788452148
12.260208129882812
13.622039794921875
7.195423126220703
6.090850830078125
6.090850830078125
6.090850830078125
14.848960876464844
14.848960876464844
14.848960876464844
14.848960876464844
6.090850830078125
14.848960876464844
6.090850830078125
6.090850830078125
6.090850830078125
6.090850830078125
14.848960876464844
14.848960876464844
14.848960876464844
2.2182064056396484
5.132526397705078
10.170331954956055
6.536903381347656
10.170331954956055
5.484748840332031
11.69312858581543
10.401355743408203
9.531082153320312
10.401355743408203
10.642704010009766
10.401355743408203
9.531082153320312
18.512222290039062
17.53964614868164
18.512222290039062
3.9863548278808594
16.46508026123047
17.737022399902344
17.737022399902344
7.708030700683594
10.401355743408203
9.531082153320312
10.401355743408203
9.531082153320312
10.401355743408203
13.710195541381836
7.138069152832031
3.7784385681152344
12.356952667236328
13.903682708740234
0.7212257385253906
9.480693817138672
7.910993576049805
9.480693817138672
8.534164428710938
4.875953674316406
8.534164428710938
7.003467559814453
5.388021469116211
9.509246826171875
10.285160064697266
11.130054473876953
9.480693817138672
7.910993576049805
9.480693817138672
15.055862426757812
18.049274444580078
15.055862426757812
15.962240219116211
10.936100006103516
8.534164428710938
4.875953674316406
8.534164428710938
8.534164428710938
4.875953674316406
10.401355743408203
9.531082153320312
12.73305892944336
5.880611419677734
12.356952667236328
13.903682708740234
12.356952667236328
10.401355743408203
8.837337493896484
9.567829132080078
20.9206485748291
9.567829132080078
20.25419044494629
14.945819854736328
20.25419044494629
20.25419044494629
18.014995574951172
13.704391479492188
18.014995574951172
18.014995574951172
13.704391479492188
57.25688934326172
10.949222564697266
9.681930541992188
13.709003448486328
12.08456802368164
13.709003448486328
11.989696502685547
13.997825622558594
11.989696502685547
9.304752349853516
5.5761566162109375
11.290901184082031
12.725790023803711
14.810623168945312
3.4003677368164062
28.96251678466797
13.708829879760742
9.681930541992188
9.720207214355469
12.620651245117188
1.3651885986328125
6.131748199462891
3.1581649780273438
9.362199783325195
8.319683074951172
2.2218704223632812
6.090850830078125
6.090850830078125
6.090850830078125
18.80417823791504
6.132225036621094
15.832626342773438
3.1170806884765625
6.090850830078125
6.090850830078125
6.090850830078125
6.090850830078125
6.090850830078125
22.257787704467773
11.61614990234375
10.417377471923828
12.619880676269531
18.014995574951172
13.704391479492188
2.457866668701172
26.114627838134766
16.720046997070312
18.11029815673828
11.04452896118164
-2.5492782592773438
18.11029815673828
-2.5492782592773438
48.73564529418945
47.28572082519531
-2.5492782592773438
-2.5492782592773438
-2.5492782592773438
-2.5492782592773438
13.30906867980957
-2.5492782592773438
-2.5492782592773438
-2.5492782592773438
-2.5492782592773438
-2.5492782592773438
-2.5492782592773438
-2.5492782592773438
-2.5492782592773438
-2.5492782592773438
-2.5492782592773438
12.655555725097656
26.311992645263672
18.11029815673828
-2.5492782592773438
-2.5492782592773438
12.655555725097656
-2.5492782592773438
-2.5492782592773438
-2.5492782592773438
12.655555725097656
-2.5492782592773438
-2.5492782592773438
28.09435272216797
-2.5492782592773438
-2.5492782592773438
12.655555725097656
13.742839813232422
18.735774993896484
-2.5492782592773438
-2.5492782592773438
12.655555725097656
-2.5492782592773438
-2.5492782592773438
-2.5492782592773438
12.655555725097656
-2.5492782592773438
-2.5492782592773438
-2.5492782592773438
-2.5492782592773438
12.655555725097656
6.664554595947266
9.987831115722656
-2.5492782592773438
5.813072204589844
10.980186462402344
-2.5492782592773438
12.655555725097656
-2.5492782592773438
-2.5492782592773438
-2.5492782592773438
-2.5492782592773438
12.655555725097656
7.592449188232422
8.948982238769531
-2.5492782592773438
-2.5492782592773438
12.655555725097656
22.466323852539062
-2.5492782592773438
-2.5492782592773438
7.699165344238281
8.758071899414062
26.440753936767578
12.006937026977539
-2.5492782592773438
-2.5492782592773438
12.655555725097656
14.571908950805664
14.571908950805664
7.333988189697266
11.056413650512695
14.571908950805664
12.655555725097656
14.571908950805664
14.571908950805664
12.655555725097656
13.650619506835938
13.650619506835938
13.742839813232422
12.209827423095703
13.650619506835938
13.650619506835938
13.825851440429688
12.411333084106445
13.825851440429688
19.984989166259766
12.655555725097656
14.080530166625977
14.080530166625977
11.117244720458984
18.98206901550293
12.655555725097656
14.080530166625977
14.080530166625977
7.856929779052734
17.053813934326172
10.790603637695312
14.080530166625977
28.191036224365234
12.655555725097656
7.592449188232422
9.448671340942383
20.494956970214844
18.738527297973633
14.84695053100586
6.542697906494141
7.314186096191406
11.117244720458984
13.67021369934082
15.879497528076172
20.777395248413086
10.048299789428711
14.84695053100586
10.187543869018555
13.825851440429688
13.662338256835938
12.583961486816406
12.583961486816406
9.989768981933594
9.71169662475586
26.440753936767578
11.751522064208984
9.400915145874023
10.696430206298828
10.200613021850586
12.655555725097656
11.172794342041016
13.825851440429688
11.458660125732422
14.84695053100586
9.892902374267578
9.987518310546875
9.693046569824219
15.58498764038086
9.71169662475586
11.620166778564453
11.270938873291016
11.634061813354492
10.918384552001953
9.860881805419922
15.58498764038086
8.774763107299805
15.58498764038086
12.655555725097656
15.58498764038086
26.440753936767578
14.56922721862793
15.58498764038086
18.443042755126953
8.613424301147461
8.839336395263672
15.585065841674805
18.440885543823242
9.97994613647461
12.302074432373047
26.04989242553711
22.26495361328125
-1.2222137451171875
-1.2222137451171875
58.07484817504883
-1.2222137451171875
22.26495361328125
-1.2222137451171875
12.971687316894531
6.629993438720703
16.288461685180664
19.676773071289062
28.652420043945312
-1.2222137451171875
-1.2222137451171875
-1.2222137451171875
-1.2222137451171875
-1.2222137451171875
-1.2222137451171875
-1.2222137451171875
-1.2222137451171875
40.57379150390625
-1.2222137451171875
-1.2222137451171875
-1.2222137451171875
-1.2222137451171875
-1.2222137451171875
-1.2222137451171875
-1.2222137451171875
-1.2222137451171875
-1.2222137451171875
-1.2222137451171875
-1.2222137451171875
-1.2222137451171875
-1.2222137451171875
-1.2222137451171875
-1.2222137451171875
-1.2222137451171875
-1.2222137451171875
-1.2222137451171875
-1.2222137451171875
-1.2222137451171875
-1.2222137451171875
-1.2222137451171875
-1.2222137451171875
-1.2222137451171875
-1.2222137451171875
-1.2222137451171875
-1.2222137451171875
-1.2222137451171875
-1.2222137451171875
-1.2222137451171875
-1.2222137451171875
-1.2222137451171875
-1.2222137451171875
-1.2222137451171875
-1.2222137451171875
-1.2222137451171875
-1.2222137451171875
-1.2222137451171875
-1.2222137451171875
-1.2222137451171875
-1.2222137451171875
-1.2222137451171875
-1.2222137451171875
-1.2222137451171875
-1.2222137451171875
-1.2222137451171875
-1.2222137451171875
-1.2222137451171875
-1.2222137451171875
-1.2222137451171875
-1.2222137451171875
-1.2222137451171875
-1.2222137451171875
-1.2222137451171875
-1.2222137451171875
-1.2222137451171875
-1.2222137451171875
-1.2222137451171875
-1.2222137451171875
-1.2222137451171875
7.319293975830078
7.592775344848633
1.6729507446289062
17.02804183959961
22.10208511352539
18.205852508544922
14.085844039916992
18.205852508544922
14.085844039916992
8.192230224609375
5.943603515625
5.344108581542969
10.464141845703125
12.938419342041016
9.486961364746094
-0.186614990234375
3.1576385498046875
7.592775344848633
1.6853828430175781
11.616144180297852
10.417379379272461
9.486961364746094
7.853279113769531
11.616144180297852
9.189338684082031
9.468406677246094
9.105934143066406
8.776632308959961
34.611114501953125
9.486961364746094
4.338237762451172
5.076374053955078
18.205852508544922
14.085844039916992
6.431179046630859
18.205852508544922
14.085844039916992
6.431179046630859
22.220985412597656
13.832313537597656
14.351524353027344
-0.09787750244140625
11.616144180297852
10.417379379272461
5.065723419189453
13.832313537597656
14.351524353027344
12.571224212646484
13.832313537597656
14.351524353027344
12.571224212646484
30.405651092529297
25.92132568359375
25.92132568359375
25.92132568359375
7.16148567199707
8.000406265258789
13.832313537597656
14.351524353027344
12.571224212646484
11.616144180297852
10.417379379272461
12.619884490966797
13.832313537597656
14.351524353027344
12.571224212646484
13.832313537597656
7.164121627807617
8.138317108154297
14.960256576538086
10.603477478027344
9.33974838256836
6.0875244140625
3.183307647705078
10.603477478027344
9.33974838256836
18.014999389648438
13.704391479492188
18.014999389648438
18.014999389648438
13.704391479492188
38.328956604003906
4.085502624511719
2.326162338256836
7.207057952880859
14.351524353027344
12.571224212646484
2.2218704223632812
14.71523666381836
12.588294982910156
14.71523666381836
40.92059326171875
15.68404769897461
13.564441680908203
11.578611373901367
15.68404769897461
13.564441680908203
15.68404769897461
5.8537445068359375
5.388025283813477
9.50924301147461
10.28515625
3.6576004028320312
10.949222564697266
9.120407104492188
13.708824157714844
9.681930541992188
9.720207214355469
9.681930541992188
13.709003448486328
12.08456802368164
13.709003448486328
9.891351699829102
11.230735778808594
9.891351699829102
4.585784912109375
3.3044357299804688
4.585784912109375
10.603477478027344
9.33974838256836
1.8123970031738281
20.67639923095703
44.28491973876953
11.989700317382812
13.997821807861328
11.989700317382812
2.125499725341797
3.4722976684570312
2.9055099487304688
6.131748199462891
6.479269027709961
9.362199783325195
15.68404769897461
13.564441680908203
11.683231353759766
12.779260635375977
13.717601776123047
10.554365158081055
1.5749015808105469
8.652664184570312
2.1430320739746094
2.245868682861328
7.111351013183594
9.54800796508789
12.056869506835938
10.782520294189453
27.989315032958984
11.692361831665039
7.489383697509766
3.8989715576171875
5.263584136962891
0.8696479797363281
7.824237823486328
4.855369567871094
10.170331954956055
6.536903381347656
10.170331954956055
9.093833923339844
1.7506351470947266
14.810623168945312
11.661230087280273
11.290897369384766
1.6427230834960938
9.401359558105469
15.057783126831055
12.174936294555664
15.266117095947266
1.3618392944335938
13.742610931396484
10.342927932739258
13.742610931396484
7.9537811279296875
10.401355743408203
9.531082153320312
10.401355743408203
10.401355743408203
9.531082153320312
17.503948211669922
17.41168212890625
17.503948211669922
10.401355743408203
9.531082153320312
10.401355743408203
8.329092025756836
10.90719223022461
9.376871109008789
10.401355743408203
9.531082153320312
8.215763092041016
10.401355743408203
9.531082153320312
10.401355743408203
16.44695281982422
8.697433471679688
16.44695281982422
10.401355743408203
9.531082153320312
10.401355743408203
9.531082153320312
10.401355743408203
9.837520599365234
12.271677017211914
10.260604858398438
10.426685333251953
15.625534057617188
13.567974090576172
10.550827026367188
1.3860816955566406
8.912364959716797
5.106792449951172
14.79094123840332
12.356952667236328
13.903678894042969
12.356952667236328
15.055862426757812
18.049274444580078
15.055862426757812
9.480693817138672
7.910993576049805
9.480693817138672
5.629955291748047
21.635604858398438
0.18815231323242188
7.157081604003906
17.924095153808594
7.157081604003906
8.516265869140625
10.401355743408203
9.531082153320312
18.205852508544922
14.085844039916992
17.532995223999023
10.401355743408203
9.531082153320312
9.480693817138672
7.910993576049805
9.480693817138672
23.952537536621094
8.53416633605957
4.875953674316406
8.53416633605957
5.388025283813477
9.50924301147461
10.28515625
2.186992645263672
8.53416633605957
4.875953674316406
8.53416633605957
8.53416633605957
4.875953674316406
10.401355743408203
9.531082153320312
4.35589599609375
8.307754516601562
9.567829132080078
20.920642852783203
9.567556381225586
0.11787033081054688
2.9737625122070312
12.35586166381836
13.902557373046875
