13.429065704345703
14.161966323852539
24.914737701416016
18.118730545043945
18.07530403137207
20.36988067626953
6.3662872314453125
24.3514347076416
17.225830078125
16.913677215576172
10.058090209960938
11.717483520507812
36.44733428955078
6.749473571777344
12.880912780761719
16.492389678955078
18.993316650390625
14.080955505371094
11.403297424316406
14.216482162475586
22.651782989501953
22.206954956054688
18.622814178466797
17.225830078125
14.07613754272461
6.585399627685547
13.86663818359375
22.41779327392578
25.967815399169922
12.684040069580078
7.263805389404297
11.62015151977539
16.900737762451172
12.179370880126953
12.989316940307617
16.725631713867188
17.225830078125
24.842693328857422
21.648378372192383
42.283897399902344
19.17089080810547
27.144298553466797
13.259538650512695
11.665271759033203
6.637905120849609
11.779775619506836
7.561920166015625
11.884025573730469
12.456411361694336
14.502872467041016
14.505332946777344
22.88902473449707
25.7409725189209
19.22138786315918
20.630800247192383
12.145450592041016
12.989316940307617
11.62015151977539
21.462919235229492
24.510496139526367
7.200260162353516
23.042144775390625
12.832414627075195
14.161966323852539
20.706268310546875
14.719318389892578
15.990364074707031
8.335186004638672
28.82046890258789
12.989316940307617
17.438804626464844
28.572738647460938
20.232315063476562
12.477710723876953
17.57963752746582
16.567169189453125
11.422554016113281
15.622562408447266
17.960235595703125
12.03759765625
19.518678665161133
24.83202362060547
24.28539276123047
17.349624633789062
20.706268310546875
21.78312110900879
6.961217880249023
14.384101867675781
24.640790939331055
21.880290985107422
18.459003448486328
24.3514347076416
21.066001892089844
23.042144775390625
15.906414031982422
26.681652069091797
18.163917541503906
12.832414627075195
22.206954956054688
22.651782989501953
12.759931564331055
8.972143173217773
22.669227600097656
14.21280288696289
23.322301864624023
16.294021606445312
11.415353775024414
15.99488639831543
21.70451545715332
6.941123962402344
12.819278717041016
21.78312110900879
15.041362762451172
14.42405891418457
19.76616096496582
19.51158905029297
15.041362762451172
16.209945678710938
19.359500885009766
5.858837127685547
22.43511962890625
21.880290985107422
8.440675735473633
20.684911727905273
18.622814178466797
18.653278350830078
13.146360397338867
22.651782989501953
16.125633239746094
14.349601745605469
12.641853332519531
7.261066436767578
16.900737762451172
15.196247100830078
25.202239990234375
15.942306518554688
13.671916961669922
28.44613265991211
11.853113174438477
17.995988845825195
17.76585578918457
11.973913192749023
18.332962036132812
26.681652069091797
16.168848037719727
9.158903121948242
17.349624633789062
22.443208694458008
12.038772583007812
11.779775619506836
15.703678131103516
18.622814178466797
15.818611145019531
19.51158905029297
21.68534278869629
14.967267990112305
16.140911102294922
12.145450592041016
8.932693481445312
15.978507995605469
16.209945678710938
18.991313934326172
11.570121765136719
22.669227600097656
11.325298309326172
6.260463714599609
12.779317855834961
16.90227508544922
11.62015151977539
23.042144775390625
16.079124450683594
16.900737762451172
9.008880615234375
21.025054931640625
21.880290985107422
17.166940689086914
16.044639587402344
25.141860961914062
20.461469650268555
9.404666900634766
20.94016456604004
10.292770385742188
18.213876724243164
22.88902473449707
24.3514347076416
12.642021179199219
28.513938903808594
23.042144775390625
19.214113235473633
24.3514347076416
9.158903121948242
12.759931564331055
9.806583404541016
9.25316047668457
14.439565658569336
9.450675964355469
20.461469650268555
17.385211944580078
12.989316940307617
13.584392547607422
12.989316940307617
22.225425720214844
13.492422103881836
22.669227600097656
14.46342658996582
26.681652069091797
24.3514347076416
18.726016998291016
12.145450592041016
24.838268280029297
12.558609008789062
21.880290985107422
11.726043701171875
22.258094787597656
23.247589111328125
18.268795013427734
20.40226173400879
19.214113235473633
19.487323760986328
16.485637664794922
11.965492248535156
23.042144775390625
17.225828170776367
21.734390258789062
12.014041900634766
20.82500457763672
20.706268310546875
49.93717575073242
21.799776077270508
17.995988845825195
11.882762908935547
16.209945678710938
16.900737762451172
18.78072166442871
5.782501220703125
21.05194854736328
44.569190979003906
17.72015380859375
15.037738800048828
20.40226173400879
13.990884780883789
12.145450592041016
19.863325119018555
8.029834747314453
11.074407577514648
20.706268310546875
8.161691665649414
17.438804626464844
8.77029037475586
8.37824821472168
5.858837127685547
33.5120849609375
14.016712188720703
10.75924301147461
12.438739776611328
13.429065704345703
26.681652069091797
14.21280288696289
13.59028434753418
16.847715377807617
24.409862518310547
16.618022918701172
21.055877685546875
22.258094787597656
20.706268310546875
12.08763313293457
13.247171401977539
24.110979080200195
20.504138946533203
12.49374008178711
17.225830078125
21.597888946533203
5.294960021972656
15.381490707397461
14.21280288696289
17.527538299560547
13.671916961669922
16.878868103027344
24.510496139526367
15.922208786010742
12.989316940307617
21.359352111816406
14.967267990112305
10.57089614868164
7.370965957641602
17.890100479125977
13.429065704345703
11.779775619506836
15.922208786010742
13.984182357788086
13.492422103881836
18.622814178466797
20.684911727905273
16.168848037719727
15.041362762451172
13.893428802490234
20.885526657104492
15.99488639831543
13.591880798339844
9.096118927001953
26.73221206665039
17.189655303955078
13.013875961303711
21.34481430053711
13.671138763427734
13.990884780883789
21.025054931640625
19.28266143798828
18.993316650390625
12.684040069580078
14.07613754272461
14.439565658569336
9.158903121948242
12.759931564331055
19.935579299926758
14.161966323852539
15.041362762451172
14.21280288696289
6.703468322753906
15.381490707397461
22.88902473449707
18.622814178466797
29.34051513671875
7.241313934326172
14.967267990112305
17.225830078125
19.22138786315918
18.398902893066406
24.3514347076416
15.381490707397461
26.452789306640625
15.622562408447266
20.268341064453125
18.993316650390625
12.752920150756836
12.759931564331055
16.68539810180664
12.179370880126953
12.880912780761719
14.048131942749023
19.487323760986328
20.706268310546875
18.163917541503906
20.885526657104492
18.622814178466797
23.059627532958984
20.706268310546875
24.110979080200195
12.944269180297852
16.140911102294922
11.62015151977539
11.726043701171875
15.689409255981445
16.765296936035156
19.078224182128906
14.749629974365234
10.75924301147461
14.21280288696289
24.588153839111328
11.62015151977539
12.759931564331055
24.588153839111328
16.63546371459961
10.644248962402344
17.95743179321289
21.05194854736328
14.967267990112305
27.15966796875
11.138551712036133
18.882949829101562
13.969879150390625
21.142303466796875
12.908926010131836
11.62015151977539
48.84695816040039
21.25367546081543
14.131258010864258
15.324592590332031
12.684040069580078
12.854328155517578
11.253990173339844
10.97723388671875
12.989316940307617
18.332962036132812
22.473812103271484
17.01474380493164
32.98578643798828
11.619525909423828
15.906085968017578
20.706241607666016
24.58774185180664
11.54194450378418
10.927604675292969
21.880640029907227
14.968177795410156
25.715225219726562
26.910837173461914
23.178905487060547
14.075790405273438
26.68252944946289
30.958478927612305
21.74958038330078
21.74958038330078
28.22254753112793
28.22254753112793
28.22254753112793
22.60658073425293
30.623136520385742
45.140689849853516
20.917682647705078
32.70697021484375
46.163597106933594
41.83641052246094
50.29466247558594
27.48284912109375
21.160186767578125
20.94701385498047
22.748836517333984
19.700727462768555
21.896591186523438
21.81859588623047
27.16175079345703
27.16175079345703
20.374462127685547
27.16175079345703
20.60973358154297
21.373519897460938
36.281978607177734
18.221736907958984
46.143150329589844
33.352577209472656
17.508438110351562
34.459373474121094
17.537982940673828
22.52145767211914
23.19988250732422
22.492504119873047
9.436363220214844
17.79168701171875
17.487770080566406
30.470947265625
23.19988250732422
39.740440368652344
23.19988250732422
30.54326057434082
23.19988250732422
23.19988250732422
23.19988250732422
23.19988250732422
23.19988250732422
23.19988250732422
23.19988250732422
23.19988250732422
23.19988250732422
23.19988250732422
23.19988250732422
23.19988250732422
23.19988250732422
23.19988250732422
23.19988250732422
23.19988250732422
23.19988250732422
23.19988250732422
17.444156646728516
17.432846069335938
17.380741119384766
17.605052947998047
25.89439582824707
17.372196197509766
17.887290954589844
17.588340759277344
37.380714416503906
20.872310638427734
20.872310638427734
15.871063232421875
37.846519470214844
20.764177322387695
19.82126808166504
17.0185546875
19.70001220703125
19.82126808166504
17.797914505004883
19.477947235107422
12.917682647705078
15.927871704101562
13.528911590576172
8.878076553344727
26.48625946044922
24.510496139526367
24.510496139526367
15.265460968017578
12.316061019897461
14.877521514892578
28.641780853271484
28.641780853271484
26.48625946044922
22.842906951904297
15.93951416015625
24.75621795654297
12.924732208251953
67.79185485839844
14.89145278930664
20.917682647705078
28.279878616333008
20.21125030517578
22.11522674560547
19.82126808166504
20.45431137084961
8.335186004638672
19.581626892089844
21.422122955322266
20.3802547454834
21.422122955322266
19.391441345214844
25.706974029541016
22.05832290649414
19.94891357421875
16.23528480529785
25.427188873291016
31.77114486694336
24.13190269470215
25.14582061767578
20.04557991027832
10.302047729492188
10.899768829345703
15.849159240722656
15.053115844726562
15.900711059570312
12.730924606323242
17.958938598632812
22.04853630065918
17.925006866455078
7.969017028808594
9.560462951660156
17.47312355041504
9.66578483581543
11.975597381591797
19.704307556152344
11.216239929199219
19.637256622314453
17.3656063079834
8.98626708984375
25.66619873046875
14.462890625
13.118227005004883
8.530044555664062
9.174873352050781
18.818199157714844
14.514564514160156
14.514564514160156
14.514564514160156
18.818199157714844
18.818199157714844
21.548219680786133
21.548219680786133
12.16754150390625
12.16754150390625
18.818199157714844
20.227006912231445
23.05000877380371
14.351436614990234
12.140310287475586
14.514564514160156
7.602226257324219
20.831865310668945
18.41782569885254
8.287960052490234
8.81369400024414
10.875988006591797
8.572187423706055
12.140310287475586
9.004905700683594
7.468832015991211
13.04471206665039
13.118227005004883
13.118227005004883
13.118227005004883
17.47312355041504
11.631118774414062
12.104915618896484
11.736526489257812
18.818199157714844
14.323440551757812
9.174873352050781
9.174873352050781
18.818199157714844
20.51433563232422
23.36746597290039
12.236553192138672
13.118227005004883
17.47312355041504
24.868650436401367
13.118227005004883
12.140310287475586
7.767810821533203
14.34579849243164
14.417530059814453
14.674203872680664
17.47312355041504
11.90744400024414
11.591075897216797
16.416786193847656
18.12938117980957
9.81656265258789
16.907848358154297
14.264423370361328
7.981357574462891
21.695724487304688
17.47312355041504
13.118227005004883
9.519338607788086
17.564998626708984
13.717620849609375
18.38238525390625
16.755308151245117
12.473129272460938
17.47312355041504
9.193798065185547
27.542865753173828
22.686912536621094
19.376331329345703
20.899839401245117
20.93425941467285
25.204832077026367
20.099220275878906
20.65887451171875
21.791399002075195
21.787403106689453
20.21125030517578
15.028972625732422
23.786407470703125
20.04557991027832
22.04853630065918
17.925006866455078
17.958938598632812
17.925006866455078
15.053115844726562
15.849159240722656
15.053115844726562
11.672080993652344
12.590961456298828
9.459096908569336
10.899768829345703
10.302047729492188
10.899768829345703
31.503026962280273
20.831865310668945
46.05186462402344
19.232515335083008
15.540412902832031
19.232515335083008
9.156349182128906
19.232515335083008
15.540412902832031
19.232515335083008
9.266605377197266
27.42449951171875
16.989194869995117
8.348342895507812
18.37410545349121
15.541482925415039
15.34231948852539
15.340431213378906
14.317758560180664
15.340431213378906
15.340431213378906
14.317758560180664
7.3335113525390625
16.169898986816406
12.462711334228516
16.169898986816406
14.191890716552734
14.013320922851562
13.535255432128906
13.77374267578125
13.199748992919922
13.984182357788086
12.625114440917969
13.984182357788086
18.560245513916016
20.523094177246094
18.560245513916016
15.06866455078125
11.344337463378906
18.841371536254883
17.20707893371582
13.633560180664062
12.16754150390625
12.16754150390625
12.16754150390625
21.548219680786133
21.548219680786133
21.548219680786133
21.548219680786133
12.16754150390625
21.548219680786133
12.16754150390625
12.16754150390625
12.16754150390625
12.16754150390625
21.548219680786133
21.548219680786133
21.548219680786133
8.257143020629883
10.443214416503906
16.169898986816406
12.462711334228516
16.169898986816406
12.518688201904297
16.648218154907227
15.340431213378906
14.317758560180664
15.340431213378906
16.248292922973633
15.340431213378906
14.317758560180664
23.840084075927734
23.015972137451172
23.840084075927734
9.376083374023438
21.776859283447266
23.52409553527832
23.52409553527832
12.275445938110352
15.340431213378906
14.317758560180664
15.340431213378906
14.317758560180664
15.340431213378906
16.177453994750977
12.774559020996094
9.8448486328125
18.944931030273438
20.398174285888672
7.217103958129883
15.201454162597656
13.414356231689453
15.201454162597656
15.906414031982422
11.62152099609375
15.906414031982422
9.285533905029297
11.320806503295898
15.413091659545898
15.575664520263672
15.63955307006836
15.201454162597656
13.414356231689453
15.201454162597656
21.122087478637695
24.510496139526367
21.122087478637695
18.281009674072266
15.269145965576172
15.906414031982422
11.62152099609375
15.906414031982422
15.906414031982422
11.62152099609375
15.340431213378906
14.317758560180664
17.8938045501709
11.674049377441406
18.944931030273438
20.398174285888672
18.944931030273438
15.340431213378906
13.765542984008789
15.448528289794922
25.854759216308594
15.448528289794922
25.341014862060547
19.658435821533203
25.341014862060547
25.341014862060547
23.05000877380371
20.227006912231445
23.05000877380371
23.05000877380371
20.227006912231445
47.374839782714844
16.4343204498291
14.718711853027344
19.127593994140625
16.57594108581543
19.127593994140625
18.41782569885254
20.831865310668945
18.41782569885254
14.107511520385742
10.685676574707031
16.46320915222168
18.03112030029297
20.0375919342041
9.946990966796875
30.956621170043945
18.818273544311523
14.718711853027344
14.429342269897461
16.837324142456055
7.714591979980469
11.736526489257812
9.233552932739258
14.431882858276367
12.502422332763672
8.442636489868164
12.16754150390625
12.16754150390625
12.16754150390625
23.150236129760742
12.921579360961914
20.007030487060547
9.202747344970703
12.16754150390625
12.16754150390625
12.16754150390625
12.16754150390625
12.16754150390625
26.48625946044922
16.861865997314453
15.410058975219727
18.084688186645508
23.05000877380371
20.227006912231445
8.69021987915039
28.44613265991211
21.288713455200195
22.84300422668457
16.598241806030273
6.679161071777344
22.84300422668457
6.679161071777344
46.80921173095703
47.379005432128906
6.679161071777344
6.679161071777344
6.679161071777344
6.679161071777344
18.826623916625977
6.679161071777344
6.679161071777344
6.679161071777344
6.679161071777344
6.679161071777344
6.679161071777344
6.679161071777344
6.679161071777344
6.679161071777344
6.679161071777344
18.89107322692871
30.868610382080078
22.84300422668457
6.679161071777344
6.679161071777344
18.89107322692871
6.679161071777344
6.679161071777344
6.679161071777344
18.89107322692871
6.679161071777344
6.679161071777344
31.99665069580078
6.679161071777344
6.679161071777344
18.89107322692871
18.752552032470703
20.06739044189453
6.679161071777344
6.679161071777344
18.89107322692871
6.679161071777344
6.679161071777344
6.679161071777344
18.89107322692871
6.679161071777344
6.679161071777344
6.679161071777344
6.679161071777344
18.89107322692871
12.58966064453125
15.796953201293945
6.679161071777344
11.51430892944336
16.185041427612305
6.679161071777344
18.89107322692871
6.679161071777344
6.679161071777344
6.679161071777344
6.679161071777344
18.89107322692871
14.08277702331543
14.420873641967773
6.679161071777344
6.679161071777344
18.89107322692871
24.265487670898438
6.679161071777344
6.679161071777344
13.016536712646484
14.355350494384766
30.61611557006836
17.651269912719727
6.679161071777344
6.679161071777344
18.89107322692871
20.204992294311523
20.204992294311523
12.567062377929688
16.679365158081055
20.204992294311523
18.89107322692871
20.204992294311523
20.204992294311523
18.89107322692871
19.586740493774414
19.586740493774414
18.752552032470703
17.234718322753906
19.586740493774414
19.586740493774414
18.545385360717773
17.64513397216797
18.545385360717773
22.768142700195312
18.89107322692871
20.131711959838867
20.131711959838867
16.79709243774414
24.850494384765625
18.89107322692871
20.131711959838867
20.131711959838867
13.54818344116211
23.01022720336914
16.412410736083984
20.131711959838867
32.16743469238281
18.89107322692871
14.08277702331543
14.911907196044922
24.871482849121094
25.064014434814453
20.881988525390625
12.384593963623047
12.56943130493164
16.79709243774414
19.245464324951172
20.917682647705078
24.40676498413086
16.136451721191406
20.881988525390625
15.682048797607422
18.545385360717773
18.59707260131836
18.10926628112793
18.10926628112793
16.00596809387207
15.891717910766602
30.61611557006836
17.090898513793945
14.768363952636719
16.549707412719727
16.103837966918945
18.89107322692871
17.19186782836914
18.545385360717773
16.541574478149414
20.881988525390625
16.054468154907227
15.7568359375
15.702629089355469
21.594022750854492
15.891717910766602
17.40999984741211
16.553537368774414
17.33224868774414
16.874187469482422
15.320377349853516
21.594022750854492
14.404491424560547
21.594022750854492
18.89107322692871
21.594022750854492
30.61611557006836
20.61017608642578
21.594022750854492
23.770780563354492
14.435604095458984
14.852506637573242
21.593650817871094
23.769603729248047
16.299861907958984
17.95616912841797
28.961231231689453
27.030338287353516
7.749483108520508
7.749483108520508
54.96329879760742
7.749483108520508
27.030338287353516
7.749483108520508
17.87259292602539
12.15224838256836
21.823474884033203
23.56946563720703
30.379295349121094
7.749483108520508
7.749483108520508
7.749483108520508
7.749483108520508
7.749483108520508
7.749483108520508
7.749483108520508
7.749483108520508
45.34162902832031
7.749483108520508
7.749483108520508
7.749483108520508
7.749483108520508
7.749483108520508
7.749483108520508
7.749483108520508
7.749483108520508
7.749479293823242
7.749479293823242
7.749479293823242
7.749479293823242
7.749479293823242
7.749479293823242
7.749479293823242
7.749479293823242
7.749479293823242
7.749479293823242
7.749479293823242
7.749479293823242
7.749479293823242
7.749479293823242
7.749479293823242
7.749479293823242
7.749479293823242
7.749479293823242
7.749479293823242
7.749479293823242
7.749479293823242
7.749479293823242
7.749479293823242
7.749479293823242
7.749479293823242
7.749479293823242
7.749479293823242
7.749479293823242
7.749479293823242
7.749479293823242
7.749479293823242
7.749479293823242
7.749479293823242
7.749479293823242
7.749479293823242
7.749479293823242
7.749479293823242
7.749479293823242
7.749479293823242
7.749479293823242
7.749479293823242
7.749479293823242
7.749479293823242
7.749479293823242
7.749479293823242
7.749479293823242
7.749479293823242
7.749479293823242
7.749479293823242
7.749479293823242
7.749479293823242
7.749479293823242
12.895547866821289
12.428565979003906
7.954404830932617
22.84290313720703
26.81077003479004
24.029308319091797
19.825382232666016
24.029308319091797
19.825382232666016
12.914966583251953
11.224437713623047
9.825050354003906
13.528511047363281
18.520288467407227
15.848983764648438
6.023508071899414
8.365522384643555
12.428565979003906
7.804996490478516
16.861862182617188
15.410057067871094
15.848983764648438
12.58038330078125
16.861862182617188
14.714866638183594
14.188941955566406
14.565975189208984
14.847711563110352
36.90480422973633
15.848983764648438
9.877222061157227
10.842161178588867
24.029308319091797
19.825382232666016
12.993509292602539
24.029308319091797
19.825382232666016
12.993509292602539
24.842967987060547
19.063732147216797
19.3880615234375
6.93467903137207
16.861862182617188
15.410057067871094
11.539129257202148
19.063732147216797
19.3880615234375
18.059627532958984
19.063732147216797
19.3880615234375
18.059627532958984
31.561744689941406
28.64177703857422
28.64177703857422
28.64177703857422
12.854326248168945
13.346359252929688
19.063732147216797
19.3880615234375
18.059627532958984
16.861862182617188
15.410057067871094
18.084688186645508
19.063732147216797
19.3880615234375
18.059627532958984
19.063732147216797
12.906301498413086
13.725452423095703
18.556058883666992
15.978507995605469
14.469871520996094
12.131969451904297
8.987401962280273
15.978507995605469
14.469871520996094
23.050004959106445
20.227006912231445
23.050004959106445
23.050004959106445
20.227006912231445
40.22891616821289
10.48444938659668
8.653114318847656
12.516189575195312
19.3880615234375
18.059627532958984
8.442632675170898
19.990917205810547
17.792091369628906
19.990917205810547
26.16234588623047
20.955904006958008
18.50074005126953
16.275190353393555
20.955904006958008
18.50074005126953
20.955904006958008
12.54697036743164
11.320806503295898
15.413093566894531
15.575664520263672
9.596527099609375
16.434316635131836
14.618309020996094
18.818273544311523
14.718711853027344
14.429342269897461
14.718711853027344
19.127588272094727
16.575944900512695
19.127588272094727
15.053115844726562
15.849161148071289
15.053115844726562
10.89976692199707
10.302047729492188
10.89976692199707
15.978507995605469
14.469871520996094
7.718210220336914
22.975215911865234
48.159393310546875
18.417821884155273
20.831863403320312
18.417821884155273
7.96076774597168
10.18429946899414
8.69310188293457
11.73652458190918
12.341279983520508
14.431880950927734
20.955904006958008
18.50074005126953
14.965631484985352
17.9296875
19.46605110168457
15.55988883972168
7.8961944580078125
12.795169830322266
8.332168579101562
8.2796630859375
12.96075439453125
14.658248901367188
17.7961483001709
15.870368957519531
31.627511978149414
17.860702514648438
16.130619049072266
9.593387603759766
10.794136047363281
7.161956787109375
13.06875991821289
10.231189727783203
16.16990089416504
12.462711334228516
16.16990089416504
15.677078247070312
7.798881530761719
20.0375919342041
16.484027862548828
16.46320915222168
7.729753494262695
16.773883819580078
18.38238525390625
16.755308151245117
18.35309600830078
7.171854019165039
19.232511520385742
15.540412902832031
19.232511520385742
13.408517837524414
15.340431213378906
14.317756652832031
15.340431213378906
15.340431213378906
14.317756652832031
20.69765281677246
20.92242431640625
20.69765281677246
15.340431213378906
14.317756652832031
15.340431213378906
13.887445449829102
16.459091186523438
15.083484649658203
15.340431213378906
14.317756652832031
14.118980407714844
15.340431213378906
14.317756652832031
15.340431213378906
22.62110137939453
13.960105895996094
22.62110137939453
15.340431213378906
14.317756652832031
15.340431213378906
14.317756652832031
15.340431213378906
15.740478515625
16.884689331054688
15.588186264038086
15.699670791625977
22.04853630065918
18.719749450683594
16.537811279296875
7.203340530395508
15.703731536865234
10.593448638916016
20.713958740234375
18.944934844970703
20.398174285888672
18.944934844970703
21.122087478637695
24.510494232177734
21.122087478637695
15.201452255249023
13.414356231689453
15.201452255249023
12.099262237548828
23.491104125976562
6.634860992431641
13.465290069580078
23.381359100341797
13.465290069580078
13.501007080078125
15.340431213378906
14.317756652832031
24.029308319091797
19.825382232666016
22.86190414428711
15.340431213378906
14.317756652832031
15.201452255249023
13.414356231689453
15.201452255249023
26.13644790649414
15.906414031982422
11.621524810791016
15.906414031982422
11.320806503295898
15.413093566894531
15.575664520263672
8.29104232788086
15.906414031982422
11.621524810791016
15.906414031982422
15.906414031982422
11.621524810791016
15.340431213378906
14.317756652832031
10.217708587646484
14.976707458496094
15.448526382446289
25.854759216308594
15.448562622070312
6.847526550292969
8.970979690551758
18.943592071533203
20.39733123779297
