10.560531616210938
10.559053421020508
23.119613647460938
15.489677429199219
15.4002685546875
17.597698211669922
3.0053367614746094
21.20610809326172
13.822418212890625
13.925521850585938
7.085643768310547
8.988960266113281
36.074581146240234
3.2777328491210938
9.868928909301758
13.744709014892578
17.02587890625
11.11050033569336
8.467491149902344
11.170528411865234
19.84781265258789
19.159175872802734
15.291353225708008
13.822418212890625
11.067455291748047
2.994762420654297
11.001323699951172
19.524734497070312
24.848621368408203
9.643848419189453
3.8771324157714844
8.045682907104492
13.28066635131836
9.12858772277832
9.88833236694336
14.072986602783203
13.822418212890625
12.676239013671875
19.09103012084961
40.73255157470703
16.655929565429688
25.640457153320312
11.187307357788086
8.580692291259766
3.141551971435547
9.052349090576172
4.0595550537109375
8.923576354980469
9.595512390136719
12.269182205200195
11.386497497558594
19.780973434448242
23.232521057128906
16.091144561767578
17.72215461730957
9.224811553955078
9.88833236694336
8.045682907104492
18.724885940551758
21.191448211669922
3.9298667907714844
20.905447006225586
9.809694290161133
10.559053421020508
17.24863052368164
11.540828704833984
12.532110214233398
3.6940345764160156
27.040489196777344
9.88833236694336
14.307315826416016
25.80796241760254
16.750823974609375
9.367498397827148
15.047248840332031
13.67558479309082
8.777362823486328
12.462581634521484
15.501777648925781
8.83218765258789
17.162851333618164
23.604183197021484
21.393102645874023
14.412528991699219
17.24863052368164
19.411123275756836
3.6127052307128906
11.305704116821289
21.61905860900879
19.027379989624023
15.996763229370117
21.20610809326172
18.116615295410156
20.905447006225586
12.096281051635742
25.219127655029297
15.700458526611328
9.809694290161133
19.159175872802734
19.84781265258789
9.157215118408203
5.517986297607422
20.267478942871094
11.159172058105469
20.629106521606445
12.995962142944336
8.573822021484375
13.552936553955078
19.25833511352539
3.441133499145508
10.404949188232422
19.411123275756836
12.118631362915039
11.454460144042969
17.14369010925293
16.318771362304688
12.118631362915039
13.049510955810547
17.158187866210938
2.2656402587890625
19.392948150634766
19.027379989624023
4.999370574951172
18.31558609008789
15.291353225708008
15.46293830871582
10.028545379638672
19.84781265258789
13.055183410644531
11.929403305053711
9.57834243774414
4.24420166015625
13.28066635131836
12.374523162841797
23.612503051757812
12.948575973510742
10.68060302734375
27.835437774658203
8.686660766601562
15.420129776000977
15.023345947265625
9.14511489868164
15.457826614379883
25.219127655029297
13.235610961914062
5.757650375366211
14.412528991699219
20.32683563232422
8.75912094116211
9.052349090576172
12.874088287353516
15.291353225708008
12.707523345947266
16.318771362304688
18.80291748046875
11.617898941040039
13.020608901977539
9.224811553955078
5.791667938232422
13.265439987182617
13.049510955810547
17.288528442382812
7.783237457275391
20.267478942871094
8.33016586303711
2.6414756774902344
9.89229965209961
13.896827697753906
8.045682907104492
20.905447006225586
13.338998794555664
13.28066635131836
5.657321929931641
18.046428680419922
19.027379989624023
14.520608901977539
12.910659790039062
26.163787841796875
17.11296272277832
5.798030853271484
17.950517654418945
7.277050018310547
15.375045776367188
19.780973434448242
21.20610809326172
10.13970947265625
25.879806518554688
20.905447006225586
16.30588150024414
21.20610809326172
5.757650375366211
9.157215118408203
6.831317901611328
5.831945419311523
11.12613296508789
6.363615036010742
17.11296272277832
14.132341384887695
9.88833236694336
10.034259796142578
9.88833236694336
20.358966827392578
10.40484619140625
20.267478942871094
11.15167236328125
25.219127655029297
21.20610809326172
15.984073638916016
9.224811553955078
23.250591278076172
9.81637191772461
19.027379989624023
8.769363403320312
20.59136199951172
20.28247833251953
15.677448272705078
16.98843002319336
16.30588150024414
16.197702407836914
13.589668273925781
9.152469635009766
20.905447006225586
15.008352279663086
20.017765045166016
9.202171325683594
17.23333168029785
17.24863052368164
54.64944076538086
19.726818084716797
15.420129776000977
8.805360794067383
13.049510955810547
13.28066635131836
15.98025131225586
2.418781280517578
18.930681228637695
45.196250915527344
14.314537048339844
12.105184555053711
16.98843002319336
10.902923583984375
9.224811553955078
16.417757034301758
4.764518737792969
7.991283416748047
17.24863052368164
5.025760650634766
14.307315826416016
6.918254852294922
5.188022613525391
2.2656402587890625
32.08994674682617
11.179889678955078
7.744268417358398
9.203378677368164
10.560531616210938
25.219127655029297
11.159172058105469
9.953136444091797
13.975744247436523
21.542850494384766
14.083065032958984
19.12247085571289
20.59136199951172
17.24863052368164
9.390064239501953
10.20406723022461
21.457101821899414
18.132949829101562
9.693586349487305
13.822418212890625
18.535140991210938
1.6374950408935547
12.817707061767578
11.159172058105469
15.313652038574219
10.68060302734375
14.284475326538086
21.191448211669922
13.18528938293457
9.88833236694336
18.171340942382812
11.617898941040039
8.037961959838867
3.746906280517578
15.693679809570312
10.560531616210938
9.052349090576172
13.18528938293457
10.93783950805664
10.40484619140625
15.291353225708008
18.31558609008789
13.235610961914062
12.118631362915039
10.882198333740234
18.29549789428711
13.552936553955078
10.441797256469727
5.64752197265625
24.63857650756836
14.886688232421875
9.956157684326172
19.942440032958984
11.051387786865234
10.902923583984375
18.046428680419922
17.2048282623291
17.02587890625
9.643848419189453
11.067455291748047
11.12613296508789
5.757650375366211
9.157215118408203
17.101459503173828
10.559053421020508
12.118631362915039
11.159172058105469
3.479583740234375
12.817707061767578
19.780973434448242
15.291353225708008
35.31483459472656
4.025791168212891
11.617898941040039
13.822418212890625
16.091144561767578
15.245983123779297
21.20610809326172
12.817707061767578
24.3381404876709
12.462581634521484
17.726520538330078
17.02587890625
10.004583358764648
9.157215118408203
13.752910614013672
9.12858772277832
9.868928909301758
11.201278686523438
16.197702407836914
17.24863052368164
15.700458526611328
18.29549789428711
15.291353225708008
20.66956329345703
17.24863052368164
21.457101821899414
9.94472885131836
13.020608901977539
8.045682907104492
8.769363403320312
12.75363540649414
13.777130126953125
16.488021850585938
12.321502685546875
7.744268417358398
11.159172058105469
22.122699737548828
8.045682907104492
9.157215118408203
22.122699737548828
14.000091552734375
7.636806488037109
15.17233657836914
18.930681228637695
11.617898941040039
24.77646827697754
8.262235641479492
16.041685104370117
10.308656692504883
18.489360809326172
9.976497650146484
8.045682907104492
48.26070785522461
18.016250610351562
11.391164779663086
12.85875129699707
9.643848419189453
9.80856704711914
8.412223815917969
7.377939224243164
9.88833236694336
15.457826614379883
21.663063049316406
13.5631103515625
30.689006805419922
8.045162200927734
12.09598159790039
17.248462677001953
22.122180938720703
7.866952896118164
8.522916793823242
19.027637481689453
11.618843078613281
22.940242767333984
24.113975524902344
22.947345733642578
11.066936492919922
25.220083236694336
30.043506622314453
20.94418716430664
20.94418716430664
25.72005844116211
25.72005844116211
25.72005844116211
19.39044189453125
28.28829002380371
46.38829040527344
18.20306396484375
32.24530029296875
45.20507049560547
42.873477935791016
48.27142333984375
25.096824645996094
18.19487762451172
17.8149356842041
19.690717697143555
16.699359893798828
18.79965591430664
18.985225677490234
23.99635124206543
23.99635124206543
16.959285736083984
23.99635124206543
17.49742317199707
17.938554763793945
33.57259750366211
14.54140853881836
45.09614944458008
35.95827865600586
13.980396270751953
31.598485946655273
13.946937561035156
18.781150817871094
18.305274963378906
18.361194610595703
5.8636932373046875
13.655109405517578
13.966552734375
27.738182067871094
18.305274963378906
37.5726203918457
18.305274963378906
27.519798278808594
18.305274963378906
18.305274963378906
18.305274963378906
18.305274963378906
18.305274963378906
18.305274963378906
18.305274963378906
18.305274963378906
18.305274963378906
18.305274963378906
18.305274963378906
18.305274963378906
18.305274963378906
18.305274963378906
18.305274963378906
18.305274963378906
18.305274963378906
18.305274963378906
13.813228607177734
14.110855102539062
14.109817504882812
14.01513671875
26.526126861572266
13.996910095214844
14.143611907958984
14.050888061523438
36.30573272705078
18.48916244506836
18.48916244506836
12.875185012817383
36.87833023071289
16.197898864746094
15.586894989013672
15.059494018554688
15.146835327148438
15.586894989013672
15.281579971313477
15.26028060913086
9.720298767089844
13.509416580200195
10.897113800048828
5.631292343139648
24.331743240356445
21.191448211669922
21.191448211669922
12.311870574951172
9.403648376464844
11.952434539794922
27.879730224609375
27.879730224609375
24.331743240356445
19.39164924621582
12.937255859375
22.40995216369629
10.013486862182617
72.49301147460938
12.291967391967773
18.20306396484375
29.39702033996582
15.762195587158203
19.69957160949707
15.586894989013672
15.870643615722656
3.6940345764160156
15.08053970336914
16.922786712646484
15.874279022216797
16.922786712646484
16.29431915283203
21.51136589050293
20.45183563232422
15.781635284423828
12.339031219482422
23.16924476623535
29.113170623779297
19.94029426574707
20.811038970947266
17.483402252197266
6.613109588623047
7.486976623535156
13.407363891601562
12.291893005371094
12.321704864501953
9.71466064453125
15.271751403808594
18.70769500732422
15.202491760253906
4.901927947998047
6.372806549072266
14.610797882080078
6.507253646850586
8.936094284057617
21.728843688964844
7.903068542480469
16.140796661376953
14.664424896240234
5.529815673828125
22.966598510742188
11.016990661621094
9.921955108642578
5.113990783691406
5.725059509277344
16.538055419921875
11.674964904785156
11.674964904785156
11.674964904785156
16.538055419921875
16.538055419921875
17.905132293701172
17.905132293701172
9.012805938720703
9.012805938720703
16.538055419921875
16.84481430053711
20.234678268432617
12.362855911254883
8.897449493408203
11.674964904785156
4.21612548828125
17.1259822845459
15.125064849853516
5.286760330200195
5.349470138549805
7.45231819152832
5.08320426940918
8.897449493408203
5.606960296630859
4.003828048706055
10.105951309204102
9.921955108642578
9.921955108642578
9.921955108642578
14.610797882080078
8.366508483886719
9.213985443115234
8.792810440063477
16.538055419921875
12.158302307128906
5.725059509277344
5.725059509277344
16.538055419921875
17.983131408691406
14.784137725830078
7.31488037109375
9.921955108642578
14.610797882080078
24.232337951660156
9.921955108642578
8.897449493408203
4.38017463684082
11.05699348449707
11.070556640625
11.295955657958984
14.610797882080078
8.534046173095703
8.272876739501953
13.799894332885742
16.48134422302246
6.389171600341797
14.576774597167969
11.639141082763672
4.584287643432617
19.93475341796875
14.610797882080078
9.921955108642578
6.319721221923828
14.380308151245117
10.964004516601562
16.377552032470703
14.160329818725586
9.978164672851562
14.610797882080078
5.723772048950195
25.962989807128906
19.262683868408203
15.937599182128906
16.27405548095703
16.43528938293457
24.536468505859375
16.80438232421875
16.149333953857422
17.284568786621094
18.896106719970703
15.762195587158203
12.074092864990234
21.074390411376953
17.483402252197266
18.70769500732422
15.202491760253906
15.271751403808594
15.202491760253906
12.291893005371094
13.407363891601562
12.291893005371094
9.323257446289062
11.017276763916016
6.326910018920898
7.486976623535156
6.613109588623047
7.486976623535156
29.93185806274414
17.1259822845459
43.81039047241211
16.40081024169922
12.817272186279297
16.40081024169922
6.221824645996094
16.40081024169922
12.817272186279297
16.40081024169922
6.197475433349609
25.37503433227539
14.264537811279297
4.918632507324219
15.449142456054688
12.63824462890625
12.430051803588867
12.730180740356445
11.697141647338867
12.730180740356445
12.730180740356445
11.697141647338867
4.032629013061523
13.037059783935547
9.401947021484375
13.037059783935547
12.530445098876953
12.11441421508789
14.220237731933594
11.935791015625
13.797004699707031
10.93783950805664
9.683944702148438
10.93783950805664
15.793033599853516
17.82999038696289
15.793033599853516
9.899009704589844
8.220230102539062
15.411630630493164
15.16305160522461
10.405277252197266
9.012805938720703
9.012805938720703
9.012805938720703
17.905132293701172
17.905132293701172
17.905132293701172
17.905132293701172
9.012805938720703
17.905132293701172
9.012805938720703
9.012805938720703
9.012805938720703
9.012805938720703
17.905132293701172
17.905132293701172
17.905132293701172
5.015110015869141
7.536106109619141
13.037059783935547
9.401947021484375
13.037059783935547
9.321067810058594
14.004562377929688
12.730180740356445
11.697141647338867
12.730180740356445
12.898380279541016
12.730180740356445
11.697141647338867
21.220876693725586
20.332122802734375
21.220876693725586
6.323663711547852
19.155109405517578
20.504159927368164
20.504159927368164
9.672740936279297
12.730180740356445
11.697141647338867
12.730180740356445
11.697141647338867
12.730180740356445
15.106353759765625
9.725643157958984
6.680149078369141
15.501218795776367
16.915245056152344
3.844484329223633
12.2005615234375
10.476228713989258
12.2005615234375
12.096281051635742
8.029945373535156
12.096281051635742
7.690814971923828
8.2442626953125
12.361478805541992
12.789081573486328
12.912813186645508
12.2005615234375
10.476228713989258
12.2005615234375
17.83534812927246
21.191448211669922
17.83534812927246
16.94927978515625
12.78953742980957
12.096281051635742
8.029945373535156
12.096281051635742
12.096281051635742
8.029945373535156
12.730180740356445
11.697141647338867
15.154621124267578
8.589218139648438
15.501218795776367
16.915245056152344
15.501218795776367
12.730180740356445
11.353300094604492
12.303329467773438
23.606090545654297
12.303329467773438
22.417781829833984
17.294677734375
22.417781829833984
22.417781829833984
20.234678268432617
16.84481430053711
20.234678268432617
20.234678268432617
16.84481430053711
51.09661865234375
13.569398880004883
12.076955795288086
16.39505386352539
14.146812438964844
16.39505386352539
15.125064849853516
17.1259822845459
15.125064849853516
11.385177612304688
7.812891006469727
13.822837829589844
15.269218444824219
17.358436584472656
6.562076568603516
30.295841217041016
16.00609588623047
12.076955795288086
11.919532775878906
14.431844711303711
4.36250114440918
8.792810440063477
5.990779876708984
11.755903244018555
10.41021728515625
5.114566802978516
9.012805938720703
9.012805938720703
9.012805938720703
20.930028915405273
9.30313491821289
17.71561050415039
5.922618865966797
9.012805938720703
9.012805938720703
9.012805938720703
9.012805938720703
9.012805938720703
24.331743240356445
14.16366958618164
12.813041687011719
15.405376434326172
20.234678268432617
16.84481430053711
5.389259338378906
27.835437774658203
19.051633834838867
20.2665958404541
13.754493713378906
1.5835609436035156
20.2665958404541
1.5835609436035156
53.77766036987305
41.74578094482422
1.5835609436035156
1.5835609436035156
1.5835609436035156
1.5835609436035156
15.859809875488281
1.5835609436035156
1.5835609436035156
1.5835609436035156
1.5835609436035156
1.5835609436035156
1.5835609436035156
1.5835609436035156
1.5835609436035156
1.5835609436035156
1.5835609436035156
15.74233627319336
31.58938217163086
20.2665958404541
1.5835609436035156
1.5835609436035156
15.74233627319336
1.5835609436035156
1.5835609436035156
1.5835609436035156
15.74233627319336
1.5835609436035156
1.5835609436035156
30.271371841430664
1.5835609436035156
1.5835609436035156
15.74233627319336
16.10927391052246
19.254791259765625
1.5835609436035156
1.5835609436035156
15.74233627319336
1.5835609436035156
1.5835609436035156
1.5835609436035156
15.74233627319336
1.5835609436035156
1.5835609436035156
1.5835609436035156
1.5835609436035156
15.74233627319336
9.459186553955078
12.883806228637695
1.5835609436035156
8.609964370727539
13.498476028442383
1.5835609436035156
15.74233627319336
1.5835609436035156
1.5835609436035156
1.5835609436035156
1.5835609436035156
15.74233627319336
10.628053665161133
11.599872589111328
1.5835609436035156
1.5835609436035156
15.74233627319336
23.867355346679688
1.5835609436035156
1.5835609436035156
10.117467880249023
11.47642707824707
28.497777938842773
14.728199005126953
1.5835609436035156
1.5835609436035156
15.74233627319336
17.203262329101562
17.203262329101562
9.698196411132812
13.995101928710938
17.203262329101562
15.74233627319336
17.203262329101562
17.203262329101562
15.74233627319336
16.428255081176758
16.428255081176758
16.10927391052246
14.59657096862793
16.428255081176758
16.428255081176758
16.242998123168945
14.999275207519531
16.242998123168945
21.42527198791504
15.74233627319336
16.922767639160156
16.922767639160156
13.76420783996582
21.842269897460938
15.74233627319336
16.922767639160156
16.922767639160156
10.51137924194336
19.938982009887695
13.497234344482422
16.922767639160156
30.7007999420166
15.74233627319336
10.628053665161133
12.098827362060547
22.648235321044922
21.75277328491211
17.72544288635254
9.291013717651367
9.789627075195312
13.76420783996582
16.505247116088867
18.20306396484375
22.693382263183594
12.968925476074219
17.72544288635254
12.947582244873047
16.242998123168945
16.15798568725586
15.20339584350586
15.20339584350586
12.931358337402344
12.6837158203125
28.497777938842773
14.356433868408203
12.045581817626953
13.478946685791016
13.057716369628906
15.74233627319336
14.081249237060547
16.242998123168945
14.00788688659668
17.72544288635254
12.921768188476562
12.705642700195312
12.66250991821289
18.492900848388672
12.6837158203125
14.479198455810547
13.918403625488281
14.33871841430664
13.745124816894531
12.566606521606445
18.492900848388672
11.564277648925781
18.492900848388672
15.74233627319336
18.492900848388672
28.497777938842773
17.62036895751953
18.492900848388672
20.911006927490234
11.490259170532227
11.847217559814453
18.492725372314453
20.90952491760254
12.940120697021484
14.999700546264648
27.410932540893555
24.717021942138672
2.9773941040039062
2.9773941040039062
55.84243392944336
2.9773941040039062
24.717021942138672
2.9773941040039062
15.271419525146484
9.048955917358398
19.152442932128906
21.337600708007812
30.18166732788086
2.9773941040039062
2.9773941040039062
2.9773941040039062
2.9773941040039062
2.9773941040039062
2.9773941040039062
2.9773941040039062
2.9773941040039062
43.59764099121094
2.9773941040039062
2.9773941040039062
2.9773941040039062
2.9773941040039062
2.9773941040039062
2.9773941040039062
2.9773941040039062
2.9773941040039062
2.9773941040039062
2.9773941040039062
2.9773941040039062
2.9773941040039062
2.9773941040039062
2.9773941040039062
2.9773941040039062
2.9773941040039062
2.9773941040039062
2.9773941040039062
2.9773941040039062
2.9773941040039062
2.9773941040039062
2.9773941040039062
2.9773941040039062
2.9773941040039062
2.9773941040039062
2.9773941040039062
2.9773941040039062
2.9773941040039062
2.9773941040039062
2.9773941040039062
2.9773941040039062
2.9773941040039062
2.9773941040039062
2.9773941040039062
2.9773941040039062
2.9773941040039062
2.9773941040039062
2.9773941040039062
2.9773941040039062
2.9773941040039062
2.9773941040039062
2.9773941040039062
2.9773941040039062
2.9773941040039062
2.9773941040039062
2.9773941040039062
2.9773941040039062
2.9773941040039062
2.9773941040039062
2.9773941040039062
2.9773941040039062
2.9773941040039062
2.9773941040039062
2.9773941040039062
2.9773941040039062
2.9773941040039062
2.9773941040039062
2.9773941040039062
2.9773941040039062
2.9773941040039062
9.965290069580078
9.658210754394531
4.661067962646484
19.39164924621582
24.619823455810547
21.011383056640625
16.865081787109375
21.011383056640625
16.865081787109375
9.300628662109375
7.498706817626953
7.443824768066406
11.749794006347656
15.649066925048828
12.43722152709961
2.6249427795410156
5.363992691040039
9.658210754394531
4.563407897949219
14.16366958618164
12.813045501708984
12.43722152709961
9.774116516113281
14.16366958618164
11.807056427001953
11.438587188720703
11.634315490722656
11.853256225585938
36.11014175415039
12.43722152709961
6.750858306884766
7.844282150268555
21.011383056640625
16.865081787109375
9.46951675415039
21.011383056640625
16.865081787109375
9.46951675415039
23.699970245361328
16.433185577392578
16.87460708618164
3.278472900390625
14.16366958618164
12.813045501708984
8.125322341918945
16.433185577392578
16.87460708618164
14.903484344482422
16.433185577392578
16.87460708618164
14.903484344482422
30.955249786376953
27.879732131958008
27.879732131958008
27.879732131958008
9.808570861816406
10.424938201904297
16.433185577392578
16.87460708618164
14.903484344482422
14.16366958618164
12.813045501708984
15.405376434326172
16.433185577392578
16.87460708618164
14.903484344482422
16.433185577392578
9.821407318115234
10.739017486572266
16.472814559936523
13.265439987182617
11.759153366088867
8.940610885620117
5.919668197631836
13.265439987182617
11.759153366088867
20.23467445373535
16.844818115234375
20.23467445373535
20.23467445373535
16.844818115234375
38.99306869506836
7.16851806640625
5.200031280517578
9.666799545288086
16.87460708618164
14.903484344482422
5.114566802978516
17.402854919433594
15.115110397338867
17.402854919433594
32.00502395629883
18.263046264648438
15.704761505126953
13.676069259643555
18.263046264648438
15.704761505126953
18.263046264648438
9.230110168457031
8.244258880615234
12.36147689819336
12.789081573486328
6.427848815917969
13.569400787353516
11.757015228271484
16.00609588623047
12.076955795288086
11.91952896118164
12.076955795288086
16.395051956176758
14.146808624267578
16.395051956176758
12.291893005371094
13.407363891601562
12.291893005371094
7.486974716186523
6.6131134033203125
7.486974716186523
13.265439987182617
11.759153366088867
4.526912689208984
21.623035430908203
45.29087829589844
15.125064849853516
17.125978469848633
15.125064849853516
4.822389602661133
6.70380973815918
5.448902130126953
8.792808532714844
9.272510528564453
11.755903244018555
18.263046264648438
15.704761505126953
13.35415267944336
15.238714218139648
16.4224910736084
12.791675567626953
4.494022369384766
11.57718276977539
4.889892578125
5.079002380371094
9.824710845947266
11.964017868041992
14.737564086914062
13.186683654785156
29.80780792236328
14.498893737792969
12.162513732910156
6.561023712158203
7.896411895751953
3.815977096557617
10.271492004394531
7.282222747802734
13.037063598632812
9.401947021484375
13.037063598632812
12.418071746826172
4.458335876464844
17.358440399169922
14.005868911743164
13.822830200195312
4.4786224365234375
12.231422424316406
16.377552032470703
14.160329818725586
16.741531372070312
4.077980041503906
16.40081214904785
12.817272186279297
16.40081214904785
10.569908142089844
12.730180740356445
11.6971435546875
12.730180740356445
12.730180740356445
11.6971435546875
18.716976165771484
18.75098419189453
18.716976165771484
12.730180740356445
11.6971435546875
12.730180740356445
10.988441467285156
13.70989990234375
12.089733123779297
12.730180740356445
11.6971435546875
10.03720474243164
12.730180740356445
11.6971435546875
12.730180740356445
18.68767738342285
11.289316177368164
18.68767738342285
12.730180740356445
11.6971435546875
12.730180740356445
11.6971435546875
12.730180740356445
12.354084014892578
14.404115676879883
12.809059143066406
12.91925048828125
18.70769500732422
15.931602478027344
13.348100662231445
3.961811065673828
11.685482025146484
7.732549667358398
17.598997116088867
15.501218795776367
16.915245056152344
15.501218795776367
17.835344314575195
21.191448211669922
17.835344314575195
12.200557708740234
10.476232528686523
12.200557708740234
8.855703353881836
22.414823532104492
3.313699722290039
10.184385299682617
20.78549575805664
10.184385299682617
12.520187377929688
12.730180740356445
11.6971435546875
21.011383056640625
16.865081787109375
20.113910675048828
12.730180740356445
11.6971435546875
12.200557708740234
10.476232528686523
12.200557708740234
24.676090240478516
12.096281051635742
8.029945373535156
12.096281051635742
8.244258880615234
12.36147689819336
12.789081573486328
5.106891632080078
12.096281051635742
8.029945373535156
12.096281051635742
12.096281051635742
8.029945373535156
12.730180740356445
11.6971435546875
7.044002532958984
11.681537628173828
12.303327560424805
23.60608673095703
12.303230285644531
3.2307090759277344
5.8318939208984375
15.49989128112793
16.91423797607422
