19.586803436279297
21.02665138244629
28.514026641845703
23.467510223388672
23.290918350219727
25.698699951171875
13.706462860107422
30.553794860839844
23.62613868713379
22.442073822021484
15.951335906982422
17.29705047607422
35.91789245605469
14.212677001953125
19.03428077697754
22.077787399291992
24.101974487304688
20.924245834350586
17.028789520263672
20.941997528076172
28.34156036376953
27.59223175048828
25.51655387878418
23.62613868713379
19.926254272460938
14.409927368164062
19.14022445678711
27.991130828857422
28.263023376464844
18.635643005371094
14.382261276245117
18.572296142578125
23.603466033935547
18.60234832763672
19.352031707763672
21.94872283935547
23.62613868713379
22.176836013793945
23.795974731445312
43.62971115112305
23.3936767578125
29.900144577026367
18.278078079223633
17.661426544189453
14.286102294921875
17.534427642822266
14.913335800170898
18.148048400878906
18.306461334228516
20.262802124023438
20.329971313476562
28.449018478393555
30.268047332763672
25.455856323242188
25.770519256591797
17.83563804626465
19.352031707763672
18.572296142578125
26.51043701171875
30.055124282836914
14.327249526977539
28.784658432006836
19.220149993896484
21.02665138244629
27.456974029541016
20.825843811035156
22.82758331298828
17.865407943725586
32.12657928466797
19.352031707763672
23.92857551574707
33.33299255371094
26.88692855834961
19.327884674072266
23.152481079101562
22.05689811706543
18.342348098754883
21.188522338867188
23.696287155151367
19.08785629272461
24.426712036132812
27.59769630432129
30.114839553833008
23.130001068115234
27.456974029541016
25.774703979492188
14.07913589477539
20.734649658203125
29.956653594970703
27.531536102294922
23.859577178955078
30.553794860839844
26.073638916015625
28.784658432006836
23.389141082763672
29.354473114013672
24.507320404052734
19.220149993896484
27.59223175048828
28.34156036376953
19.68401336669922
16.168020248413086
27.97749137878418
20.677410125732422
29.21112060546875
22.301616668701172
17.208393096923828
21.651077270507812
25.937480926513672
14.643177032470703
19.68830680847168
25.774703979492188
20.53313446044922
20.411550521850586
26.50088119506836
25.902393341064453
20.53313446044922
21.762144088745117
23.797815322875977
13.539009094238281
28.08443260192871
27.531536102294922
15.865995407104492
24.10741424560547
25.51655387878418
25.284839630126953
18.98845100402832
28.34156036376953
22.42238998413086
20.075098037719727
18.985614776611328
13.933004379272461
23.603466033935547
20.559886932373047
28.50472640991211
21.471311569213867
19.43779945373535
30.789527893066406
18.82784652709961
22.90401840209961
24.050981521606445
17.72314453125
24.38579750061035
29.354473114013672
22.44620132446289
16.059946060180664
23.130001068115234
26.20124053955078
19.079187393188477
17.534427642822266
21.175922393798828
25.51655387878418
21.314294815063477
25.902393341064453
27.145713806152344
21.614788055419922
21.768604278564453
17.83563804626465
15.245906829833984
21.42254066467285
21.762144088745117
23.291093826293945
18.921077728271484
27.97749137878418
17.851110458374023
14.288225173950195
18.404926300048828
22.563840866088867
18.572296142578125
28.784658432006836
21.47138023376465
23.603466033935547
15.670082092285156
26.26068687438965
27.531536102294922
23.46292495727539
22.43055534362793
29.316600799560547
27.062549591064453
16.98786163330078
26.39064598083496
17.118621826171875
24.560134887695312
28.449018478393555
30.553794860839844
19.569072723388672
33.405616760253906
28.784658432006836
25.828067779541016
30.553794860839844
16.059946060180664
19.68401336669922
15.977235794067383
16.346527099609375
20.56348419189453
15.957313537597656
27.062549591064453
23.5935001373291
19.352031707763672
20.801801681518555
19.352031707763672
25.412948608398438
20.206161499023438
27.97749137878418
21.503021240234375
29.354473114013672
30.553794860839844
23.84130096435547
17.83563804626465
28.645851135253906
18.596506118774414
27.531536102294922
18.142494201660156
25.741668701171875
28.515302658081055
22.898395538330078
27.0753173828125
25.828067779541016
25.005956649780273
22.319652557373047
17.67422103881836
28.784658432006836
23.161094665527344
24.79849624633789
17.790414810180664
28.095731735229492
27.456974029541016
48.91930389404297
25.509979248046875
22.90401840209961
18.350936889648438
21.762144088745117
23.603466033935547
24.68694496154785
13.238792419433594
25.02328872680664
45.17761993408203
24.55438804626465
20.7774658203125
27.0753173828125
20.498613357543945
17.83563804626465
26.85284996032715
14.857711791992188
17.22820281982422
27.456974029541016
14.772773742675781
23.92857551574707
16.881746292114258
15.153205871582031
13.539009094238281
34.97276306152344
19.47678565979004
17.210119247436523
18.884624481201172
19.586803436279297
29.354473114013672
20.677410125732422
20.754281997680664
22.98052215576172
29.744842529296875
22.843538284301758
24.887691497802734
25.741668701171875
27.456974029541016
18.08853530883789
19.555469512939453
29.357282638549805
24.632911682128906
18.286283493041992
23.62613868713379
27.166780471801758
13.37225341796875
20.702409744262695
20.677410125732422
22.167144775390625
19.43779945373535
21.561168670654297
30.055124282836914
21.33476448059082
19.352031707763672
27.567646026611328
21.614788055419922
16.178667068481445
15.070297241210938
21.76490592956543
19.586803436279297
17.534427642822266
21.33476448059082
20.257102966308594
20.206161499023438
25.51655387878418
24.10741424560547
22.44620132446289
20.53313446044922
20.117191314697266
26.239749908447266
21.651077270507812
19.74892234802246
16.382671356201172
30.109813690185547
22.675819396972656
19.001251220703125
25.27667999267578
18.961042404174805
20.498613357543945
26.26068687438965
25.568323135375977
24.101974487304688
18.635643005371094
19.926254272460938
20.56348419189453
16.059946060180664
19.68401336669922
25.336223602294922
21.02665138244629
20.53313446044922
20.677410125732422
13.594013214111328
20.702409744262695
28.449018478393555
25.51655387878418
26.048723220825195
14.212345123291016
21.614788055419922
23.62613868713379
25.455856323242188
24.41359519958496
30.553794860839844
20.702409744262695
31.222394943237305
21.188522338867188
25.26701545715332
24.101974487304688
18.238277435302734
19.68401336669922
23.122379302978516
18.60234832763672
19.03428077697754
19.573699951171875
25.005956649780273
27.456974029541016
24.507320404052734
26.239749908447266
25.51655387878418
27.632457733154297
27.456974029541016
29.357282638549805
19.009597778320312
21.768604278564453
18.572296142578125
18.142494201660156
22.25033187866211
22.460901260375977
25.80052947998047
19.006248474121094
17.210119247436523
20.677410125732422
29.69225311279297
18.572296142578125
19.68401336669922
29.69225311279297
22.54970359802246
16.69460678100586
24.34915542602539
25.02328872680664
21.614788055419922
32.02571105957031
16.658266067504883
25.305416107177734
20.974342346191406
26.82662582397461
18.74578857421875
18.572296142578125
47.48278045654297
27.78329849243164
19.1314640045166
19.904829025268555
18.635643005371094
19.58963966369629
17.066503524780273
18.294904708862305
19.352031707763672
24.38579750061035
26.036785125732422
24.112728118896484
35.82118606567383
18.571754455566406
23.388757705688477
27.457067489624023
29.691991806030273
18.73029327392578
16.53101348876953
27.53192901611328
21.615713119506836
29.9210205078125
31.491413116455078
27.16219139099121
19.926115036010742
29.35504150390625
34.32598876953125
24.232501983642578
24.232501983642578
33.10604476928711
33.10604476928711
33.10604476928711
28.015403747558594
33.829872131347656
46.551124572753906
26.24001121520996
35.633724212646484
47.66264724731445
41.479576110839844
51.854942321777344
32.124000549316406
26.766809463500977
26.67900276184082
28.184791564941406
25.444150924682617
27.41920280456543
27.1536922454834
31.924196243286133
31.924196243286133
26.519073486328125
31.924196243286133
25.971166610717773
27.200586318969727
38.716529846191406
25.269847869873047
48.43939971923828
36.368263244628906
24.650691986083984
38.26683044433594
24.613386154174805
35.029056549072266
34.7024040222168
34.72945022583008
16.587352752685547
24.04167366027832
24.613815307617188
40.95071029663086
34.7024040222168
40.376548767089844
34.7024040222168
35.30335998535156
34.7024040222168
34.7024040222168
34.7024040222168
34.7024040222168
34.7024040222168
34.7024040222168
34.7024040222168
34.7024040222168
34.7024040222168
34.7024040222168
34.7024040222168
34.7024040222168
34.7024040222168
34.7024040222168
34.7024040222168
34.7024040222168
34.7024040222168
34.7024040222168
24.50979232788086
24.550071716308594
24.588916778564453
24.643280029296875
30.650203704833984
24.71026039123535
24.598997116088867
24.67952537536621
38.230384826660156
25.34404754638672
25.34404754638672
22.21468162536621
41.30345916748047
29.47093391418457
28.36017608642578
22.00490951538086
28.561927795410156
28.36017608642578
23.127702713012695
28.051647186279297
19.086200714111328
21.705053329467773
18.610408782958984
15.692813873291016
30.289783477783203
30.055124282836914
30.055124282836914
20.56087303161621
17.971071243286133
20.249462127685547
31.1262264251709
31.1262264251709
30.289783477783203
29.513145446777344
21.122121810913086
29.012157440185547
18.578054428100586
62.7442741394043
20.321483612060547
26.24001121520996
30.544187545776367
28.62483024597168
27.021554946899414
28.36017608642578
29.230281829833984
17.865407943725586
28.423603057861328
29.984859466552734
29.09874725341797
29.984859466552734
25.709470748901367
33.46294403076172
26.209426879882812
27.708974838256836
23.788015365600586
29.890817642211914
37.9528694152832
31.747314453125
33.07099914550781
26.365312576293945
17.690149307250977
18.1295223236084
21.12923240661621
21.01219940185547
22.051624298095703
19.00122833251953
23.252593994140625
28.42416000366211
23.17212677001953
14.926542282104492
16.614267349243164
23.212785720825195
16.445005416870117
18.01274871826172
22.621849060058594
17.635684967041016
23.135311126708984
22.069358825683594
16.257038116455078
30.157058715820312
21.426870346069336
19.39280891418457
15.781927108764648
16.099945068359375
23.698673248291016
20.298538208007812
20.298538208007812
20.298538208007812
23.698673248291016
23.698673248291016
28.786178588867188
28.786178588867188
18.662099838256836
18.662099838256836
23.698673248291016
27.366031646728516
28.867210388183594
19.74870491027832
18.54635238647461
20.298538208007812
14.816394805908203
28.422353744506836
24.923112869262695
15.024173736572266
16.104841232299805
17.436525344848633
15.923171997070312
18.54635238647461
16.231027603149414
15.008504867553711
19.156497955322266
19.39280891418457
19.39280891418457
19.39280891418457
23.212785720825195
18.2025203704834
18.321502685546875
17.966413497924805
23.698673248291016
18.959346771240234
16.099945068359375
16.099945068359375
23.698673248291016
24.62197494506836
26.087839126586914
17.889358520507812
19.39280891418457
23.212785720825195
27.214862823486328
19.39280891418457
18.54635238647461
14.850313186645508
20.930194854736328
21.117677688598633
21.459552764892578
23.212785720825195
18.865137100219727
17.700668334960938
20.580371856689453
23.496212005615234
16.85725975036621
22.204734802246094
19.624834060668945
15.270526885986328
26.234285354614258
23.212785720825195
19.39280891418457
16.353208541870117
23.76407241821289
19.404937744140625
24.270292282104492
23.181053161621094
17.855270385742188
23.212785720825195
16.49636459350586
30.373641967773438
30.521535873413086
26.370250701904297
29.63530731201172
29.656776428222656
29.866668701171875
26.679895401000977
29.413745880126953
30.40750503540039
27.374530792236328
28.62483024597168
20.5974178314209
29.39105987548828
26.365312576293945
28.42416000366211
23.17212677001953
23.252593994140625
23.17212677001953
21.01219940185547
21.12923240661621
21.01219940185547
17.385108947753906
17.83928680419922
16.182174682617188
18.1295223236084
17.690149307250977
18.1295223236084
34.8389892578125
28.422353744506836
49.66874694824219
25.01331329345703
20.976360321044922
25.01331329345703
15.636016845703125
25.01331329345703
20.976360321044922
25.01331329345703
16.21555519104004
30.246273040771484
21.72925567626953
15.30910873413086
24.458389282226562
21.744909286499023
21.518022537231445
21.41792869567871
20.286117553710938
21.41792869567871
21.41792869567871
20.286117553710938
14.245145797729492
22.052764892578125
18.474655151367188
22.052764892578125
21.507062911987305
21.237754821777344
20.3079833984375
21.382286071777344
20.14752197265625
20.257102966308594
18.83133316040039
20.257102966308594
24.65219497680664
26.386110305786133
24.65219497680664
21.522247314453125
17.948589324951172
25.915847778320312
22.393587112426758
20.43573760986328
18.662099838256836
18.662099838256836
18.662099838256836
28.786178588867188
28.786178588867188
28.786178588867188
28.786178588867188
18.662099838256836
28.786178588867188
18.662099838256836
18.662099838256836
18.662099838256836
18.662099838256836
28.786178588867188
28.786178588867188
28.786178588867188
15.143688201904297
17.1026668548584
22.052764892578125
18.474655151367188
22.052764892578125
20.061277389526367
21.53653335571289
21.41792869567871
20.286117553710938
21.41792869567871
22.219858169555664
21.41792869567871
20.286117553710938
29.181251525878906
28.473552703857422
29.181251525878906
16.417293548583984
26.850479125976562
29.000572204589844
29.000572204589844
17.515268325805664
21.41792869567871
20.286117553710938
21.41792869567871
20.286117553710938
21.41792869567871
20.60808753967285
19.152196884155273
16.361433029174805
25.912965774536133
27.24271011352539
14.493047714233398
22.235836029052734
19.86833381652832
22.235836029052734
23.389141082763672
18.612384796142578
23.389141082763672
15.128355026245117
17.909650802612305
21.07595443725586
21.088958740234375
20.60556983947754
22.235836029052734
19.86833381652832
22.235836029052734
27.57159996032715
30.055124282836914
27.57159996032715
21.729244232177734
19.6669921875
23.389141082763672
18.612384796142578
23.389141082763672
23.389141082763672
18.612384796142578
21.41792869567871
20.286117553710938
22.709041595458984
18.247589111328125
25.912965774536133
27.24271011352539
25.912965774536133
21.41792869567871
19.134845733642578
21.64142608642578
29.200456619262695
21.64142608642578
29.569425582885742
24.116933822631836
29.569425582885742
29.569425582885742
28.867210388183594
27.366031646728516
28.867210388183594
28.867210388183594
27.366031646728516
45.26056671142578
21.759220123291016
20.542980194091797
24.650863647460938
22.123882293701172
24.650863647460938
24.923112869262695
28.422353744506836
24.923112869262695
19.710491180419922
17.179523468017578
21.85535430908203
23.76838493347168
25.46249008178711
17.052785873413086
32.23021697998047
23.996007919311523
20.542980194091797
20.116579055786133
21.30082893371582
14.751899719238281
17.966413497924805
16.229995727539062
20.02758026123047
17.48026466369629
15.2132568359375
18.662099838256836
18.662099838256836
18.662099838256836
27.136329650878906
19.763458251953125
25.16400909423828
15.914470672607422
18.662099838256836
18.662099838256836
18.662099838256836
18.662099838256836
18.662099838256836
30.289783477783203
22.084428787231445
20.61469078063965
22.872501373291016
28.867210388183594
27.366031646728516
15.659343719482422
30.789527893066406
26.016315460205078
28.473312377929688
21.87436294555664
18.054977416992188
28.473312377929688
18.054977416992188
47.42790603637695
48.84591293334961
18.054977416992188
18.054977416992188
18.054977416992188
18.054977416992188
24.86265754699707
18.054977416992188
18.054977416992188
18.054977416992188
18.054977416992188
18.054977416992188
18.054977416992188
18.054977416992188
18.054977416992188
18.054977416992188
18.054977416992188
25.20981216430664
34.862186431884766
28.473312377929688
18.054977416992188
18.054977416992188
25.20981216430664
18.054977416992188
18.054977416992188
18.054977416992188
25.20981216430664
18.054977416992188
18.054977416992188
34.56157684326172
18.054977416992188
18.054977416992188
25.20981216430664
24.772016525268555
22.811742782592773
18.054977416992188
18.054977416992188
25.20981216430664
18.054977416992188
18.054977416992188
18.054977416992188
25.20981216430664
18.054977416992188
18.054977416992188
18.054977416992188
18.054977416992188
25.20981216430664
18.68309783935547
20.88775634765625
18.054977416992188
17.337390899658203
21.565052032470703
18.054977416992188
25.20981216430664
18.054977416992188
18.054977416992188
18.054977416992188
18.054977416992188
25.20981216430664
20.756710052490234
19.795330047607422
18.054977416992188
18.054977416992188
25.20981216430664
25.669809341430664
18.054977416992188
18.054977416992188
19.001604080200195
19.580480575561523
33.80458068847656
23.158199310302734
18.054977416992188
18.054977416992188
25.20981216430664
26.8188419342041
26.8188419342041
18.49138641357422
21.89997100830078
26.8188419342041
25.20981216430664
26.8188419342041
26.8188419342041
25.20981216430664
26.28639030456543
26.28639030456543
24.772016525268555
22.154552459716797
26.28639030456543
26.28639030456543
23.510162353515625
22.976511001586914
23.510162353515625
25.53557777404785
25.20981216430664
26.654617309570312
26.654617309570312
23.035140991210938
29.888410568237305
25.20981216430664
26.654617309570312
26.654617309570312
20.221349716186523
28.176555633544922
22.007606506347656
26.654617309570312
35.90540313720703
25.20981216430664
20.756710052490234
20.25692367553711
28.72515296936035
30.233905792236328
27.21497344970703
18.852874755859375
18.38983154296875
23.035140991210938
23.694473266601562
26.24001121520996
27.722591400146484
21.623977661132812
27.21497344970703
20.56968116760254
23.510162353515625
23.467222213745117
22.78740119934082
22.78740119934082
21.42041015625
21.5478515625
33.80458068847656
22.488262176513672
19.892263412475586
21.831558227539062
21.392053604125977
25.20981216430664
22.389707565307617
23.510162353515625
21.351119995117188
27.21497344970703
21.657447814941406
21.120132446289062
21.323854446411133
27.640439987182617
21.5478515625
22.967350006103516
21.422794342041016
22.258241653442383
22.03868293762207
20.439373016357422
27.640439987182617
19.812679290771484
27.640439987182617
25.20981216430664
27.640439987182617
33.80458068847656
25.805923461914062
27.640439987182617
29.474517822265625
19.762903213500977
20.451065063476562
27.639955520629883
29.473159790039062
22.702707290649414
24.254444122314453
30.612991333007812
30.10491371154785
17.428258895874023
17.428258895874023
53.639259338378906
17.428258895874023
30.10491371154785
17.428258895874023
23.255380630493164
19.093647003173828
26.114477157592773
25.44102668762207
33.47793197631836
17.428258895874023
17.428258895874023
17.428258895874023
17.428258895874023
17.428258895874023
17.428258895874023
17.428258895874023
17.428258895874023
45.09696960449219
17.428258895874023
17.428258895874023
17.428258895874023
17.428258895874023
17.428258895874023
17.428258895874023
17.428258895874023
17.428258895874023
17.428258895874023
17.428258895874023
17.428258895874023
17.428258895874023
17.428258895874023
17.428258895874023
17.428258895874023
17.428258895874023
17.428258895874023
17.428258895874023
17.428258895874023
17.428258895874023
17.428258895874023
17.428258895874023
17.428258895874023
17.428258895874023
17.428258895874023
17.428258895874023
17.428258895874023
17.428258895874023
17.428258895874023
17.428258895874023
17.428258895874023
17.428258895874023
17.428258895874023
17.428258895874023
17.428258895874023
17.428258895874023
17.428258895874023
17.428258895874023
17.428258895874023
17.428258895874023
17.428258895874023
17.428258895874023
17.428258895874023
17.428258895874023
17.428258895874023
17.428258895874023
17.428258895874023
17.428258895874023
17.428258895874023
17.428258895874023
17.428258895874023
17.428258895874023
17.428258895874023
17.428258895874023
17.428258895874023
17.428258895874023
17.428258895874023
17.428258895874023
17.428258895874023
17.428258895874023
18.629032135009766
18.26525115966797
14.986743927001953
29.513145446777344
31.439651489257812
29.46631622314453
25.443431854248047
29.46631622314453
25.443431854248047
18.793123245239258
17.303911209106445
16.954891204833984
19.606861114501953
23.869476318359375
22.25373077392578
13.632087707519531
14.72247314453125
18.26525115966797
14.696531295776367
22.084428787231445
20.61469078063965
22.25373077392578
17.64406967163086
22.084428787231445
20.152132034301758
20.163331985473633
20.492856979370117
20.49063491821289
37.847373962402344
22.25373077392578
16.229087829589844
16.790390014648438
29.46631622314453
25.443431854248047
19.303367614746094
29.46631622314453
25.443431854248047
19.303367614746094
26.629087448120117
24.56147575378418
24.546466827392578
14.944671630859375
22.084428787231445
20.61469078063965
18.229524612426758
24.56147575378418
24.546466827392578
23.225086212158203
24.56147575378418
24.546466827392578
23.225086212158203
33.78108215332031
31.1262264251709
31.1262264251709
31.1262264251709
19.589641571044922
19.86394500732422
24.56147575378418
24.546466827392578
23.225086212158203
22.084428787231445
20.61469078063965
22.872501373291016
24.56147575378418
24.546466827392578
23.225086212158203
24.56147575378418
19.28268814086914
19.79409408569336
23.084880828857422
21.42254066467285
20.29290199279785
18.786405563354492
15.34592056274414
21.42254066467285
20.29290199279785
28.867206573486328
27.36603355407715
28.867206573486328
28.867206573486328
27.36603355407715
42.721221923828125
17.751340866088867
15.457744598388672
18.64743423461914
24.546466827392578
23.225086212158203
15.2132568359375
25.24504280090332
23.279870986938477
25.24504280090332
24.349029541015625
27.572744369506836
24.56806182861328
21.95465850830078
27.572744369506836
24.56806182861328
27.572744369506836
19.762880325317383
17.909652709960938
21.07595443725586
21.088958740234375
16.34188461303711
21.759218215942383
20.29923439025879
23.996004104614258
20.542978286743164
20.116580963134766
20.542978286743164
24.650863647460938
22.123882293701172
24.650863647460938
21.01219940185547
21.12923240661621
21.01219940185547
18.1295223236084
17.690147399902344
18.1295223236084
21.42254066467285
20.29290199279785
14.614412307739258
26.112834930419922
47.98611068725586
24.923112869262695
28.422351837158203
24.923112869262695
14.59249496459961
17.74736785888672
15.547477722167969
17.966413497924805
18.775436401367188
20.02758026123047
27.572744369506836
24.56806182861328
20.158550262451172
23.75204849243164
25.849031448364258
21.501039505004883
15.191337585449219
19.10978126525879
15.356832504272461
15.298395156860352
19.774263381958008
20.64553451538086
24.117107391357422
22.182071685791016
34.139854431152344
24.431678771972656
22.54925537109375
16.13343048095703
16.63846206665039
14.3812255859375
18.62217903137207
16.622623443603516
22.052766799926758
18.474655151367188
22.052766799926758
22.33968734741211
14.75338363647461
25.46249008178711
21.927967071533203
21.85535430908203
14.807323455810547
22.895957946777344
24.270292282104492
23.181053161621094
21.797325134277344
14.039175033569336
25.0133113861084
20.976360321044922
25.0133113861084
18.646381378173828
21.41792869567871
20.286117553710938
21.41792869567871
21.41792869567871
20.286117553710938
26.538848876953125
26.82057762145996
26.538848876953125
21.41792869567871
20.286117553710938
21.41792869567871
19.63983154296875
21.686861038208008
20.879287719726562
21.41792869567871
20.286117553710938
20.056724548339844
21.41792869567871
20.286117553710938
21.41792869567871
27.82351303100586
18.903566360473633
27.82351303100586
21.41792869567871
20.286117553710938
21.41792869567871
20.286117553710938
21.41792869567871
22.386213302612305
22.0234375
21.087814331054688
21.203208923339844
28.424165725708008
25.104127883911133
23.268783569335938
14.209127426147461
20.94120979309082
16.815837860107422
26.694095611572266
25.912965774536133
27.24271011352539
25.912965774536133
27.571603775024414
30.055126190185547
27.571603775024414
22.235836029052734
19.86833381652832
22.235836029052734
19.21053695678711
27.172447204589844
14.140497207641602
19.586732864379883
27.497045516967773
19.586732864379883
20.24521255493164
21.41792869567871
20.286117553710938
29.46631622314453
25.443431854248047
27.613189697265625
21.41792869567871
20.286117553710938
22.235836029052734
19.86833381652832
22.235836029052734
27.73763656616211
23.389141082763672
18.612384796142578
23.389141082763672
17.909652709960938
21.07595443725586
21.088958740234375
15.262151718139648
23.389141082763672
18.612384796142578
23.389141082763672
23.389141082763672
18.612384796142578
21.41792869567871
20.286117553710938
16.523813247680664
21.727088928222656
21.641429901123047
29.200450897216797
21.641590118408203
14.421382904052734
15.544279098510742
25.911884307861328
27.24211883544922
