29.05865478515625
31.60558319091797
34.72290802001953
31.968229293823242
31.45762825012207
32.725101470947266
25.61282730102539
41.059051513671875
32.68065643310547
30.24839973449707
27.098167419433594
27.33234977722168
35.22378921508789
27.267589569091797
29.316612243652344
29.29175567626953
33.54688262939453
30.76335906982422
26.052982330322266
31.774124145507812
36.56550216674805
36.31227111816406
36.9433479309082
32.68065643310547
29.141931533813477
26.63552474975586
27.331464767456055
36.47863006591797
33.93270492553711
28.109193801879883
26.429744720458984
29.905052185058594
32.76685333251953
29.518218994140625
29.45330238342285
30.067739486694336
32.68065643310547
36.913414001464844
35.06645584106445
38.88762664794922
29.787296295166016
33.069820404052734
29.673851013183594
27.025070190429688
26.789382934570312
27.882505416870117
27.28268814086914
28.097862243652344
28.789352416992188
30.974082946777344
28.811052322387695
36.686119079589844
33.750953674316406
35.304298400878906
33.040340423583984
27.570646286010742
29.45330238342285
29.905052185058594
32.81945037841797
38.98964309692383
26.53158950805664
37.670833587646484
30.257577896118164
31.60558319091797
37.22267150878906
30.526229858398438
32.165260314941406
31.841997146606445
36.25193405151367
29.45330238342285
33.26530838012695
41.663204193115234
36.74350357055664
30.67070960998535
31.2005672454834
30.647245407104492
38.66117858886719
29.532312393188477
33.33888244628906
34.68671417236328
30.398483276367188
34.23846435546875
37.83623123168945
31.480491638183594
37.22267150878906
31.454998016357422
25.90817642211914
29.50298500061035
36.855262756347656
36.22670364379883
30.930381774902344
41.059051513671875
32.351585388183594
37.670833587646484
33.11351013183594
32.97377395629883
35.168678283691406
30.257577896118164
36.31227111816406
36.56550216674805
30.58123016357422
27.74068832397461
34.79979705810547
30.526084899902344
35.70216751098633
30.685745239257812
27.36664581298828
29.46826171875
32.3189582824707
26.925411224365234
38.49530029296875
31.454998016357422
29.713571548461914
28.8857364654541
36.809349060058594
34.368160247802734
29.713571548461914
29.991212844848633
29.34929084777832
26.425052642822266
34.83552932739258
36.22670364379883
27.147693634033203
30.300342559814453
36.9433479309082
34.61027145385742
27.386409759521484
36.56550216674805
32.91725158691406
29.862146377563477
29.233417510986328
26.213855743408203
32.76685333251953
28.05063819885254
32.55601501464844
29.857851028442383
29.432817459106445
34.98740005493164
29.951997756958008
30.495628356933594
33.495758056640625
26.906105041503906
33.5156364440918
32.97377395629883
32.84444808959961
26.517719268798828
31.480491638183594
36.27278137207031
30.029884338378906
27.882505416870117
30.65642547607422
36.9433479309082
29.505714416503906
34.368160247802734
36.031612396240234
33.55393981933594
30.60068702697754
27.570646286010742
26.294050216674805
30.186031341552734
29.991212844848633
31.958999633789062
29.79726791381836
34.79979705810547
28.67548179626465
27.10239028930664
27.443208694458008
32.08315658569336
29.905052185058594
37.670833587646484
29.80384063720703
32.76685333251953
27.139999389648438
32.70173263549805
36.22670364379883
33.19731140136719
31.56182098388672
38.82681655883789
36.625614166259766
28.310762405395508
35.506919860839844
28.353307723999023
33.76806640625
36.686119079589844
41.059051513671875
34.70598220825195
39.265193939208984
37.670833587646484
35.21686935424805
41.059051513671875
26.517719268798828
30.58123016357422
26.665367126464844
28.27598762512207
29.851224899291992
26.96070098876953
36.625614166259766
32.46847915649414
29.45330238342285
31.682558059692383
29.45330238342285
29.93230628967285
31.152362823486328
34.79979705810547
30.669179916381836
32.97377395629883
41.059051513671875
35.832763671875
27.570646286010742
38.99456787109375
29.540193557739258
36.22670364379883
28.372116088867188
31.24234390258789
31.865032196044922
28.853681564331055
36.8707275390625
35.21686935424805
32.041419982910156
30.920190811157227
27.609882354736328
37.670833587646484
34.22712326049805
29.473480224609375
27.654891967773438
37.74574279785156
37.22267150878906
46.2584228515625
33.91645812988281
30.495628356933594
28.713054656982422
29.991212844848633
32.76685333251953
33.69882583618164
25.985288619995117
32.43832778930664
41.618011474609375
34.48648452758789
29.048538208007812
36.8707275390625
30.43512725830078
27.570646286010742
38.38429641723633
26.563566207885742
27.75411605834961
37.22267150878906
26.50191879272461
33.26530838012695
37.11143493652344
26.48889923095703
26.425052642822266
37.17279815673828
28.725011825561523
27.663780212402344
28.5345458984375
29.05865478515625
32.97377395629883
30.526084899902344
32.06730270385742
32.941688537597656
36.95097351074219
33.49428939819336
29.929981231689453
31.24234390258789
37.22267150878906
27.966066360473633
30.30074691772461
36.78998947143555
31.667705535888672
27.84308433532715
32.68065643310547
36.31639099121094
26.39688491821289
28.690046310424805
30.526084899902344
30.166236877441406
29.432817459106445
28.693456649780273
38.98964309692383
30.07656478881836
29.45330238342285
35.23337936401367
33.55393981933594
26.702207565307617
27.18310546875
28.07659149169922
29.05865478515625
27.882505416870117
30.07656478881836
30.937780380249023
31.152362823486328
36.9433479309082
30.300342559814453
32.84444808959961
29.713571548461914
29.74740982055664
33.46302795410156
29.46826171875
29.339702606201172
27.4539852142334
32.1630859375
33.001136779785156
29.165477752685547
31.455547332763672
28.67319107055664
30.43512725830078
32.70173263549805
35.845062255859375
33.54688262939453
28.109193801879883
29.141931533813477
29.851224899291992
26.517719268798828
30.58123016357422
32.42407989501953
31.60558319091797
29.713571548461914
30.526084899902344
25.74512481689453
28.690046310424805
36.686119079589844
36.9433479309082
30.652965545654297
25.720903396606445
33.55393981933594
32.68065643310547
35.304298400878906
32.690589904785156
41.059051513671875
28.690046310424805
38.691009521484375
29.532312393188477
33.120548248291016
33.54688262939453
27.755144119262695
30.58123016357422
33.957176208496094
29.518218994140625
29.316612243652344
29.20020866394043
32.041419982910156
37.22267150878906
35.168678283691406
33.46302795410156
36.9433479309082
32.29729080200195
37.22267150878906
36.78998947143555
29.42669677734375
30.60068702697754
29.905052185058594
28.372116088867188
32.5775032043457
32.062435150146484
35.89653015136719
27.657684326171875
27.663780212402344
30.526084899902344
37.241798400878906
29.905052185058594
30.58123016357422
37.241798400878906
31.107192993164062
26.93613052368164
33.673919677734375
32.43832778930664
33.55393981933594
38.43711853027344
27.15130043029785
34.69310760498047
31.538066864013672
35.171226501464844
28.955631256103516
29.905052185058594
38.96794509887695
37.70037841796875
28.09482765197754
27.284690856933594
28.109193801879883
30.421520233154297
26.392812728881836
30.124828338623047
29.45330238342285
33.5156364440918
34.38722610473633
34.686553955078125
34.86705017089844
29.904695510864258
33.113407135009766
37.22281265258789
37.24177551269531
29.54938316345215
27.25617790222168
36.227020263671875
33.55469512939453
34.1383056640625
35.8883056640625
37.59164047241211
29.14202117919922
32.973793029785156
38.17692947387695
30.658653259277344
30.658653259277344
38.62653732299805
38.62653732299805
38.62653732299805
33.77003479003906
35.75732421875
48.051300048828125
34.054534912109375
41.09767150878906
50.32402038574219
47.08451843261719
59.08878707885742
35.25492858886719
34.587562561035156
34.28003692626953
35.15102005004883
33.922584533691406
34.717491149902344
34.95795440673828
35.25544738769531
35.25544738769531
33.57511901855469
35.25544738769531
32.033912658691406
33.92806625366211
37.62528610229492
42.610816955566406
41.039432525634766
42.88544464111328
42.328453063964844
38.39814376831055
42.222877502441406
71.17817687988281
71.27677917480469
71.04774475097656
27.361385345458984
41.34201431274414
42.28204345703125
66.6505355834961
71.27677917480469
38.25202941894531
71.27677917480469
38.330665588378906
71.27677917480469
71.27677917480469
71.27677917480469
71.27677917480469
71.27677917480469
71.27677917480469
71.27677917480469
71.27677917480469
71.27677917480469
71.27677917480469
71.27677917480469
71.27677917480469
71.27677917480469
71.27677917480469
71.27677917480469
71.27677917480469
71.27677917480469
71.27677917480469
42.159671783447266
42.16613006591797
42.373291015625
42.21343994140625
40.34697723388672
42.850852966308594
41.84333801269531
42.26487731933594
39.49718475341797
31.30681610107422
31.30681610107422
32.754852294921875
47.18403244018555
38.637935638427734
38.306758880615234
31.906156539916992
38.34705352783203
38.306758880615234
31.67530059814453
38.11602020263672
29.09219741821289
31.214994430541992
27.312999725341797
26.709789276123047
34.050621032714844
38.98964309692383
38.98964309692383
28.13498878479004
27.307485580444336
28.265161514282227
35.980323791503906
35.980323791503906
34.050621032714844
39.247127532958984
28.8218994140625
33.03779983520508
27.796768188476562
62.20721435546875
29.190536499023438
34.054534912109375
36.36250305175781
37.52935028076172
33.70913314819336
38.306758880615234
38.57276153564453
31.841997146606445
38.2360725402832
38.841373443603516
38.44631576538086
38.841373443603516
34.54916763305664
41.540435791015625
34.96354675292969
36.85081481933594
34.365455627441406
37.495872497558594
43.39997482299805
39.139739990234375
41.262542724609375
36.674556732177734
29.265003204345703
30.37688446044922
29.740798950195312
30.736663818359375
41.326820373535156
28.526533126831055
32.08706283569336
37.80918884277344
32.0313835144043
27.378652572631836
28.829463958740234
30.087411880493164
28.63260269165039
29.618574142456055
34.196353912353516
29.293550491333008
37.70038604736328
29.13585090637207
27.63585090637207
35.42522048950195
31.11528968811035
28.762699127197266
27.49093246459961
26.355953216552734
30.99346160888672
29.090591430664062
29.090591430664062
29.090591430664062
30.99346160888672
30.99346160888672
38.17015075683594
38.17015075683594
29.152877807617188
29.152877807617188
30.99346160888672
37.35498046875
38.853538513183594
31.00343132019043
28.403823852539062
29.090591430664062
26.510560989379883
38.062347412109375
35.22035598754883
27.023311614990234
27.535877227783203
28.996158599853516
27.486007690429688
28.403823852539062
27.478984832763672
26.828462600708008
27.893754959106445
28.762699127197266
28.762699127197266
28.762699127197266
30.087411880493164
29.50286865234375
28.583484649658203
27.94124984741211
30.99346160888672
28.119808197021484
26.355953216552734
26.355953216552734
30.99346160888672
37.100040435791016
37.951026916503906
38.36959457397461
28.762699127197266
30.087411880493164
32.344215393066406
28.762699127197266
28.403823852539062
26.901294708251953
30.510597229003906
30.04831886291504
30.521278381347656
30.087411880493164
29.105113983154297
37.80359649658203
29.534347534179688
35.609310150146484
27.707571029663086
35.32737731933594
28.088645935058594
27.25197982788086
33.89549255371094
30.087411880493164
28.762699127197266
28.59003448486328
31.806068420410156
28.793466567993164
33.6074333190918
33.02280044555664
28.197139739990234
30.087411880493164
27.45862579345703
33.169979095458984
39.3009033203125
34.226966857910156
38.787864685058594
39.18975067138672
36.89365768432617
34.083866119384766
39.04087829589844
39.121131896972656
34.68827438354492
37.52935028076172
30.12910270690918
37.1605224609375
36.674556732177734
37.80918884277344
32.0313835144043
32.08706283569336
32.0313835144043
30.736663818359375
29.740798950195312
30.736663818359375
28.528610229492188
28.863182067871094
27.36126708984375
30.37688446044922
29.265003204345703
30.37688446044922
42.19923782348633
38.062347412109375
55.784568786621094
33.197059631347656
29.896066665649414
33.197059631347656
27.1838321685791
33.197059631347656
29.896066665649414
33.197059631347656
27.159168243408203
32.01812744140625
28.201255798339844
26.188411712646484
33.43058395385742
32.315826416015625
32.428611755371094
33.591163635253906
30.461692810058594
33.591163635253906
33.591163635253906
30.461692810058594
25.59654426574707
32.3608512878418
28.950956344604492
32.3608512878418
41.57832336425781
41.18194580078125
41.04349136352539
40.75727844238281
40.689613342285156
30.937780380249023
28.43254852294922
30.937780380249023
32.97966384887695
34.74800109863281
32.97966384887695
37.66224670410156
27.697975158691406
36.026554107666016
32.45410919189453
30.944072723388672
29.152877807617188
29.152877807617188
29.152877807617188
38.17015075683594
38.17015075683594
38.17015075683594
38.17015075683594
29.152877807617188
38.17015075683594
29.152877807617188
29.152877807617188
29.152877807617188
29.152877807617188
38.17015075683594
38.17015075683594
38.17015075683594
26.22014617919922
28.372119903564453
32.3608512878418
28.950956344604492
32.3608512878418
39.37511444091797
28.4465389251709
33.591163635253906
30.461692810058594
33.591163635253906
35.73615646362305
33.591163635253906
30.461692810058594
37.27768325805664
36.49715805053711
37.27768325805664
28.160667419433594
33.28219223022461
35.063133239746094
35.063133239746094
27.260581970214844
33.591163635253906
30.461692810058594
33.591163635253906
30.461692810058594
33.591163635253906
31.680009841918945
28.21476936340332
26.782718658447266
37.35707473754883
36.59102249145508
26.645641326904297
33.37600326538086
30.332374572753906
33.37600326538086
33.11351013183594
29.874462127685547
33.11351013183594
27.703466415405273
29.66183853149414
29.984228134155273
31.28261947631836
28.774215698242188
33.37600326538086
30.332374572753906
33.37600326538086
37.39204406738281
38.98964309692383
37.39204406738281
31.3488712310791
28.193405151367188
33.11351013183594
29.874462127685547
33.11351013183594
33.11351013183594
29.874462127685547
33.591163635253906
30.461692810058594
29.125722885131836
28.981496810913086
37.35707473754883
36.59102249145508
37.35707473754883
33.591163635253906
27.67485809326172
31.47962188720703
31.658761978149414
31.47962188720703
34.428768157958984
30.3990535736084
34.428768157958984
34.428768157958984
38.853538513183594
37.35498046875
38.853538513183594
38.853538513183594
37.35498046875
40.43541717529297
30.091100692749023
30.068876266479492
32.87690353393555
30.918655395507812
32.87690353393555
35.22035598754883
38.062347412109375
35.22035598754883
28.288860321044922
28.446006774902344
30.891347885131836
32.036922454833984
33.12510299682617
28.772132873535156
32.91712951660156
31.42272186279297
30.068876266479492
29.815881729125977
28.253032684326172
25.844688415527344
27.94124984741211
26.958454132080078
30.400157928466797
27.381521224975586
25.736854553222656
29.152877807617188
29.152877807617188
29.152877807617188
32.58289337158203
30.585201263427734
33.84764099121094
26.55642318725586
29.152877807617188
29.152877807617188
29.152877807617188
29.152877807617188
29.152877807617188
34.050621032714844
29.35053253173828
28.74515151977539
29.853145599365234
38.853538513183594
37.35498046875
26.470378875732422
34.98740005493164
33.16875076293945
38.24799728393555
30.70990753173828
42.458595275878906
38.24799728393555
42.458595275878906
49.82709503173828
53.97539520263672
42.458595275878906
42.458595275878906
42.458595275878906
42.458595275878906
34.05527114868164
42.458595275878906
42.458595275878906
42.458595275878906
42.458595275878906
42.458595275878906
42.458595275878906
42.458595275878906
42.458595275878906
42.458595275878906
42.458595275878906
33.60578918457031
47.82557678222656
38.24799728393555
42.458595275878906
42.458595275878906
33.60578918457031
42.458595275878906
42.458595275878906
42.458595275878906
33.60578918457031
42.458595275878906
42.458595275878906
35.228248596191406
42.458595275878906
42.458595275878906
33.60578918457031
34.46506881713867
30.409652709960938
42.458595275878906
42.458595275878906
33.60578918457031
42.458595275878906
42.458595275878906
42.458595275878906
33.60578918457031
42.458595275878906
42.458595275878906
42.458595275878906
42.458595275878906
33.60578918457031
29.069719314575195
29.024574279785156
42.458595275878906
27.313953399658203
31.032779693603516
42.458595275878906
33.60578918457031
42.458595275878906
42.458595275878906
42.458595275878906
42.458595275878906
33.60578918457031
31.046035766601562
29.512598037719727
42.458595275878906
42.458595275878906
33.60578918457031
28.690107345581055
42.458595275878906
42.458595275878906
27.612844467163086
28.3814640045166
40.54117965698242
30.7661190032959
42.458595275878906
42.458595275878906
33.60578918457031
36.259361267089844
36.259361267089844
29.19765853881836
29.332033157348633
36.259361267089844
33.60578918457031
36.259361267089844
36.259361267089844
33.60578918457031
35.648983001708984
35.648983001708984
34.46506881713867
30.26103973388672
35.648983001708984
35.648983001708984
33.824432373046875
30.499786376953125
33.824432373046875
29.859088897705078
33.60578918457031
35.486629486083984
35.486629486083984
33.356300354003906
32.68004608154297
33.60578918457031
35.486629486083984
35.486629486083984
30.7525691986084
31.66131591796875
29.890365600585938
35.486629486083984
38.7470817565918
33.60578918457031
31.046035766601562
29.13999366760254
32.58290481567383
35.839447021484375
35.423973083496094
29.702289581298828
28.278169631958008
33.356300354003906
29.5703067779541
34.054534912109375
31.929306030273438
29.006084442138672
35.423973083496094
27.864665985107422
33.824432373046875
30.164024353027344
29.189729690551758
29.189729690551758
28.81586456298828
29.227073669433594
40.54117965698242
30.07195472717285
28.203447341918945
29.244836807250977
28.693273544311523
33.60578918457031
29.258161544799805
33.824432373046875
29.97835922241211
35.423973083496094
29.14803123474121
28.98465919494629
29.20108413696289
35.31124496459961
29.227073669433594
30.238487243652344
29.06910514831543
29.087242126464844
28.972402572631836
28.45294952392578
35.31124496459961
28.201950073242188
35.31124496459961
33.60578918457031
35.31124496459961
40.54117965698242
30.697751998901367
35.31124496459961
36.68695068359375
27.822673797607422
28.709360122680664
35.311058044433594
36.686031341552734
31.663124084472656
33.69914245605469
33.273128509521484
33.525577545166016
31.704740524291992
31.704740524291992
53.437644958496094
31.704740524291992
33.525577545166016
31.704740524291992
31.87618064880371
30.168516159057617
31.349853515625
29.619707107543945
38.21863555908203
31.704740524291992
31.704740524291992
31.704740524291992
31.704740524291992
31.704740524291992
31.704740524291992
31.704740524291992
31.704740524291992
40.67622756958008
31.704740524291992
31.704740524291992
31.704740524291992
31.704740524291992
31.704740524291992
31.704740524291992
31.704740524291992
31.704740524291992
31.704740524291992
31.704740524291992
31.704740524291992
31.704740524291992
31.704740524291992
31.704740524291992
31.704740524291992
31.704740524291992
31.704740524291992
31.704740524291992
31.704740524291992
31.704740524291992
31.704740524291992
31.704740524291992
31.704740524291992
31.704740524291992
31.704740524291992
31.704740524291992
31.704740524291992
31.704740524291992
31.704740524291992
31.704740524291992
31.704740524291992
31.704740524291992
31.704740524291992
31.704740524291992
31.704740524291992
31.704740524291992
31.704740524291992
31.704740524291992
31.704740524291992
31.704740524291992
31.704740524291992
31.704740524291992
31.704740524291992
31.704740524291992
31.704740524291992
31.704740524291992
31.704740524291992
31.704740524291992
31.704740524291992
31.704740524291992
31.704740524291992
31.704740524291992
31.704740524291992
31.704740524291992
31.704740524291992
31.704740524291992
31.704740524291992
31.704740524291992
31.704740524291992
31.704740524291992
27.653915405273438
28.18206787109375
27.68118667602539
39.247127532958984
37.37147903442383
35.65285110473633
32.01199722290039
35.65285110473633
32.01199722290039
38.37741470336914
38.457252502441406
38.10365295410156
36.71738052368164
31.042705535888672
31.86241340637207
26.206708908081055
26.062671661376953
28.18206787109375
27.17914390563965
29.35053253173828
28.74515151977539
31.86241340637207
27.59737777709961
29.35053253173828
28.296934127807617
29.533740997314453
28.4680118560791
29.1381893157959
35.980133056640625
31.86241340637207
27.26963996887207
26.220117568969727
35.65285110473633
32.01199722290039
28.269662857055664
35.65285110473633
32.01199722290039
28.269662857055664
31.005329132080078
33.36236572265625
32.69557571411133
27.89154052734375
29.35053253173828
28.74515151977539
27.878408432006836
33.36236572265625
32.69557571411133
30.141796112060547
33.36236572265625
32.69557571411133
30.141796112060547
36.39313888549805
35.980323791503906
35.980323791503906
35.980323791503906
30.421520233154297
30.406049728393555
33.36236572265625
32.69557571411133
30.141796112060547
29.35053253173828
28.74515151977539
29.853145599365234
33.36236572265625
32.69557571411133
30.141796112060547
33.36236572265625
29.312400817871094
28.515844345092773
29.698665618896484
30.186031341552734
29.450843811035156
29.350299835205078
25.853784561157227
30.186031341552734
29.450843811035156
38.853538513183594
37.35498046875
38.853538513183594
38.853538513183594
37.35498046875
56.339725494384766
29.640945434570312
26.292699813842773
28.739120483398438
32.69557571411133
30.141796112060547
25.736854553222656
33.204185485839844
32.16698455810547
33.204185485839844
30.715801239013672
37.0850715637207
34.36921691894531
30.09760856628418
37.0850715637207
34.36921691894531
37.0850715637207
31.139860153198242
29.661842346191406
29.984228134155273
31.28261947631836
27.3521785736084
30.09110450744629
29.173385620117188
31.42272186279297
30.068876266479492
29.815881729125977
30.068876266479492
32.87690353393555
30.918655395507812
32.87690353393555
30.73666000366211
29.740798950195312
30.73666000366211
30.37688446044922
29.265003204345703
30.37688446044922
30.186031341552734
29.450843811035156
25.8410701751709
32.145240783691406
51.010433197021484
35.22035598754883
38.062347412109375
35.22035598754883
26.51848602294922
30.15509796142578
26.608835220336914
27.94124984741211
29.514184951782227
30.40015411376953
37.0850715637207
34.36921691894531
34.37683868408203
33.397865295410156
34.18789291381836
30.342342376708984
27.58430290222168
37.75996780395508
25.690649032592773
27.830469131469727
30.94485855102539
29.77198600769043
33.620750427246094
33.45781326293945
37.425209045410156
34.87507629394531
41.717620849609375
26.620882034301758
26.155651092529297
26.019699096679688
27.086673736572266
27.23429298400879
32.3608512878418
28.950956344604492
32.3608512878418
32.369964599609375
25.566444396972656
33.125099182128906
31.349464416503906
30.891347885131836
26.788599014282227
35.755680084228516
33.6074333190918
33.02280044555664
29.490190505981445
26.08374786376953
33.197059631347656
29.896066665649414
33.197059631347656
27.693458557128906
33.591163635253906
30.461692810058594
33.591163635253906
33.591163635253906
30.461692810058594
34.74653625488281
34.79585647583008
34.74653625488281
33.591163635253906
30.461692810058594
33.591163635253906
29.73183250427246
28.774526596069336
29.758712768554688
33.591163635253906
30.461692810058594
35.85771179199219
33.591163635253906
30.461692810058594
33.591163635253906
33.71232604980469
27.357196807861328
33.71232604980469
33.591163635253906
30.461692810058594
33.591163635253906
30.461692810058594
33.591163635253906
35.78053283691406
30.210369110107422
29.553518295288086
29.651309967041016
37.809181213378906
34.879981994628906
34.3231201171875
26.59566879272461
35.74329376220703
27.67632293701172
33.27486038208008
37.35707473754883
36.59102249145508
37.35707473754883
37.39204406738281
38.98964309692383
37.39204406738281
33.37600326538086
30.332374572753906
33.37600326538086
30.480390548706055
36.67033386230469
27.234838485717773
28.996484756469727
32.06932830810547
28.996484756469727
39.1790771484375
33.591163635253906
30.461692810058594
35.65285110473633
32.01199722290039
34.501686096191406
33.591163635253906
30.461692810058594
33.37600326538086
30.332374572753906
33.37600326538086
36.60560607910156
33.1135139465332
29.874462127685547
33.1135139465332
29.661842346191406
29.984228134155273
31.28261947631836
26.825973510742188
33.1135139465332
29.874462127685547
33.1135139465332
33.1135139465332
29.874462127685547
33.591163635253906
30.461692810058594
25.983850479125977
31.866470336914062
31.47962188720703
31.658761978149414
31.47976303100586
25.619203567504883
26.923683166503906
37.355979919433594
36.59085464477539
