25.731840133666992
27.57610511779785
32.56185531616211
29.045686721801758
28.755977630615234
30.69640350341797
21.39066505432129
37.33673858642578
29.804420471191406
27.500980377197266
22.731977462768555
23.66084098815918
34.96685791015625
22.58767318725586
25.798866271972656
27.226268768310547
30.19824981689453
27.593408584594727
22.482677459716797
27.950918197631836
33.583614349365234
32.906002044677734
32.936119079589844
29.804420471191406
25.971317291259766
22.520713806152344
24.264284133911133
33.45166778564453
31.873008728027344
24.697460174560547
22.055212020874023
25.595760345458984
29.96664047241211
25.58465576171875
25.89797019958496
27.35633087158203
29.804420471191406
31.491024017333984
30.538986206054688
41.015113830566406
27.57195281982422
31.95395278930664
25.26769256591797
23.65550994873047
22.53832244873047
24.132904052734375
22.88905906677246
24.333568572998047
25.094223022460938
27.052120208740234
25.832738876342773
33.604957580566406
32.90149688720703
31.925947189331055
30.479774475097656
24.041046142578125
25.89797019958496
25.595760345458984
30.99798583984375
36.27576446533203
22.227886199951172
34.099700927734375
26.268413543701172
27.57610511779785
33.956336975097656
27.23514175415039
28.9422550201416
27.184310913085938
34.984161376953125
25.89797019958496
30.55636978149414
40.40348815917969
33.230125427246094
26.69661521911621
28.488807678222656
27.61572265625
29.960201263427734
26.579408645629883
29.865009307861328
28.68906593322754
28.866107940673828
32.095943450927734
36.012454986572266
28.831741333007812
33.956336975097656
29.12821388244629
21.635391235351562
26.538448333740234
34.49064636230469
32.995811462402344
28.622737884521484
37.33673858642578
30.42636489868164
34.099700927734375
30.03426742553711
31.945253372192383
31.81881332397461
26.268413543701172
32.906002044677734
33.583614349365234
26.402069091796875
23.890073776245117
32.784996032714844
27.25870132446289
33.48371887207031
27.758056640625
23.769947052001953
27.041072845458984
30.124441146850586
22.72777557373047
32.351409912109375
29.12821388244629
26.518152236938477
25.78494644165039
32.76612091064453
32.01824951171875
26.518152236938477
27.12194061279297
27.516244888305664
21.997013092041016
33.13878631591797
32.995811462402344
23.3824462890625
27.098329544067383
32.936119079589844
31.680240631103516
24.624446868896484
33.583614349365234
29.029212951660156
26.407512664794922
25.736547470092773
21.68350601196289
29.96664047241211
25.464168548583984
31.088611602783203
26.9599666595459
25.97319221496582
33.84355545043945
26.01665496826172
27.928865432739258
30.1951904296875
23.66507911682129
30.77157974243164
31.945253372192383
29.026386260986328
22.858787536621094
28.831741333007812
31.458106994628906
26.452627182006836
24.132904052734375
27.366317749023438
32.936119079589844
26.49725341796875
32.01824951171875
32.81658172607422
29.32789421081543
27.590225219726562
24.041046142578125
22.37986946105957
27.223831176757812
27.12194061279297
28.58316993713379
25.79629135131836
32.784996032714844
24.796558380126953
22.78203582763672
24.336835861206055
29.010265350341797
25.595760345458984
34.099700927734375
27.039745330810547
29.96664047241211
23.17527198791504
30.58324432373047
32.995811462402344
29.86663818359375
28.597309112548828
37.221435546875
32.97774124145508
24.607421875
31.96636962890625
24.334178924560547
30.590606689453125
33.604957580566406
37.33673858642578
28.8402042388916
37.64888000488281
34.099700927734375
32.44876480102539
37.33673858642578
22.858787536621094
26.402069091796875
22.86408233642578
24.049583435058594
26.752002716064453
23.071252822875977
32.97774124145508
29.709239959716797
25.89797019958496
27.867685317993164
25.89797019958496
28.08286476135254
27.272079467773438
32.784996032714844
27.357948303222656
31.945253372192383
37.33673858642578
29.81871223449707
24.041046142578125
34.46626281738281
25.6843204498291
32.995811462402344
24.881786346435547
29.455467224121094
30.73959732055664
26.655609130859375
33.56409454345703
32.44876480102539
29.932294845581055
28.05850601196289
24.031009674072266
34.099700927734375
30.290584564208984
27.21033477783203
24.054288864135742
35.32487487792969
33.956336975097656
47.761199951171875
30.976320266723633
27.928865432739258
25.104969024658203
27.12194061279297
29.96664047241211
30.498687744140625
21.481246948242188
29.66075897216797
43.52407455444336
31.039852142333984
26.136089324951172
33.56409454345703
27.122581481933594
24.041046142578125
34.39066696166992
22.37743377685547
23.76133918762207
33.956336975097656
22.34808349609375
30.55636978149414
28.137439727783203
22.298198699951172
21.997013092041016
35.873046875
25.30590057373047
24.15398406982422
24.8941707611084
25.731840133666992
31.945253372192383
27.25870132446289
27.973358154296875
29.434659957885742
33.82421875
29.71232795715332
28.373531341552734
29.455467224121094
33.956336975097656
24.546201705932617
26.443157196044922
34.49861145019531
29.222537994384766
24.48055648803711
29.804420471191406
32.845149993896484
21.9753360748291
26.128021240234375
27.25870132446289
27.387855529785156
25.97319221496582
26.036109924316406
36.27576446533203
27.08585548400879
25.89797019958496
33.3698616027832
29.32789421081543
22.74102783203125
23.02387237548828
25.366825103759766
25.731840133666992
24.132904052734375
27.08585548400879
27.120290756225586
27.272079467773438
32.936119079589844
27.098329544067383
29.026386260986328
26.518152236938477
26.325660705566406
31.081573486328125
27.041072845458984
26.040889739990234
23.728410720825195
31.227161407470703
29.070222854614258
25.618606567382812
29.17821502685547
25.131755828857422
27.122581481933594
30.58324432373047
32.37887954711914
30.19824981689453
24.697460174560547
25.971317291259766
26.752002716064453
22.858787536621094
26.402069091796875
30.353824615478516
27.57610511779785
26.518152236938477
27.25870132446289
21.290504455566406
26.128021240234375
33.604957580566406
32.936119079589844
28.084028244018555
21.543285369873047
29.32789421081543
29.804420471191406
31.925947189331055
29.98198699951172
37.33673858642578
26.128021240234375
36.334388732910156
26.579408645629883
30.47493553161621
30.19824981689453
24.201860427856445
26.402069091796875
30.067968368530273
25.58465576171875
25.798866271972656
25.67084503173828
29.932294845581055
33.956336975097656
31.81881332397461
31.081573486328125
32.936119079589844
30.76570701599121
33.956336975097656
34.49861145019531
25.75560760498047
27.590225219726562
25.595760345458984
24.881786346435547
28.75434112548828
28.96112823486328
32.26750946044922
24.2008056640625
24.15398406982422
27.25870132446289
33.7552490234375
25.595760345458984
26.402069091796875
33.7552490234375
28.400489807128906
23.2866153717041
30.4348087310791
29.66075897216797
29.32789421081543
37.123863220214844
23.031879425048828
31.741958618164062
27.58359718322754
32.35858154296875
25.296459197998047
25.595760345458984
41.450809478759766
33.98980712890625
24.55122947692871
24.345890045166016
24.697460174560547
26.596189498901367
23.008304595947266
25.763582229614258
25.89797019958496
30.77157974243164
30.726768493652344
30.62509536743164
35.09947967529297
25.595359802246094
30.034099578857422
33.95648956298828
33.75518798828125
25.4940185546875
23.182096481323242
32.99616241455078
29.328773498535156
32.73289489746094
34.68359375
33.72727966308594
25.97136688232422
31.945446014404297
37.300262451171875
28.217937469482422
28.217937469482422
37.383201599121094
37.383201599121094
37.383201599121094
31.764270782470703
35.176944732666016
48.78472900390625
31.618545532226562
40.72821044921875
55.24964904785156
44.408729553222656
57.118839263916016
34.369300842285156
31.965181350708008
31.69027328491211
32.72394943237305
31.090194702148438
32.293174743652344
32.383243560791016
34.15644836425781
34.15644836425781
31.06692123413086
34.15644836425781
29.801170349121094
31.553813934326172
37.6650505065918
33.26451110839844
43.99225997924805
40.955177307128906
32.76601028442383
38.49079513549805
32.676612854003906
55.81304168701172
57.11046600341797
56.281089782714844
23.66863250732422
31.76881980895996
32.72032165527344
60.22191619873047
57.11046600341797
38.205467224121094
57.11046600341797
37.422019958496094
57.11046600341797
57.11046600341797
57.11046600341797
57.11046600341797
57.11046600341797
57.11046600341797
57.11046600341797
57.11046600341797
57.11046600341797
57.11046600341797
57.11046600341797
57.11046600341797
57.11046600341797
57.11046600341797
57.11046600341797
57.11046600341797
57.11046600341797
57.11046600341797
32.568599700927734
32.75124740600586
32.845027923583984
32.657684326171875
36.15419387817383
33.155860900878906
32.46286392211914
32.74796676635742
39.86067199707031
29.63776397705078
29.63776397705078
29.039262771606445
44.89532470703125
36.656585693359375
35.94279861450195
28.4748592376709
36.105892181396484
35.94279861450195
28.62867546081543
35.679901123046875
25.17422866821289
27.707942962646484
23.717243194580078
22.668460845947266
33.32597351074219
36.27576446533203
36.27576446533203
25.51605224609375
23.946212768554688
25.450016021728516
34.286705017089844
34.286705017089844
33.32597351074219
36.23974609375
26.0546817779541
32.15508270263672
24.52072525024414
64.1200942993164
26.286705017089844
31.618545532226562
34.508766174316406
35.45783996582031
31.206844329833984
35.94279861450195
36.52900695800781
27.184310913085938
35.94342041015625
36.906822204589844
36.343658447265625
36.906822204589844
31.88842010498047
40.31681823730469
31.788585662841797
34.7099723815918
31.184986114501953
34.88933181762695
43.01487731933594
37.823974609375
39.957115173339844
32.73442840576172
24.966718673706055
25.830163955688477
26.712757110595703
27.398700714111328
35.34248352050781
25.33933448791504
29.04519271850586
34.10214614868164
28.945497512817383
22.982202529907227
24.571956634521484
27.982526779174805
24.33089828491211
25.44686508178711
28.578105926513672
25.205039978027344
32.25025939941406
26.05714988708496
23.596309661865234
33.596858978271484
28.028282165527344
25.24704933166504
23.407869338989258
22.788042068481445
28.510997772216797
26.04753303527832
26.04753303527832
26.04753303527832
28.510997772216797
28.510997772216797
34.95452117919922
34.95452117919922
25.553295135498047
25.553295135498047
28.510997772216797
33.66583251953125
34.60102081298828
26.72885513305664
24.679285049438477
26.04753303527832
22.356773376464844
34.215354919433594
31.29773712158203
22.706317901611328
23.696298599243164
24.8892822265625
23.60676383972168
24.679285049438477
23.6884708404541
22.715023040771484
24.946624755859375
25.24704933166504
25.24704933166504
25.24704933166504
27.982526779174805
25.579130172729492
24.818878173828125
24.19556427001953
28.510997772216797
24.368911743164062
22.788042068481445
22.788042068481445
28.510997772216797
32.16340255737305
29.65347671508789
28.519611358642578
25.24704933166504
27.982526779174805
30.03434944152832
25.24704933166504
24.679285049438477
22.532573699951172
27.355224609375
27.22610855102539
27.669952392578125
27.982526779174805
25.760488510131836
28.165225982666016
26.112279891967773
29.976518630981445
23.748031616210938
29.038326263427734
24.805419921875
23.004634857177734
30.753267288208008
27.982526779174805
25.24704933166504
24.28414535522461
29.245555877685547
25.536865234375
30.50705337524414
29.780963897705078
24.451074600219727
27.982526779174805
23.833370208740234
32.45123291015625
37.473575592041016
32.20472717285156
36.85089874267578
37.10488510131836
34.81275939941406
32.057891845703125
36.89738082885742
37.34886169433594
32.25252151489258
35.45783996582031
26.800561904907227
35.25513458251953
32.73442840576172
34.10214614868164
28.945497512817383
29.04519271850586
28.945497512817383
27.398700714111328
26.712757110595703
27.398700714111328
24.299800872802734
24.63617706298828
23.485607147216797
25.830163955688477
24.966718673706055
25.830163955688477
38.238243103027344
34.215354919433594
53.25114440917969
30.64582061767578
26.86651611328125
30.64582061767578
23.030820846557617
30.64582061767578
26.86651611328125
30.64582061767578
23.461137771606445
31.009220123291016
25.552034378051758
22.520715713500977
30.390947341918945
28.552635192871094
28.409664154052734
29.256393432617188
27.051494598388672
29.256393432617188
29.256393432617188
27.051494598388672
21.58943748474121
28.952125549316406
25.21855926513672
28.952125549316406
34.60883331298828
34.34382629394531
32.67194366455078
34.35435485839844
32.656978607177734
27.120290756225586
24.9781494140625
27.120290756225586
30.508647918701172
31.94043731689453
30.508647918701172
31.401405334472656
24.490901947021484
32.12408447265625
28.618343353271484
27.440425872802734
25.553295135498047
25.553295135498047
25.553295135498047
34.95452117919922
34.95452117919922
34.95452117919922
34.95452117919922
25.553295135498047
34.95452117919922
25.553295135498047
25.553295135498047
25.553295135498047
25.553295135498047
34.95452117919922
34.95452117919922
34.95452117919922
22.379863739013672
24.474756240844727
28.952125549316406
25.21855926513672
28.952125549316406
32.058616638183594
25.409961700439453
29.256393432617188
27.051494598388672
29.256393432617188
29.37887954711914
29.256393432617188
27.051494598388672
34.24147415161133
33.490028381347656
34.24147415161133
24.19857406616211
31.341140747070312
33.543060302734375
33.543060302734375
23.691146850585938
29.256393432617188
27.051494598388672
29.256393432617188
27.051494598388672
29.256393432617188
26.478778839111328
25.150985717773438
23.016517639160156
33.41741180419922
33.45828628540039
22.44414520263672
29.87978172302246
26.59889793395996
29.87978172302246
30.03426742553711
25.57215118408203
30.03426742553711
23.081090927124023
25.495651245117188
26.861160278320312
27.73408317565918
26.078609466552734
29.87978172302246
26.59889793395996
29.87978172302246
33.678192138671875
36.27576446533203
33.678192138671875
26.498695373535156
24.936744689941406
30.03426742553711
25.57215118408203
30.03426742553711
30.03426742553711
25.57215118408203
29.256393432617188
27.051494598388672
26.578758239746094
25.37810516357422
33.41741180419922
33.45828628540039
33.41741180419922
29.256393432617188
24.48503875732422
28.344959259033203
30.464893341064453
28.344959259033203
32.763938903808594
28.196578979492188
32.763938903808594
32.763938903808594
34.60102081298828
33.66583251953125
34.60102081298828
34.60102081298828
33.66583251953125
42.244571685791016
27.14766502380371
26.83196449279785
30.221752166748047
27.808725357055664
30.221752166748047
31.29773712158203
34.215354919433594
31.29773712158203
24.948034286499023
24.46691131591797
27.6580810546875
29.444595336914062
30.69766616821289
24.59581184387207
32.827884674072266
29.085763931274414
26.83196449279785
26.343856811523438
25.40081024169922
21.993148803710938
24.19556427001953
23.263641357421875
26.64065170288086
23.5346736907959
22.06662940979004
25.553295135498047
25.553295135498047
25.553295135498047
30.5377197265625
26.38739585876465
30.37651252746582
22.76097869873047
25.553295135498047
25.553295135498047
25.553295135498047
25.553295135498047
25.553295135498047
33.32597351074219
26.801820755004883
25.843229293823242
27.52521324157715
34.60102081298828
33.66583251953125
22.78841781616211
33.84355545043945
31.101381301879883
34.4279899597168
27.58949089050293
32.733070373535156
34.4279899597168
32.733070373535156
46.967838287353516
50.84394073486328
32.733070373535156
32.733070373535156
32.733070373535156
32.733070373535156
31.110034942626953
32.733070373535156
32.733070373535156
32.733070373535156
32.733070373535156
32.733070373535156
32.733070373535156
32.733070373535156
32.733070373535156
32.733070373535156
32.733070373535156
30.979961395263672
41.382606506347656
34.4279899597168
32.733070373535156
32.733070373535156
30.979961395263672
32.733070373535156
32.733070373535156
32.733070373535156
30.979961395263672
32.733070373535156
32.733070373535156
35.48971939086914
32.733070373535156
32.733070373535156
30.979961395263672
31.0600643157959
27.38033676147461
32.733070373535156
32.733070373535156
30.979961395263672
32.733070373535156
32.733070373535156
32.733070373535156
30.979961395263672
32.733070373535156
32.733070373535156
32.733070373535156
32.733070373535156
30.979961395263672
25.435319900512695
25.8546085357666
32.733070373535156
23.707252502441406
27.497066497802734
32.733070373535156
30.979961395263672
32.733070373535156
32.733070373535156
32.733070373535156
32.733070373535156
30.979961395263672
27.612003326416016
25.853981018066406
32.733070373535156
32.733070373535156
30.979961395263672
27.365406036376953
32.733070373535156
32.733070373535156
24.67322540283203
25.12871551513672
37.51664733886719
28.34075164794922
32.733070373535156
32.733070373535156
30.979961395263672
33.21165084838867
33.21165084838867
25.136064529418945
26.83846664428711
33.21165084838867
30.979961395263672
33.21165084838867
33.21165084838867
30.979961395263672
32.650787353515625
32.650787353515625
31.0600643157959
27.261390686035156
32.650787353515625
32.650787353515625
30.022846221923828
28.014755249023438
30.022846221923828
28.099382400512695
30.979961395263672
32.69050598144531
32.69050598144531
29.51389503479004
31.913328170776367
30.979961395263672
32.69050598144531
32.69050598144531
27.040119171142578
30.661975860595703
27.341476440429688
32.69050598144531
37.966407775878906
30.979961395263672
27.612003326416016
25.784456253051758
31.171428680419922
33.825279235839844
32.83270263671875
25.799739837646484
24.943485260009766
29.51389503479004
27.27286148071289
31.618545532226562
30.57794952392578
26.675899505615234
32.83270263671875
25.174427032470703
30.022846221923828
27.900659561157227
27.061920166015625
27.061920166015625
26.45294952392578
26.785545349121094
37.51664733886719
27.63916778564453
25.202465057373047
26.838356018066406
26.309593200683594
30.979961395263672
27.137866973876953
30.022846221923828
26.779674530029297
32.83270263671875
26.794849395751953
26.389413833618164
26.659439086914062
32.88946533203125
26.785545349121094
27.96516227722168
26.27362823486328
26.846111297607422
26.78936767578125
25.568140029907227
32.88946533203125
25.22178840637207
32.88946533203125
30.979961395263672
32.88946533203125
37.51664733886719
29.094314575195312
32.88946533203125
34.1856689453125
24.95232391357422
25.87973976135254
32.889190673828125
34.18453598022461
28.915258407592773
30.781171798706055
32.216331481933594
32.560035705566406
26.870820999145508
26.870820999145508
53.76341247558594
26.870820999145508
32.560035705566406
26.870820999145508
28.927762985229492
26.572309494018555
29.285993576049805
27.854717254638672
36.62382507324219
26.870820999145508
26.870820999145508
26.870820999145508
26.870820999145508
26.870820999145508
26.870820999145508
26.870820999145508
26.870820999145508
42.64276123046875
26.870820999145508
26.870820999145508
26.870820999145508
26.870820999145508
26.870820999145508
26.870820999145508
26.870820999145508
26.870820999145508
26.870820999145508
26.870820999145508
26.870820999145508
26.870820999145508
26.870820999145508
26.870820999145508
26.870820999145508
26.870820999145508
26.870820999145508
26.870820999145508
26.870820999145508
26.870820999145508
26.870820999145508
26.870820999145508
26.870820999145508
26.870820999145508
26.870820999145508
26.870820999145508
26.870820999145508
26.870820999145508
26.870820999145508
26.870820999145508
26.870820999145508
26.870820999145508
26.870820999145508
26.870820999145508
26.870820999145508
26.870820999145508
26.870820999145508
26.870820999145508
26.870820999145508
26.870820999145508
26.870820999145508
26.870820999145508
26.870820999145508
26.870820999145508
26.870820999145508
26.870820999145508
26.870820999145508
26.870820999145508
26.870820999145508
26.870820999145508
26.870820999145508
26.870820999145508
26.870820999145508
26.870820999145508
26.870820999145508
26.870820999145508
26.870820999145508
26.870820999145508
26.870820999145508
26.870820999145508
24.452316284179688
24.62961769104004
23.055925369262695
36.23974609375
35.76539993286133
34.24713897705078
29.919261932373047
34.24713897705078
29.919261932373047
31.22496223449707
30.13260841369629
29.180997848510742
28.889291763305664
28.79244613647461
28.68902587890625
21.83578872680664
21.968379974365234
24.62961769104004
22.573387145996094
26.801820755004883
25.843229293823242
28.68902587890625
24.114402770996094
26.801820755004883
25.474563598632812
26.186389923095703
25.519638061523438
26.16033172607422
37.16935729980469
28.68902587890625
23.46225929260254
22.923877716064453
34.24713897705078
29.919261932373047
25.167327880859375
34.24713897705078
29.919261932373047
25.167327880859375
29.273548126220703
30.082597732543945
29.59628677368164
23.523155212402344
26.801820755004883
25.843229293823242
24.514461517333984
30.082597732543945
29.59628677368164
27.72781753540039
30.082597732543945
29.59628677368164
27.72781753540039
35.933326721191406
34.286705017089844
34.286705017089844
34.286705017089844
26.596189498901367
26.698272705078125
30.082597732543945
29.59628677368164
27.72781753540039
26.801820755004883
25.843229293823242
27.52521324157715
30.082597732543945
29.59628677368164
27.72781753540039
30.082597732543945
25.872215270996094
25.522754669189453
27.162582397460938
27.223831176757812
26.37308692932129
25.807846069335938
22.03286361694336
27.223831176757812
26.37308692932129
34.60102081298828
33.66583251953125
34.60102081298828
34.60102081298828
33.66583251953125
50.83036804199219
25.64304542541504
22.47132110595703
25.34256935119629
29.59628677368164
27.72781753540039
22.066627502441406
30.22136116027832
28.78797149658203
30.22136116027832
27.55101776123047
34.454097747802734
30.985870361328125
27.440059661865234
34.454097747802734
30.985870361328125
34.454097747802734
27.336599349975586
25.49565315246582
26.861160278320312
27.734086990356445
23.601520538330078
27.14766502380371
26.133827209472656
29.085763931274414
26.83196449279785
26.343856811523438
26.83196449279785
30.221752166748047
27.808725357055664
30.221752166748047
27.398700714111328
26.71275520324707
27.398700714111328
25.830163955688477
24.966718673706055
25.830163955688477
27.223831176757812
26.37308692932129
21.974666595458984
29.594024658203125
50.56603240966797
31.29773712158203
34.215354919433594
31.29773712158203
22.13152503967285
25.876998901367188
22.897167205810547
24.19556427001953
25.651578903198242
26.640653610229492
34.454097747802734
30.985870361328125
27.551420211791992
30.263591766357422
31.45979881286621
27.204986572265625
23.30698585510254
30.004989624023438
22.203996658325195
23.47881317138672
26.98727035522461
26.691959381103516
30.246002197265625
29.388858795166016
35.73259735107422
31.274703979492188
35.823360443115234
22.86090087890625
22.662763595581055
22.094202041625977
23.743797302246094
23.54067611694336
28.952125549316406
25.21855926513672
28.952125549316406
28.977825164794922
21.9085693359375
30.69766616821289
27.987924575805664
27.6580810546875
22.66699981689453
29.86298370361328
30.507057189941406
29.780963897705078
26.344648361206055
21.813556671142578
30.64582061767578
26.86651611328125
30.64582061767578
24.018281936645508
29.256393432617188
27.051490783691406
29.256393432617188
29.256393432617188
27.051490783691406
31.653995513916016
31.781248092651367
31.653995513916016
29.256393432617188
27.051490783691406
29.256393432617188
26.22260284423828
26.217849731445312
26.707746505737305
29.256393432617188
27.051490783691406
28.86109161376953
29.256393432617188
27.051490783691406
29.256393432617188
31.699493408203125
24.29987144470215
31.699493408203125
29.256393432617188
27.051490783691406
29.256393432617188
27.051490783691406
29.256393432617188
29.78710174560547
27.338111877441406
26.61127471923828
26.73339080810547
34.10214614868164
31.553871154785156
30.41739273071289
22.188495635986328
28.73085594177246
23.927433013916016
31.41135025024414
33.417415618896484
33.45828628540039
33.417415618896484
33.678192138671875
36.27576446533203
33.678192138671875
29.879777908325195
26.598896026611328
29.879777908325195
26.659923553466797
31.62628173828125
22.693700790405273
25.70447540283203
30.541656494140625
25.70447540283203
31.603261947631836
29.256393432617188
27.051490783691406
34.24713897705078
29.919261932373047
31.862321853637695
29.256393432617188
27.051490783691406
29.879777908325195
26.598896026611328
29.879777908325195
31.900028228759766
30.034265518188477
25.572147369384766
30.034265518188477
25.49565315246582
26.861160278320312
27.734086990356445
22.77974510192871
30.034265518188477
25.572147369384766
30.034265518188477
30.034265518188477
25.572147369384766
29.256393432617188
27.051490783691406
22.688480377197266
28.408098220825195
28.344959259033203
30.464893341064453
28.345138549804688
21.836397171020508
22.770784378051758
33.41644287109375
33.45796203613281
