3.9858627319335938
3.3122215270996094
19.104846954345703
8.872634887695312
7.916679382324219
11.63433837890625
-5.043651580810547
12.83835220336914
5.907989501953125
6.472930908203125
-0.19260406494140625
2.1561546325683594
33.29480743408203
-4.894702911376953
3.3757171630859375
7.433712005615234
15.500442504882812
4.0291900634765625
0.8924903869628906
5.2190704345703125
12.66848373413086
11.39167594909668
6.896640777587891
5.907989501953125
3.6248207092285156
-5.825847625732422
4.524997711181641
12.137407302856445
22.352657318115234
2.1266746520996094
-4.193187713623047
1.0808372497558594
4.950431823730469
2.044219970703125
4.201194763183594
6.951389312744141
5.907989501953125
22.275074005126953
16.138328552246094
31.306739807128906
12.101417541503906
21.222627639770508
6.890716552734375
0.7558479309082031
-5.0960235595703125
2.969554901123047
-4.2043914794921875
2.1572914123535156
3.5036659240722656
7.602272033691406
4.412540435791016
12.079048156738281
15.947914123535156
9.349159240722656
10.60995101928711
2.0878639221191406
4.201194763183594
1.0808372497558594
11.35147476196289
13.213891983032227
-3.529926300048828
13.996471405029297
3.307872772216797
3.3122215270996094
8.805908203125
3.745819091796875
5.459705352783203
-7.314342498779297
23.01058578491211
4.201194763183594
9.151538848876953
19.638458251953125
8.353736877441406
2.6780471801757812
8.929725646972656
7.383640289306641
6.121620178222656
4.833778381347656
9.344829559326172
6.257518768310547
11.298480987548828
20.145824432373047
15.263389587402344
6.894977569580078
8.805908203125
13.265609741210938
-4.165302276611328
4.27978515625
13.964134216308594
11.488922119140625
10.934223175048828
12.83835220336914
13.237892150878906
13.996471405029297
3.3254852294921875
20.032779693603516
9.720588684082031
3.307872772216797
11.39167594909668
12.66848373413086
2.1801185607910156
-3.019916534423828
14.974472045898438
4.545879364013672
15.037918090820312
7.9888458251953125
1.6174774169921875
8.004322052001953
12.207645416259766
-5.09613037109375
10.185245513916016
13.265609741210938
5.427677154541016
5.115440368652344
10.256031036376953
8.857231140136719
5.427677154541016
5.1636505126953125
11.476356506347656
-6.0763397216796875
11.805870056152344
11.488922119140625
-3.4077224731445312
12.011394500732422
6.896640777587891
8.476873397827148
3.2078094482421875
12.66848373413086
6.061872482299805
6.8292694091796875
1.8971443176269531
-3.0000572204589844
4.950431823730469
5.979595184326172
18.537994384765625
6.170330047607422
3.3712005615234375
24.27507781982422
0.9364662170410156
9.824382781982422
10.436931610107422
2.1461257934570312
9.188591003417969
20.032779693603516
7.3029022216796875
-2.3882064819335938
6.894977569580078
16.81255340576172
1.1174049377441406
2.969554901123047
6.200065612792969
6.896640777587891
4.858856201171875
8.857231140136719
13.317218780517578
3.9791183471679688
5.081932067871094
2.0878639221191406
-0.9214630126953125
6.031505584716797
5.1636505126953125
13.527751922607422
-0.04073333740234375
14.974472045898438
2.737567901611328
-6.028514862060547
2.8603858947753906
6.768955230712891
1.0808372497558594
13.996471405029297
6.013435363769531
4.950431823730469
-1.9336051940917969
9.920631408691406
11.488922119140625
8.498664855957031
6.098720550537109
23.705955505371094
9.870841979980469
-3.0037307739257812
10.120643615722656
2.608692169189453
8.27182388305664
12.079048156738281
12.83835220336914
9.22137451171875
18.965286254882812
13.996471405029297
9.511741638183594
12.83835220336914
-2.3882064819335938
2.1801185607910156
-0.18777084350585938
-1.489410400390625
3.7465248107910156
-0.9095687866210938
9.870841979980469
6.922718048095703
4.201194763183594
2.490123748779297
4.201194763183594
13.379081726074219
3.9118270874023438
14.974472045898438
4.898681640625
20.032779693603516
12.83835220336914
11.319683074951172
2.0878639221191406
21.432350158691406
3.779987335205078
11.488922119140625
1.6405296325683594
15.252552032470703
13.009429931640625
8.330951690673828
8.68824577331543
9.511741638183594
9.135662078857422
5.895744323730469
2.1110916137695312
13.996471405029297
9.018001556396484
16.704063415527344
3.0052146911621094
8.987815856933594
8.805908203125
80.58088684082031
14.916175842285156
9.824382781982422
1.655975341796875
5.1636505126953125
4.950431823730469
9.470359802246094
-5.810153961181641
14.07040023803711
46.12984085083008
5.930244445800781
5.404075622558594
8.68824577331543
4.150093078613281
2.0878639221191406
8.145271301269531
-3.1341514587402344
0.33275604248046875
8.805908203125
-2.0384483337402344
9.151538848876953
3.8876609802246094
-2.619823455810547
-6.0763397216796875
25.850502014160156
3.7848358154296875
1.083831787109375
2.6043167114257812
3.9858627319335938
20.032779693603516
4.545879364013672
2.3770790100097656
7.153656005859375
14.857437133789062
8.262153625488281
13.145263671875
15.252552032470703
8.805908203125
2.967082977294922
3.1046066284179688
16.7260684967041
13.06020736694336
2.694744110107422
5.907989501953125
10.615768432617188
-7.104698181152344
7.493379592895508
4.545879364013672
10.236316680908203
3.3712005615234375
6.830299377441406
13.213891983032227
6.715723037719727
4.201194763183594
10.74113655090332
3.9791183471679688
2.522937774658203
-4.646701812744141
10.636295318603516
3.9858627319335938
2.969554901123047
6.715723037719727
4.212429046630859
3.9118270874023438
6.896640777587891
12.011394500732422
7.3029022216796875
5.427677154541016
5.7262420654296875
12.59327507019043
8.004322052001953
2.6487770080566406
-2.157154083251953
18.713653564453125
9.713533401489258
2.9462738037109375
16.591859817504883
4.7951507568359375
4.150093078613281
9.920631408691406
18.407474517822266
15.500442504882812
2.1266746520996094
3.6248207092285156
3.7465248107910156
-2.3882064819335938
2.1801185607910156
10.805801391601562
3.3122215270996094
5.427677154541016
4.545879364013672
-3.937274932861328
7.493379592895508
12.079048156738281
6.896640777587891
51.923248291015625
-3.8322296142578125
3.9791183471679688
5.907989501953125
9.349159240722656
6.502250671386719
12.83835220336914
7.493379592895508
21.33260154724121
4.833778381347656
12.310897827148438
15.500442504882812
3.1343460083007812
2.1801185607910156
7.027980804443359
2.044219970703125
3.3757171630859375
3.8674545288085938
9.135662078857422
8.805908203125
9.720588684082031
12.59327507019043
6.896640777587891
15.285381317138672
8.805908203125
16.7260684967041
4.664947509765625
5.081932067871094
1.0808372497558594
1.6405296325683594
6.8697052001953125
6.752655029296875
9.420848846435547
6.223224639892578
1.083831787109375
4.545879364013672
16.823579788208008
1.0808372497558594
2.1801185607910156
16.823579788208008
9.768268585205078
-0.10193634033203125
8.223899841308594
14.07040023803711
3.9791183471679688
19.941390991210938
0.9699783325195312
9.265830993652344
2.67669677734375
13.835201263427734
3.2612876892089844
1.0808372497558594
43.20248031616211
11.550569534301758
4.230403900146484
8.971748352050781
2.1266746520996094
3.051116943359375
1.3951034545898438
0.19680023193359375
4.201194763183594
9.188591003417969
18.615154266357422
5.503444671630859
23.582725524902344
1.0803375244140625
3.3242034912109375
8.805028915405273
16.822128295898438
0.4734039306640625
2.745197296142578
11.488937377929688
3.9802017211914062
15.848834991455078
17.632095336914062
17.7476806640625
3.6238365173339844
20.03386688232422
29.944744110107422
18.35424041748047
18.35424041748047
18.195812225341797
18.195812225341797
18.195812225341797
10.617984771728516
21.355712890625
44.85905075073242
12.732732772827148
29.260772705078125
46.20789337158203
49.35468292236328
49.223907470703125
17.54749298095703
8.870899200439453
8.25295639038086
10.706016540527344
7.3017578125
9.143936157226562
9.710529327392578
14.951820373535156
14.951820373535156
8.503776550292969
14.951820373535156
8.691333770751953
8.237625122070312
26.060882568359375
11.087135314941406
42.24626159667969
31.081886291503906
9.584285736083984
25.273693084716797
9.599876403808594
11.580490112304688
12.119880676269531
11.566829681396484
-2.8790130615234375
9.182491302490234
9.553882598876953
23.039600372314453
12.119880676269531
30.858116149902344
12.119880676269531
20.279781341552734
12.119880676269531
12.119880676269531
12.119880676269531
12.119880676269531
12.119880676269531
12.119880676269531
12.119880676269531
12.119880676269531
12.119880676269531
12.119880676269531
12.119880676269531
12.119880676269531
12.119880676269531
12.119880676269531
12.119880676269531
12.119880676269531
12.119880676269531
12.119880676269531
9.4073486328125
9.760612487792969
9.52840805053711
9.63491439819336
19.329490661621094
9.339065551757812
10.03182601928711
9.715179443359375
35.79822540283203
12.900177001953125
12.900177001953125
4.590496063232422
33.05257034301758
5.422126770019531
5.358970642089844
10.220489501953125
4.375068664550781
5.358970642089844
9.273941040039062
4.971378326416016
3.1270523071289062
8.121025085449219
4.10430908203125
-2.2842559814453125
18.423221588134766
13.213891983032227
13.213891983032227
4.453052520751953
1.8487358093261719
4.224475860595703
22.839309692382812
22.839309692382812
18.423221588134766
12.881507873535156
4.934406280517578
16.382957458496094
2.3363609313964844
85.18775177001953
5.89518928527832
12.732732772827148
43.920204162597656
5.817378997802734
13.982704162597656
5.358970642089844
5.060245513916016
-7.314342498779297
4.36724853515625
6.48736572265625
5.232997894287109
6.48736572265625
9.677581787109375
14.46090316772461
16.14130401611328
6.936046600341797
4.3220367431640625
17.674667358398438
23.567447662353516
10.203071594238281
13.026351928710938
11.043617248535156
-1.025909423828125
0.5585861206054688
7.716339111328125
5.887332916259766
12.717479705810547
2.2027359008789062
9.152559280395508
10.514331817626953
9.08597183227539
-1.8040046691894531
-0.8416481018066406
7.834449768066406
-0.3831787109375
3.296550750732422
19.564434051513672
0.9990997314453125
10.157691955566406
7.4478912353515625
-2.5019073486328125
14.289688110351562
2.0410995483398438
2.1187210083007812
-2.7625503540039062
-2.0668907165527344
10.348106384277344
4.505985260009766
4.505985260009766
4.505985260009766
10.348106384277344
10.348106384277344
9.884550094604492
9.884550094604492
1.2408294677734375
1.2408294677734375
10.348106384277344
8.107486724853516
13.137596130371094
8.090290069580078
0.943450927734375
4.505985260009766
-3.954242706298828
8.378265380859375
6.929347991943359
-1.7375144958496094
-3.041370391845703
-0.2970542907714844
-3.3266944885253906
0.943450927734375
-2.675628662109375
-3.6797218322753906
3.7351837158203125
2.1187210083007812
2.1187210083007812
2.1187210083007812
7.834449768066406
1.2530937194824219
2.5457496643066406
1.9766006469726562
10.348106384277344
6.777854919433594
-2.0668907165527344
-2.0668907165527344
10.348106384277344
14.29012680053711
15.726085662841797
6.910163879394531
2.1187210083007812
7.834449768066406
21.94982147216797
2.1187210083007812
0.943450927734375
-3.5350570678710938
2.3471298217773438
2.3916778564453125
2.8016319274902344
7.834449768066406
-0.055278778076171875
6.938220977783203
8.153324127197266
12.301971435546875
-1.703948974609375
9.344249725341797
5.185482025146484
-3.3559341430664062
15.961280822753906
7.834449768066406
2.1187210083007812
-0.4516410827636719
5.704174041748047
3.8468399047851562
11.21054458618164
8.0531005859375
3.5450439453125
7.834449768066406
-3.1264877319335938
20.618927001953125
10.701480865478516
7.879127502441406
5.475734710693359
6.017093658447266
21.961959838867188
8.924816131591797
5.5426483154296875
6.615531921386719
15.080448150634766
5.817378997802734
5.358421325683594
15.691234588623047
11.043617248535156
10.514331817626953
9.08597183227539
9.152559280395508
9.08597183227539
5.887332916259766
7.716339111328125
5.887332916259766
4.123603820800781
8.167015075683594
-1.7262916564941406
0.5585861206054688
-1.025909423828125
0.5585861206054688
26.13335609436035
8.378265380859375
39.78588104248047
9.637350082397461
6.169567108154297
9.637350082397461
-0.278594970703125
9.637350082397461
6.169567108154297
9.637350082397461
-1.3097343444824219
17.763702392578125
6.306034088134766
-3.0769691467285156
8.965164184570312
5.955013275146484
6.021396636962891
5.582752227783203
5.217296600341797
5.582752227783203
5.582752227783203
5.217296600341797
-3.5369300842285156
5.549831390380859
1.8723526000976562
5.549831390380859
8.34710693359375
8.381114959716797
9.266460418701172
7.540668487548828
9.438888549804688
4.212429046630859
2.734710693359375
4.212429046630859
10.037179946899414
12.946338653564453
10.037179946899414
7.295295715332031
0.5835227966308594
6.989036560058594
10.056497573852539
1.2961845397949219
1.2408294677734375
1.2408294677734375
1.2408294677734375
9.884550094604492
9.884550094604492
9.884550094604492
9.884550094604492
1.2408294677734375
9.884550094604492
1.2408294677734375
1.2408294677734375
1.2408294677734375
1.2408294677734375
9.884550094604492
9.884550094604492
9.884550094604492
-2.20208740234375
0.19903945922851562
5.549831390380859
1.8723526000976562
5.549831390380859
4.585197448730469
7.000102996826172
5.582752227783203
5.217296600341797
5.582752227783203
6.034481048583984
5.582752227783203
5.217296600341797
14.47880744934082
13.470439910888672
14.47880744934082
-1.18109130859375
12.452342987060547
12.783740997314453
12.783740997314453
3.9047012329101562
5.582752227783203
5.217296600341797
5.582752227783203
5.217296600341797
5.582752227783203
11.890707015991211
2.2939300537109375
-0.7449188232421875
6.778387069702148
8.832063674926758
-4.285209655761719
5.481456756591797
3.9286956787109375
5.481456756591797
3.3254852294921875
0.8382720947265625
3.3254852294921875
4.4697418212890625
0.5558853149414062
4.432945251464844
5.9649200439453125
6.963081359863281
5.481456756591797
3.9286956787109375
5.481456756591797
10.39242172241211
13.213891983032227
10.39242172241211
13.884769439697266
7.869419097900391
3.3254852294921875
0.8382720947265625
3.3254852294921875
3.3254852294921875
0.8382720947265625
5.582752227783203
5.217296600341797
7.8422698974609375
0.5623779296875
6.778387069702148
8.832063674926758
6.778387069702148
5.582752227783203
5.906208038330078
5.352264404296875
15.686614990234375
5.352264404296875
15.476181030273438
10.835926055908203
15.476181030273438
15.476181030273438
13.137596130371094
8.107486724853516
13.137596130371094
13.137596130371094
8.107486724853516
63.27650451660156
6.2554473876953125
5.8787689208984375
9.525260925292969
8.295501708984375
9.525260925292969
6.929347991943359
8.378265380859375
6.929347991943359
4.427608489990234
0.7454032897949219
7.076679229736328
8.758377075195312
10.708967208862305
-1.490020751953125
25.845298767089844
9.299613952636719
5.8787689208984375
6.1600189208984375
9.002849578857422
-3.452350616455078
1.9766006469726562
-0.5429496765136719
5.7231292724609375
5.023124694824219
-2.5569534301757812
1.2408294677734375
1.2408294677734375
1.2408294677734375
15.797447204589844
2.4603919982910156
17.601364135742188
-1.5340118408203125
1.2408294677734375
1.2408294677734375
1.2408294677734375
1.2408294677734375
1.2408294677734375
18.423221588134766
7.156917572021484
6.010810852050781
8.96182632446289
13.137596130371094
8.107486724853516
-1.8274078369140625
24.27507781982422
13.01055908203125
13.214641571044922
6.496700286865234
-8.316879272460938
13.214641571044922
-8.316879272460938
45.27653503417969
51.649932861328125
-8.316879272460938
-8.316879272460938
-8.316879272460938
-8.316879272460938
9.33432388305664
-8.316879272460938
-8.316879272460938
-8.316879272460938
-8.316879272460938
-8.316879272460938
-8.316879272460938
-8.316879272460938
-8.316879272460938
-8.316879272460938
-8.316879272460938
7.094257354736328
22.01728057861328
13.214641571044922
-8.316879272460938
-8.316879272460938
7.094257354736328
-8.316879272460938
-8.316879272460938
-8.316879272460938
7.094257354736328
-8.316879272460938
-8.316879272460938
23.76034164428711
-8.316879272460938
-8.316879272460938
7.094257354736328
9.638099670410156
16.599597930908203
-8.316879272460938
-8.316879272460938
7.094257354736328
-8.316879272460938
-8.316879272460938
-8.316879272460938
7.094257354736328
-8.316879272460938
-8.316879272460938
-8.316879272460938
-8.316879272460938
7.094257354736328
2.272724151611328
4.930915832519531
-8.316879272460938
1.4206657409667969
6.646902084350586
-8.316879272460938
7.094257354736328
-8.316879272460938
-8.316879272460938
-8.316879272460938
-8.316879272460938
7.094257354736328
2.5992774963378906
4.2964324951171875
-8.316879272460938
-8.316879272460938
7.094257354736328
20.354568481445312
-8.316879272460938
-8.316879272460938
4.524211883544922
3.9721221923828125
22.621292114257812
6.979000091552734
-8.316879272460938
-8.316879272460938
7.094257354736328
9.875785827636719
9.875785827636719
4.1681671142578125
6.609642028808594
9.875785827636719
7.094257354736328
9.875785827636719
9.875785827636719
7.094257354736328
8.636276245117188
8.636276245117188
9.638099670410156
7.756320953369141
8.636276245117188
8.636276245117188
10.799758911132812
8.090106964111328
10.799758911132812
19.638763427734375
7.094257354736328
8.953926086425781
8.953926086425781
6.773216247558594
14.688652038574219
7.094257354736328
8.953926086425781
8.953926086425781
3.7879676818847656
12.413728713989258
5.988033294677734
8.953926086425781
24.646583557128906
7.094257354736328
2.5992774963378906
4.687320709228516
16.676830291748047
13.173225402832031
9.646347045898438
2.1550750732421875
2.8444786071777344
6.773216247558594
9.224302291870117
12.732732772827148
16.70595932006836
4.958171844482422
9.646347045898438
5.452983856201172
10.799758911132812
9.856212615966797
7.71356201171875
7.71356201171875
5.038105010986328
4.538867950439453
22.621292114257812
7.243133544921875
4.944026947021484
5.6765594482421875
5.238252639770508
7.094257354736328
6.1782379150390625
10.799758911132812
7.243581771850586
9.646347045898438
4.797481536865234
5.150318145751953
4.740974426269531
10.368621826171875
4.538867950439453
6.998954772949219
6.739696502685547
6.7137298583984375
5.899394989013672
5.268627166748047
10.368621826171875
4.015922546386719
10.368621826171875
7.094257354736328
10.368621826171875
22.621292114257812
9.884439468383789
10.368621826171875
13.962627410888672
3.7092208862304688
3.8416671752929688
10.3690185546875
13.959453582763672
5.280948638916016
8.914533615112305
22.767974853515625
17.64344024658203
-8.549072265625
-8.549072265625
64.12638854980469
-8.549072265625
17.64344024658203
-8.549072265625
8.855724334716797
1.8977241516113281
11.610740661621094
16.086368560791016
26.70953369140625
-8.549072265625
-8.549072265625
-8.549072265625
-8.549072265625
-8.549072265625
-8.549072265625
-8.549072265625
-8.549072265625
35.30488586425781
-8.549072265625
-8.549072265625
-8.549072265625
-8.549072265625
-8.549072265625
-8.549072265625
-8.549072265625
-8.549072265625
-8.549068450927734
-8.549068450927734
-8.549068450927734
-8.549068450927734
-8.549068450927734
-8.549068450927734
-8.549068450927734
-8.549068450927734
-8.549068450927734
-8.549068450927734
-8.549068450927734
-8.549068450927734
-8.549068450927734
-8.549068450927734
-8.549068450927734
-8.549068450927734
-8.549068450927734
-8.549068450927734
-8.549068450927734
-8.549068450927734
-8.549068450927734
-8.549068450927734
-8.549068450927734
-8.549068450927734
-8.549068450927734
-8.549068450927734
-8.549068450927734
-8.549068450927734
-8.549068450927734
-8.549068450927734
-8.549068450927734
-8.549068450927734
-8.549068450927734
-8.549068450927734
-8.549068450927734
-8.549068450927734
-8.549068450927734
-8.549068450927734
-8.549068450927734
-8.549068450927734
-8.549068450927734
-8.549068450927734
-8.549068450927734
-8.549068450927734
-8.549068450927734
-8.549068450927734
-8.549068450927734
-8.549068450927734
-8.549068450927734
-8.549068450927734
-8.549068450927734
-8.549068450927734
2.7033615112304688
4.561962127685547
-3.0537986755371094
12.881511688232422
17.851451873779297
13.620292663574219
9.354290008544922
13.620292663574219
9.354290008544922
7.913414001464844
6.363151550292969
4.7124786376953125
8.355945587158203
8.041923522949219
4.5538330078125
-5.318874359130859
-1.45184326171875
4.561962127685547
-3.2112464904785156
7.156913757324219
6.010807037353516
4.5538330078125
3.454669952392578
7.156913757324219
4.549228668212891
7.252185821533203
5.250457763671875
4.484912872314453
32.07486343383789
4.5538330078125
-0.7614288330078125
0.45140838623046875
13.620292663574219
9.354290008544922
1.0493545532226562
13.620292663574219
9.354290008544922
1.0493545532226562
19.458385467529297
9.742097854614258
10.232736587524414
-5.663089752197266
7.156913757324219
6.010807037353516
0.12375259399414062
9.742097854614258
10.232736587524414
8.025104522705078
9.742097854614258
10.232736587524414
8.025104522705078
30.004302978515625
22.83930206298828
22.83930206298828
22.83930206298828
3.0511131286621094
4.282218933105469
9.742097854614258
10.232736587524414
8.025104522705078
7.156913757324219
6.010807037353516
8.961830139160156
9.742097854614258
10.232736587524414
8.025104522705078
9.742097854614258
3.1898841857910156
4.117847442626953
12.051750183105469
6.031505584716797
4.925075531005859
1.3236351013183594
-1.6456336975097656
6.031505584716797
4.925075531005859
13.137603759765625
8.10748291015625
13.137603759765625
13.137603759765625
8.10748291015625
36.169639587402344
-1.6510047912597656
-2.4475936889648438
2.313140869140625
10.232736587524414
8.025104522705078
-2.5569496154785156
10.535839080810547
8.471794128417969
10.535839080810547
49.542545318603516
11.348701477050781
10.119037628173828
7.2737274169921875
11.348701477050781
10.119037628173828
11.348701477050781
0.5499649047851562
0.5558853149414062
4.432945251464844
5.9649200439453125
-1.0583724975585938
6.2554473876953125
4.497280120849609
9.299613952636719
5.878772735595703
6.160017013549805
5.878772735595703
9.525260925292969
8.29550552368164
9.525260925292969
5.887332916259766
7.716341018676758
5.887332916259766
0.5585899353027344
-1.0259132385253906
0.5585899353027344
6.031505584716797
4.925075531005859
-2.84521484375
18.740371704101562
41.872886657714844
6.929344177246094
8.378265380859375
6.929344177246094
-2.3171348571777344
-2.1335487365722656
-1.47113037109375
1.9766044616699219
2.1021461486816406
5.723125457763672
11.348701477050781
10.119037628173828
8.466224670410156
8.79397964477539
9.610252380371094
6.940391540527344
-3.6128273010253906
7.287967681884766
-2.9804115295410156
-2.740222930908203
3.099090576171875
5.761655807495117
8.454826354980469
6.310123443603516
24.11142349243164
7.087371826171875
12.87985610961914
-0.871673583984375
0.9312591552734375
-4.376190185546875
3.2356414794921875
0.5264854431152344
5.549831390380859
1.8723526000976562
5.549831390380859
2.8347396850585938
-2.989490509033203
10.708967208862305
7.427639007568359
7.076677322387695
-3.3487777709960938
5.736919403076172
11.210548400878906
8.053104400634766
12.369430541992188
-3.5127601623535156
9.637350082397461
6.169567108154297
9.637350082397461
4.106365203857422
5.5827484130859375
5.217292785644531
5.5827484130859375
5.5827484130859375
5.217292785644531
13.559467315673828
13.285633087158203
13.559467315673828
5.5827484130859375
5.217292785644531
5.5827484130859375
4.046836853027344
6.371986389160156
4.841468811035156
5.5827484130859375
5.217292785644531
5.483242034912109
5.5827484130859375
5.217292785644531
5.5827484130859375
10.428215026855469
4.802268981933594
10.428215026855469
5.5827484130859375
5.217292785644531
5.5827484130859375
5.217292785644531
5.5827484130859375
5.418239593505859
8.100944519042969
5.627449035644531
5.828681945800781
10.514335632324219
9.252239227294922
6.1459503173828125
-3.2885055541992188
7.907695770263672
0.24142837524414062
10.023609161376953
6.778383255004883
8.83206558227539
6.778383255004883
10.392419815063477
13.213895797729492
10.392419815063477
5.481456756591797
3.928691864013672
5.481456756591797
0.040771484375
19.503036499023438
-5.2717437744140625
2.2259979248046875
13.465408325195312
2.2259979248046875
11.83462142944336
5.5827484130859375
5.217292785644531
13.620292663574219
9.354290008544922
12.758686065673828
5.5827484130859375
5.217292785644531
5.481456756591797
3.928691864013672
5.481456756591797
22.770172119140625
3.325489044189453
0.8382797241210938
3.325489044189453
0.5558853149414062
4.432945251464844
5.9649200439453125
-2.7838973999023438
3.325489044189453
0.8382797241210938
3.325489044189453
3.325489044189453
0.8382797241210938
5.5827484130859375
5.217292785644531
-0.5872421264648438
2.3076248168945312
5.352272033691406
15.68661880493164
5.351676940917969
-5.097236633300781
-1.4104881286621094
6.777950286865234
8.830488204956055
