5.840965270996094
4.425350189208984
20.12499237060547
10.808618545532227
10.005104064941406
13.38045883178711
-2.789276123046875
15.053396224975586
8.468978881835938
8.53738021850586
1.8179740905761719
4.116909027099609
33.88265609741211
-2.4651222229003906
4.9493255615234375
8.91680908203125
14.439327239990234
5.9197540283203125
3.069316864013672
6.774303436279297
14.634376525878906
13.755783081054688
9.298442840576172
8.468978881835938
5.730716705322266
-3.1259765625
6.24395751953125
14.270439147949219
22.787494659423828
4.247802734375
-1.8257293701171875
2.175537109375
7.581737518310547
4.158802032470703
5.2205963134765625
9.072021484375
8.468978881835938
14.379005432128906
17.591129302978516
34.883792877197266
12.974494934082031
22.52216339111328
8.132843017578125
3.0174293518066406
-2.5106239318847656
4.8821868896484375
-1.6662139892578125
3.9646873474121094
4.898944854736328
9.108621597290039
6.164249420166016
14.352815628051758
18.23060417175293
11.364463806152344
12.490886688232422
4.100521087646484
5.2205963134765625
2.175537109375
13.458106994628906
15.527664184570312
-1.3381729125976562
15.78958511352539
4.968593597412109
4.425350189208984
11.27603530883789
6.086658477783203
7.1056671142578125
-3.8990821838378906
24.37523078918457
5.2205963134765625
9.839807510375977
21.118274688720703
10.75140380859375
4.5259246826171875
10.56231689453125
8.99410629272461
6.175968170166016
6.786479949951172
11.122093200683594
4.80902099609375
12.760744094848633
21.158775329589844
16.518630981445312
9.16421890258789
11.27603530883789
14.840957641601562
-1.9591407775878906
6.211284637451172
16.057443618774414
13.57891845703125
12.223432540893555
15.053396224975586
13.98452377319336
15.78958511352539
5.528739929199219
22.112152099609375
11.544788360595703
4.968593597412109
13.755783081054688
14.634376525878906
3.1138267517089844
-0.21910858154296875
16.119216918945312
6.531684875488281
16.093944549560547
8.326236724853516
3.5137786865234375
9.495269775390625
14.711189270019531
-2.391376495361328
7.849739074707031
14.840957641601562
7.191562652587891
6.47357177734375
12.507137298583984
11.159923553466797
7.191562652587891
7.146083831787109
12.544536590576172
-3.5098114013671875
14.007890701293945
13.57891845703125
-0.8552017211914062
13.397834777832031
9.298442840576172
10.346794128417969
4.7550048828125
14.634376525878906
8.226505279541016
8.159996032714844
4.1165924072265625
-0.8959503173828125
7.581737518310547
7.179176330566406
20.312267303466797
7.6443023681640625
5.1278228759765625
25.34660530090332
3.458332061767578
11.122093200683594
11.208297729492188
4.082712173461914
10.697807312011719
22.112152099609375
8.855449676513672
-0.17353439331054688
9.16421890258789
18.162132263183594
3.6122894287109375
4.8821868896484375
7.951015472412109
9.298442840576172
6.867786407470703
11.159923553466797
15.352481842041016
5.738029479980469
7.2372589111328125
4.100521087646484
1.0157966613769531
8.085723876953125
7.146083831787109
15.150936126708984
1.4922103881835938
16.119216918945312
3.8443222045898438
-3.4243621826171875
4.858180999755859
8.97259521484375
2.175537109375
15.78958511352539
8.209300994873047
7.581737518310547
0.42731475830078125
12.569477081298828
13.57891845703125
10.222297668457031
8.115680694580078
21.819347381591797
11.801273345947266
-0.3151130676269531
12.49667739868164
3.0442962646484375
10.361631393432617
14.352815628051758
15.053396224975586
6.306419372558594
20.758108139038086
15.78958511352539
11.458450317382812
15.053396224975586
-0.17353439331054688
3.1138267517089844
2.016948699951172
0.6171607971191406
5.472297668457031
1.0266189575195312
11.801273345947266
9.119609832763672
5.2205963134765625
4.068828582763672
5.2205963134765625
15.8193359375
5.6123809814453125
16.119216918945312
5.896419525146484
22.112152099609375
15.053396224975586
12.507461547851562
4.100521087646484
19.679107666015625
5.629322052001953
13.57891845703125
3.708253860473633
16.939027786254883
15.145957946777344
10.532745361328125
11.075695037841797
11.458450317382812
10.788349151611328
8.136661529541016
4.107646942138672
15.78958511352539
11.06576156616211
17.783512115478516
4.9514007568359375
11.100120544433594
11.27603530883789
70.99861145019531
15.6146240234375
11.122093200683594
3.620708465576172
7.146083831787109
7.581737518310547
11.08072280883789
-3.3453102111816406
15.72726821899414
46.37605667114258
8.24116325378418
6.931240081787109
11.075695037841797
6.170703887939453
4.100521087646484
10.393415451049805
-0.7250518798828125
2.556427001953125
11.27603530883789
0.06888961791992188
9.839807510375977
5.030982971191406
-0.2796211242675781
-3.5098114013671875
27.738632202148438
5.8388519287109375
2.6944046020507812
3.6136131286621094
5.840965270996094
22.112152099609375
6.531684875488281
3.8779373168945312
8.922643661499023
16.370403289794922
10.21072006225586
15.2847900390625
16.939027786254883
11.27603530883789
4.854564666748047
5.118560791015625
17.868267059326172
14.179718017578125
4.7261810302734375
8.468978881835938
13.034523010253906
-4.418735504150391
8.768186569213867
6.531684875488281
11.662931442260742
5.1278228759765625
8.908004760742188
15.527664184570312
8.399311065673828
5.2205963134765625
12.945438385009766
5.738029479980469
4.015607833862305
-2.133331298828125
11.827396392822266
5.840965270996094
4.8821868896484375
8.399311065673828
6.041999816894531
5.6123809814453125
9.298442840576172
13.397834777832031
8.855449676513672
7.191562652587891
6.234615325927734
14.087074279785156
9.495269775390625
4.760673522949219
0.032501220703125
20.505067825317383
11.540939331054688
4.562007904052734
17.24999237060547
6.380218505859375
6.170703887939453
12.569477081298828
16.662464141845703
14.439327239990234
4.247802734375
5.730716705322266
5.472297668457031
-0.17353439331054688
3.1138267517089844
12.666561126708984
4.425350189208984
7.191562652587891
6.531684875488281
-1.9432830810546875
8.768186569213867
14.352815628051758
9.298442840576172
50.545249938964844
-1.5955047607421875
5.738029479980469
8.468978881835938
11.364463806152344
9.470794677734375
15.053396224975586
8.768186569213867
21.559606552124023
6.786479949951172
13.681734085083008
14.439327239990234
5.073860168457031
3.1138267517089844
8.837932586669922
4.158802032470703
4.9493255615234375
5.877485275268555
10.788349151611328
11.27603530883789
11.544788360595703
14.087074279785156
9.298442840576172
17.113906860351562
11.27603530883789
17.868267059326172
5.314018249511719
7.2372589111328125
2.175537109375
3.708253860473633
8.06094741821289
8.921188354492188
11.767135620117188
7.6947174072265625
2.6944046020507812
6.531684875488281
17.83767318725586
2.175537109375
3.1138267517089844
17.83767318725586
10.414165496826172
2.023906707763672
10.277511596679688
15.72726821899414
5.738029479980469
21.079740524291992
3.0281810760498047
11.260250091552734
4.0079345703125
14.63907241821289
4.841087341308594
2.175537109375
44.94506072998047
13.184379577636719
6.27239990234375
8.896537780761719
4.247802734375
4.926029205322266
3.301074981689453
1.5535888671875
5.2205963134765625
10.697807312011719
19.219228744506836
7.643505096435547
25.76605987548828
2.175048828125
5.528156280517578
11.275392532348633
17.836746215820312
1.6355705261230469
4.783695220947266
13.579034805297852
5.7391815185546875
17.741952896118164
19.41045379638672
19.971160888671875
5.729846954345703
22.11327362060547
29.97357177734375
18.684541702270508
18.684541702270508
20.33082389831543
20.33082389831543
20.33082389831543
12.992446899414062
23.115203857421875
44.36338806152344
14.19321060180664
28.20876693725586
41.95109558105469
46.87754440307617
48.609375
20.279090881347656
11.344314575195312
10.788520812988281
13.027835845947266
9.828758239746094
11.684890747070312
12.2081298828125
17.401771545410156
17.401771545410156
10.91644287109375
17.401771545410156
11.082321166992188
10.926544189453125
27.873416900634766
10.572628021240234
43.94915008544922
32.74147033691406
9.8699951171875
26.990432739257812
9.877403259277344
12.776596069335938
12.901657104492188
12.600074768066406
-0.5607261657714844
10.238262176513672
9.877639770507812
19.61566925048828
12.901657104492188
32.52268981933594
12.901657104492188
21.797069549560547
12.901657104492188
12.901657104492188
12.901657104492188
12.901657104492188
12.901657104492188
12.901657104492188
12.901657104492188
12.901657104492188
12.901657104492188
12.901657104492188
12.901657104492188
12.901657104492188
12.901657104492188
12.901657104492188
12.901657104492188
12.901657104492188
12.901657104492188
12.901657104492188
9.764625549316406
9.998775482177734
9.921703338623047
9.987533569335938
22.663002014160156
9.724491119384766
10.279510498046875
9.97406005859375
35.363922119140625
14.506399154663086
14.506399154663086
7.748634338378906
34.99644470214844
8.384880065917969
8.320816040039062
10.775413513183594
7.436794281005859
8.320816040039062
10.837198257446289
7.897586822509766
4.1531524658203125
9.863306045532227
6.075897216796875
0.07272720336914062
20.172130584716797
15.527664184570312
15.527664184570312
6.751392364501953
4.037641525268555
6.533498764038086
24.670310974121094
24.670310974121094
20.172130584716797
14.525123596191406
7.322206497192383
18.34949493408203
4.46728515625
80.12164306640625
7.653896331787109
14.19321060180664
36.43684387207031
8.296112060546875
15.436729431152344
8.320816040039062
8.07720947265625
-3.8990821838378906
7.317436218261719
9.212226867675781
8.095985412597656
9.212226867675781
11.528572082519531
17.235755920410156
16.94544219970703
9.230632781982422
6.196010589599609
19.111454010009766
26.458465576171875
13.310619354248047
15.979446411132812
12.436901092529297
0.4182891845703125
2.0661773681640625
9.478900909423828
8.0225830078125
10.76419448852539
4.568885803222656
10.746480941772461
13.12200927734375
10.677387237548828
-0.10904693603515625
1.2863006591796875
9.443557739257812
1.7285728454589844
4.89605712890625
24.589752197265625
3.0243186950683594
13.389633178710938
9.553886413574219
-0.10578536987304688
17.292407989501953
4.991355895996094
4.479084014892578
-0.38173675537109375
-0.001712799072265625
12.399063110351562
6.641868591308594
6.641868591308594
6.641868591308594
12.399063110351562
12.399063110351562
11.88477897644043
11.88477897644043
3.451375961303711
3.451375961303711
12.399063110351562
10.498922348022461
15.306411743164062
9.947689056396484
3.3157119750976562
6.641868591308594
-1.5762557983398438
10.868972778320312
9.42816162109375
0.25078582763671875
-0.4811820983886719
2.1940765380859375
-0.6864433288574219
3.3157119750976562
-0.19070053100585938
-1.378326416015625
5.349109649658203
4.479084014892578
4.479084014892578
4.479084014892578
9.443557739257812
3.3582496643066406
4.2857666015625
3.7941818237304688
12.399063110351562
8.752273559570312
-0.001712799072265625
-0.001712799072265625
12.399063110351562
14.775909423828125
16.34473419189453
8.294937133789062
4.479084014892578
9.443557739257812
22.439315795898438
4.479084014892578
3.3157119750976562
-1.1768035888671875
5.060855865478516
5.271312713623047
5.5543670654296875
9.443557739257812
2.6438255310058594
8.703998565673828
10.083381652832031
13.480581283569336
0.7283096313476562
11.561973571777344
7.060413360595703
-0.9359359741210938
16.71234703063965
9.443557739257812
4.479084014892578
1.5225906372070312
8.639251708984375
5.959644317626953
13.179718017578125
9.972488403320312
5.300556182861328
9.443557739257812
-0.3528327941894531
22.208280563354492
13.642898559570312
9.578540802001953
8.559261322021484
9.233631134033203
22.317718505859375
10.746845245361328
8.723270416259766
9.507453918457031
15.906330108642578
8.296112060546875
7.218818664550781
16.599533081054688
12.436901092529297
13.12200927734375
10.677387237548828
10.746480941772461
10.677387237548828
8.0225830078125
9.478900909423828
8.0225830078125
5.917657852172852
9.890754699707031
0.6916351318359375
2.0661773681640625
0.4182891845703125
2.0661773681640625
27.030223846435547
10.868972778320312
39.81709289550781
11.55003547668457
7.993602752685547
11.55003547668457
1.5561180114746094
11.55003547668457
7.993602752685547
11.55003547668457
1.0179328918457031
20.291656494140625
8.869979858398438
-0.8297615051269531
10.781200408935547
7.66607666015625
7.669221878051758
7.999225616455078
7.069221496582031
7.999225616455078
7.999225616455078
7.069221496582031
-1.5091705322265625
7.707508087158203
4.091114044189453
7.707508087158203
8.172142028808594
7.6590728759765625
11.189910888671875
7.9323272705078125
10.74911880493164
6.041999816894531
4.675258636474609
6.041999816894531
11.446014404296875
13.556591033935547
11.446014404296875
7.501979827880859
2.916545867919922
9.577606201171875
12.20913314819336
4.3979949951171875
3.451375961303711
3.451375961303711
3.451375961303711
11.88477897644043
11.88477897644043
11.88477897644043
11.88477897644043
3.451375961303711
11.88477897644043
3.451375961303711
3.451375961303711
3.451375961303711
3.451375961303711
11.88477897644043
11.88477897644043
11.88477897644043
-0.030029296875
2.3556747436523438
7.707508087158203
4.091114044189453
7.707508087158203
6.542949676513672
9.088661193847656
7.999225616455078
7.069221496582031
7.999225616455078
9.03622817993164
7.999225616455078
7.069221496582031
16.396760940551758
15.441585540771484
16.396760940551758
1.0184898376464844
14.459615707397461
15.091140747070312
15.091140747070312
5.302238464355469
7.999225616455078
7.069221496582031
7.999225616455078
7.069221496582031
7.999225616455078
12.942394256591797
4.443199157714844
1.16314697265625
9.253534317016602
11.115346908569336
-2.0324630737304688
7.290369033813477
5.783330917358398
7.290369033813477
5.528739929199219
2.065532684326172
5.528739929199219
6.266960144042969
2.791637420654297
6.913051605224609
7.963111877441406
8.66839599609375
7.290369033813477
5.783330917358398
7.290369033813477
12.192464828491211
15.527664184570312
12.192464828491211
14.469635009765625
8.988479614257812
5.528739929199219
2.065532684326172
5.528739929199219
5.528739929199219
2.065532684326172
7.999225616455078
7.069221496582031
10.03133773803711
3.253814697265625
9.253534317016602
11.115346908569336
9.253534317016602
7.999225616455078
7.5873870849609375
7.333164215087891
18.31525230407715
7.333164215087891
17.704647064208984
12.900285720825195
17.704647064208984
17.704647064208984
15.306411743164062
10.498922348022461
15.306411743164062
15.306411743164062
10.498922348022461
62.92164993286133
8.286491394042969
7.661598205566406
11.565046310424805
10.052804946899414
11.565046310424805
9.42816162109375
10.868972778320312
9.42816162109375
6.516746520996094
2.779308319091797
9.121940612792969
10.584327697753906
12.625518798828125
0.7168540954589844
27.859617233276367
11.179496765136719
7.661598205566406
7.833707809448242
10.491046905517578
-1.205810546875
3.7941818237304688
0.8000984191894531
7.3293914794921875
7.0564727783203125
-0.4375495910644531
3.451375961303711
3.451375961303711
3.451375961303711
16.881607055664062
3.2796363830566406
14.511283874511719
0.43160247802734375
3.451375961303711
3.451375961303711
3.451375961303711
3.451375961303711
3.451375961303711
20.172130584716797
9.18368911743164
8.057579040527344
10.57177734375
15.306411743164062
10.498922348022461
0.333984375
25.34660530090332
14.68436050415039
15.163681030273438
8.607568740844727
-6.0713653564453125
15.163681030273438
-6.0713653564453125
50.13828659057617
45.327510833740234
-6.0713653564453125
-6.0713653564453125
-6.0713653564453125
-6.0713653564453125
11.082557678222656
-6.0713653564453125
-6.0713653564453125
-6.0713653564453125
-6.0713653564453125
-6.0713653564453125
-6.0713653564453125
-6.0713653564453125
-6.0713653564453125
-6.0713653564453125
-6.0713653564453125
9.88751220703125
26.391536712646484
15.163681030273438
-6.0713653564453125
-6.0713653564453125
9.88751220703125
-6.0713653564453125
-6.0713653564453125
-6.0713653564453125
9.88751220703125
-6.0713653564453125
-6.0713653564453125
25.596651077270508
-6.0713653564453125
-6.0713653564453125
9.88751220703125
11.222766876220703
18.12993621826172
-6.0713653564453125
-6.0713653564453125
9.88751220703125
-6.0713653564453125
-6.0713653564453125
-6.0713653564453125
9.88751220703125
-6.0713653564453125
-6.0713653564453125
-6.0713653564453125
-6.0713653564453125
9.88751220703125
3.960491180419922
7.339132308959961
-6.0713653564453125
3.42437744140625
8.659688949584961
-6.0713653564453125
9.88751220703125
-6.0713653564453125
-6.0713653564453125
-6.0713653564453125
-6.0713653564453125
9.88751220703125
4.967552185058594
6.467288970947266
-6.0713653564453125
-6.0713653564453125
9.88751220703125
21.24099349975586
-6.0713653564453125
-6.0713653564453125
5.477479934692383
6.192996978759766
24.529335021972656
9.350151062011719
-6.0713653564453125
-6.0713653564453125
9.88751220703125
12.179584503173828
12.179584503173828
5.298717498779297
8.825977325439453
12.179584503173828
9.88751220703125
12.179584503173828
12.179584503173828
9.88751220703125
11.003227233886719
11.003227233886719
11.222766876220703
9.832759857177734
11.003227233886719
11.003227233886719
12.23223876953125
10.229503631591797
12.23223876953125
19.824111938476562
9.88751220703125
11.38882064819336
11.38882064819336
9.026168823242188
16.781688690185547
9.88751220703125
11.38882064819336
11.38882064819336
5.6618499755859375
14.628303527832031
8.235258102416992
11.38882064819336
27.25574493408203
9.88751220703125
4.967552185058594
6.896942138671875
18.433530807495117
15.694507598876953
12.154472351074219
4.230243682861328
4.865196228027344
9.026168823242188
11.389963150024414
14.19321060180664
18.876304626464844
7.278341293334961
12.154472351074219
7.699117660522461
12.23223876953125
11.83420181274414
9.836585998535156
9.836585998535156
7.3650054931640625
6.927806854248047
24.529335021972656
9.405292510986328
7.043344497680664
7.924812316894531
7.532497406005859
9.88751220703125
8.492134094238281
12.23223876953125
9.254642486572266
12.154472351074219
7.2107086181640625
7.344684600830078
7.110788345336914
12.906425476074219
6.927806854248047
9.165027618408203
8.874088287353516
8.90451431274414
8.161802291870117
7.422464370727539
12.906425476074219
6.237293243408203
12.906425476074219
9.88751220703125
12.906425476074219
24.529335021972656
12.199665069580078
12.906425476074219
15.836631774902344
6.004888534545898
6.239931106567383
12.906450271606445
15.83425521850586
7.429454803466797
10.60447883605957
23.75672149658203
19.33959197998047
-5.135337829589844
-5.135337829589844
60.2164421081543
-5.135337829589844
19.33959197998047
-5.135337829589844
10.566696166992188
4.317512512207031
13.844013214111328
17.46815299987793
28.202373504638672
-5.135337829589844
-5.135337829589844
-5.135337829589844
-5.135337829589844
-5.135337829589844
-5.135337829589844
-5.135337829589844
-5.135337829589844
37.34286117553711
-5.135337829589844
-5.135337829589844
-5.135337829589844
-5.135337829589844
-5.135337829589844
-5.135337829589844
-5.135337829589844
-5.135337829589844
-5.135337829589844
-5.135337829589844
-5.135337829589844
-5.135337829589844
-5.135337829589844
-5.135337829589844
-5.135337829589844
-5.135337829589844
-5.135337829589844
-5.135337829589844
-5.135337829589844
-5.135337829589844
-5.135337829589844
-5.135337829589844
-5.135337829589844
-5.135337829589844
-5.135337829589844
-5.135337829589844
-5.135337829589844
-5.135337829589844
-5.135337829589844
-5.135337829589844
-5.135337829589844
-5.135337829589844
-5.135337829589844
-5.135337829589844
-5.135337829589844
-5.135337829589844
-5.135337829589844
-5.135337829589844
-5.135337829589844
-5.135337829589844
-5.135337829589844
-5.135337829589844
-5.135337829589844
-5.135337829589844
-5.135337829589844
-5.135337829589844
-5.135337829589844
-5.135337829589844
-5.135337829589844
-5.135337829589844
-5.135337829589844
-5.135337829589844
-5.135337829589844
-5.135337829589844
-5.135337829589844
-5.135337829589844
-5.135337829589844
-5.135337829589844
-5.135337829589844
-5.135337829589844
4.784477233886719
5.724369049072266
-0.7345542907714844
14.525127410888672
19.934646606445312
15.743268966674805
11.627616882324219
15.743268966674805
11.627616882324219
6.200252532958984
4.9662933349609375
5.01715087890625
10.395740509033203
10.345977783203125
6.942314147949219
-3.120655059814453
0.5746612548828125
5.724369049072266
-0.8671035766601562
9.183692932128906
8.05758285522461
6.942314147949219
5.5489501953125
9.183692932128906
6.441745758056641
7.523372650146484
6.747230529785156
6.457271575927734
32.443626403808594
6.942314147949219
1.7253456115722656
2.45184326171875
15.743268966674805
11.627616882324219
3.153656005859375
15.743268966674805
11.627616882324219
3.153656005859375
20.728679656982422
11.605548858642578
12.114322662353516
-2.931671142578125
9.183692932128906
8.05758285522461
2.250751495361328
11.605548858642578
12.114322662353516
9.534778594970703
11.605548858642578
12.114322662353516
9.534778594970703
30.327743530273438
24.670310974121094
24.670310974121094
24.670310974121094
4.926027297973633
5.982574462890625
11.605548858642578
12.114322662353516
9.534778594970703
9.183692932128906
8.05758285522461
10.571775436401367
11.605548858642578
12.114322662353516
9.534778594970703
11.605548858642578
4.793245315551758
5.726848602294922
13.31570816040039
8.08572769165039
6.980930328369141
3.4742393493652344
0.5618362426757812
8.08572769165039
6.980930328369141
15.306415557861328
10.498920440673828
15.306415557861328
15.306415557861328
10.498920440673828
37.30423355102539
1.2062492370605469
-0.31264495849609375
4.639606475830078
12.114322662353516
9.534778594970703
-0.4375495910644531
12.489967346191406
10.343160629272461
12.489967346191406
48.429283142089844
13.45284652709961
11.965486526489258
9.370306015014648
13.45284652709961
11.965486526489258
13.45284652709961
3.412322998046875
2.791637420654297
6.913051605224609
7.963111877441406
1.3149147033691406
8.286491394042969
6.665840148925781
11.179496765136719
7.661598205566406
7.833703994750977
7.661598205566406
11.565042495727539
10.052801132202148
11.565042495727539
8.022584915161133
9.478902816772461
8.022584915161133
2.0661849975585938
0.4182891845703125
2.0661849975585938
8.08572769165039
6.980930328369141
-0.7564620971679688
19.788658142089844
42.95008087158203
9.428157806396484
10.868972778320312
9.428157806396484
-0.44599151611328125
0.5979766845703125
0.5461196899414062
3.7941856384277344
4.107292175292969
7.3293914794921875
13.45284652709961
11.965486526489258
10.96371841430664
10.498420715332031
11.442462921142578
8.599365234375
-1.1451148986816406
10.22140121459961
-0.8961296081542969
-0.5007400512695312
4.917108535766602
7.546710968017578
9.915401458740234
8.24896240234375
26.071186065673828
9.403789520263672
10.797863006591797
1.2090644836425781
2.9300384521484375
-2.0498046875
5.214241027832031
2.292194366455078
7.707508087158203
4.091117858886719
7.707508087158203
6.272216796875
-1.0077018737792969
12.625518798828125
9.598567962646484
9.121940612792969
-0.9799728393554688
8.784420013427734
13.179718017578125
9.972496032714844
13.663261413574219
-1.2647781372070312
11.55003547668457
7.993602752685547
11.55003547668457
5.971321105957031
7.9992218017578125
7.069221496582031
7.9992218017578125
7.9992218017578125
7.069221496582031
14.646110534667969
14.523889541625977
14.646110534667969
7.9992218017578125
7.069221496582031
7.9992218017578125
5.9913482666015625
8.611946105957031
6.769161224365234
7.9992218017578125
7.069221496582031
7.375968933105469
7.9992218017578125
7.069221496582031
7.9992218017578125
12.686481475830078
6.572658538818359
12.686481475830078
7.9992218017578125
7.069221496582031
7.9992218017578125
7.069221496582031
7.9992218017578125
8.333419799804688
9.743095397949219
7.5584716796875
7.713005065917969
13.122001647949219
11.072906494140625
8.148515701293945
-1.2870864868164062
9.054378509521484
2.5032501220703125
12.13772201538086
9.253538131713867
11.115346908569336
9.253538131713867
12.192464828491211
15.527664184570312
12.192464828491211
7.290369033813477
5.783332824707031
7.290369033813477
3.1105880737304688
20.695859909057617
-2.506439208984375
4.252010345458984
15.051750183105469
4.252010345458984
12.70187759399414
7.9992218017578125
7.069221496582031
15.743268966674805
11.627616882324219
14.76491928100586
7.9992218017578125
7.069221496582031
7.290369033813477
5.783332824707031
7.290369033813477
22.491973876953125
5.528739929199219
2.065532684326172
5.528739929199219
2.791637420654297
6.913051605224609
7.963111877441406
-0.38632965087890625
5.528739929199219
2.065532684326172
5.528739929199219
5.528739929199219
2.065532684326172
7.9992218017578125
7.069221496582031
1.5478286743164062
5.5251922607421875
7.333164215087891
18.315248489379883
7.332775115966797
-2.77508544921875
0.5680732727050781
9.252326965332031
11.114055633544922
