32.363948822021484
35.34510040283203
36.91965103149414
34.703857421875
33.69491958618164
34.53091049194336
30.05681800842285
44.501129150390625
35.51881408691406
33.27830505371094
31.568523406982422
30.96044921875
36.31438446044922
31.968841552734375
33.13481903076172
31.57094955444336
37.34723663330078
34.24283218383789
30.03702163696289
35.8526725769043
39.8962287902832
39.93928527832031
40.20120620727539
35.51881408691406
32.3383674621582
30.94399070739746
30.7064151763916
39.72746276855469
35.95977020263672
31.691795349121094
30.97300910949707
34.25350570678711
35.3773193359375
33.750213623046875
33.678199768066406
32.3525390625
35.51881408691406
45.54069519042969
41.849143981933594
37.383270263671875
32.441436767578125
34.141239166259766
34.549781799316406
30.29589080810547
31.156753540039062
31.490530014038086
31.71400260925293
32.28989791870117
32.725929260253906
35.16571044921875
31.9563045501709
40.0953483581543
34.49958419799805
38.43537521362305
35.72949981689453
31.138418197631836
33.678199768066406
34.25350570678711
34.554447174072266
40.98807907104492
30.965679168701172
42.09283447265625
34.52777862548828
35.34510040283203
40.14804458618164
33.49754333496094
35.21345520019531
36.485286712646484
37.48543930053711
33.678199768066406
35.84323501586914
41.56734848022461
40.10197448730469
34.84127426147461
33.956077575683594
34.392974853515625
50.3643684387207
32.54827880859375
37.0758171081543
44.91059494018555
32.24509811401367
36.035308837890625
39.581138610839844
33.8331413269043
40.14804458618164
34.15023422241211
30.444438934326172
32.6644287109375
39.42415237426758
39.74983215332031
33.438114166259766
44.501129150390625
34.66124725341797
42.09283447265625
35.933013916015625
34.05982971191406
38.25492477416992
34.52777862548828
39.93928527832031
39.8962287902832
34.6510009765625
31.854156494140625
36.91107177734375
33.66682434082031
38.4017333984375
33.8253059387207
30.922935485839844
32.332115173339844
34.59823226928711
31.313587188720703
50.09538269042969
34.15023422241211
32.89006805419922
32.07490158081055
41.195167541503906
36.80548858642578
32.89006805419922
32.94761276245117
32.083740234375
31.037004470825195
36.435523986816406
39.74983215332031
31.06011390686035
33.96269226074219
40.20120620727539
37.171207427978516
30.322553634643555
39.8962287902832
36.69040298461914
33.74831771850586
32.422119140625
30.990848541259766
35.3773193359375
31.0931396484375
34.07707977294922
32.860984802246094
32.8228874206543
35.49567794799805
33.956512451171875
33.08882141113281
37.099266052246094
30.114774703979492
36.28885269165039
34.05982971191406
37.51364517211914
30.211088180541992
33.8331413269043
42.72509002685547
34.027164459228516
31.490530014038086
33.75419235229492
40.20120620727539
32.694557189941406
36.80548858642578
38.94456481933594
37.49103927612305
33.63810729980469
31.138418197631836
30.307247161865234
32.744407653808594
32.94761276245117
35.59843826293945
33.89433288574219
36.91107177734375
32.973819732666016
31.62546157836914
30.498615264892578
34.61006546020508
34.25350570678711
42.09283447265625
32.09418487548828
35.3773193359375
31.353713989257812
34.87422561645508
39.74983215332031
36.8542366027832
34.437538146972656
47.79452896118164
40.66372299194336
32.28451919555664
39.249691009521484
32.8456916809082
37.26671600341797
40.0953483581543
44.501129150390625
44.025962829589844
40.78379821777344
42.09283447265625
38.129302978515625
44.501129150390625
30.211088180541992
34.6510009765625
30.573265075683594
32.75569534301758
32.986061096191406
30.898681640625
40.66372299194336
35.0640869140625
33.678199768066406
34.97343444824219
33.678199768066406
31.850690841674805
35.26937484741211
36.91107177734375
34.10255813598633
34.05982971191406
44.501129150390625
44.48811721801758
31.138418197631836
45.26343536376953
33.26155090332031
39.74983215332031
31.589399337768555
32.76932907104492
33.58503341674805
31.257423400878906
39.84206008911133
38.129302978515625
34.41511917114258
33.55097579956055
31.14310073852539
42.09283447265625
37.985721588134766
32.56773376464844
31.24649429321289
39.73454284667969
40.14804458618164
45.05351257324219
36.504600524902344
33.08882141113281
32.10875701904297
32.94761276245117
35.3773193359375
37.05315017700195
30.68181800842285
35.30126953125
40.28717041015625
37.85596466064453
32.249305725097656
39.84206008911133
33.62736511230469
31.138418197631836
41.67091369628906
30.77904510498047
31.895915985107422
40.14804458618164
30.878097534179688
35.84323501586914
48.41118621826172
30.825969696044922
31.037004470825195
39.040157318115234
32.106204986572266
31.52796173095703
32.1992301940918
32.363948822021484
34.05982971191406
33.66682434082031
35.71627426147461
36.567352294921875
40.64307403564453
37.17496109008789
31.192760467529297
32.76932907104492
40.14804458618164
31.156782150268555
34.44495391845703
38.89312744140625
34.05084228515625
31.101085662841797
35.51881408691406
39.916229248046875
30.961257934570312
31.25197410583496
33.66682434082031
32.568756103515625
32.8228874206543
31.429670333862305
40.98807907104492
33.078514099121094
33.678199768066406
37.212867736816406
37.49103927612305
30.93584442138672
31.424314498901367
31.149202346801758
32.363948822021484
31.490530014038086
33.078514099121094
35.04001235961914
35.26937484741211
40.20120620727539
33.96269226074219
37.51364517211914
32.89006805419922
33.350257873535156
35.80534744262695
32.332115173339844
32.5997314453125
31.332847595214844
33.6517333984375
37.022239685058594
32.6956672668457
34.1412239074707
32.20008850097656
33.62736511230469
34.87422561645508
38.68365478515625
37.34723663330078
31.691795349121094
32.3383674621582
32.986061096191406
30.211088180541992
34.6510009765625
34.32295227050781
35.34510040283203
32.89006805419922
33.66682434082031
30.379249572753906
31.25197410583496
40.0953483581543
40.20120620727539
33.964298248291016
30.204065322875977
37.49103927612305
35.51881408691406
38.43537521362305
36.2022819519043
44.501129150390625
31.25197410583496
40.72452163696289
32.54827880859375
35.9107551574707
37.34723663330078
31.41645050048828
34.6510009765625
38.262699127197266
33.750213623046875
33.13481903076172
32.76255798339844
34.41511917114258
40.14804458618164
38.25492477416992
35.80534744262695
40.20120620727539
34.08644104003906
40.14804458618164
38.89312744140625
33.689918518066406
33.63810729980469
34.25350570678711
31.589399337768555
37.236061096191406
34.607479095458984
39.709320068359375
31.501821517944336
31.52796173095703
33.66682434082031
41.320404052734375
34.25350570678711
34.6510009765625
41.320404052734375
33.55132293701172
30.678129196166992
37.22226333618164
35.30126953125
37.49103927612305
39.62456130981445
31.348648071289062
37.86869430541992
35.161136627197266
38.19348907470703
32.628822326660156
34.25350570678711
37.74704360961914
41.65616989135742
31.800418853759766
30.412029266357422
31.691795349121094
34.50090026855469
30.081117630004883
34.379573822021484
33.678199768066406
36.28885269165039
39.884803771972656
39.200904846191406
35.23661422729492
34.25312805175781
35.93291473388672
40.14818572998047
41.32040786743164
33.714515686035156
31.504486083984375
39.75010681152344
37.491512298583984
35.9527587890625
38.00859069824219
45.36793518066406
32.3384895324707
34.05973815917969
39.25857925415039
33.50694274902344
33.50694274902344
39.34335708618164
39.34335708618164
39.34335708618164
36.526580810546875
37.02988815307617
51.56548309326172
36.31952667236328
46.66557312011719
50.12758255004883
51.18509292602539
62.90353012084961
36.63051986694336
37.787567138671875
37.53821563720703
38.25527572631836
37.21525573730469
37.83222961425781
38.011940002441406
37.10562515258789
37.10562515258789
36.81349563598633
37.10562515258789
34.878990173339844
37.05594253540039
39.121673583984375
49.886810302734375
40.15668487548828
47.279815673828125
49.679420471191406
39.72394561767578
49.64599609375
92.47872161865234
92.36946868896484
92.36365509033203
30.98784828186035
49.27949523925781
49.66387176513672
86.51028442382812
92.36946868896484
39.989097595214844
92.36946868896484
40.29454803466797
92.36946868896484
92.36946868896484
92.36946868896484
92.36946868896484
92.36946868896484
92.36946868896484
92.36946868896484
92.36946868896484
92.36946868896484
92.36946868896484
92.36946868896484
92.36946868896484
92.36946868896484
92.36946868896484
92.36946868896484
92.36946868896484
92.36946868896484
92.36946868896484
49.61130905151367
49.61451721191406
49.665260314941406
49.64936828613281
45.82380294799805
49.80560302734375
49.5329704284668
49.6739616394043
39.46237564086914
33.09632110595703
33.09632110595703
37.0609245300293
53.84854507446289
41.26911926269531
41.11540222167969
35.4736442565918
41.152565002441406
41.11540222167969
34.57478713989258
40.98173141479492
33.10609817504883
34.69454574584961
31.26348304748535
30.928892135620117
34.851600646972656
40.98807907104492
40.98807907104492
30.922325134277344
30.650897979736328
31.13706398010254
37.4991340637207
37.4991340637207
34.851600646972656
42.196556091308594
31.712717056274414
34.216346740722656
31.164384841918945
62.53300857543945
31.920793533325195
36.31952667236328
39.08747863769531
40.3189811706543
36.383514404296875
41.11540222167969
41.244873046875
36.485286712646484
41.08702087402344
41.43679428100586
41.17009353637695
41.43679428100586
37.748191833496094
43.53423309326172
38.661468505859375
39.77834701538086
37.81481170654297
40.449615478515625
44.71848678588867
41.27177810668945
43.311607360839844
41.04464340209961
33.64139175415039
34.90658187866211
33.023773193359375
34.27373123168945
49.23381042480469
31.97709083557129
35.10088348388672
42.07880783081055
35.08108901977539
31.876758575439453
33.17527389526367
32.485050201416016
33.07279586791992
34.024681091308594
41.44133758544922
33.59117126464844
46.013526916503906
32.6381950378418
31.70789909362793
38.367069244384766
34.817874908447266
32.430301666259766
31.653499603271484
29.937156677246094
33.31096267700195
32.07558822631836
32.07558822631836
32.07558822631836
33.31096267700195
33.31096267700195
41.63093948364258
41.63093948364258
32.48243713378906
32.48243713378906
33.31096267700195
41.21735763549805
43.78067398071289
35.758155822753906
32.27509307861328
32.07558822631836
30.80906867980957
42.675132751464844
39.27186965942383
31.49504852294922
31.567073822021484
33.26311111450195
31.539962768554688
32.27509307861328
31.484891891479492
30.983551025390625
30.776817321777344
32.430301666259766
32.430301666259766
32.430301666259766
32.485050201416016
33.62807083129883
32.69156265258789
32.1173095703125
33.31096267700195
32.3238410949707
29.937156677246094
29.937156677246094
33.31096267700195
45.93751525878906
45.93035125732422
47.783042907714844
32.430301666259766
32.485050201416016
35.77815628051758
32.430301666259766
32.27509307861328
31.423795700073242
34.18782424926758
33.40309143066406
33.810096740722656
32.485050201416016
32.79246139526367
47.613807678222656
33.34421920776367
41.70439910888672
31.782499313354492
42.04825210571289
31.610441207885742
31.582286834716797
37.8109245300293
32.485050201416016
32.430301666259766
33.063026428222656
34.941184997558594
31.770374298095703
36.999332427978516
36.51719665527344
31.943552017211914
32.485050201416016
31.4167537689209
34.2349739074707
41.68709945678711
37.04001235961914
41.37275314331055
41.819541931152344
39.89043045043945
36.86111831665039
41.716800689697266
41.60136795043945
37.64539337158203
40.3189811706543
33.60713577270508
39.81779098510742
41.04464340209961
42.07880783081055
35.08108901977539
35.10088348388672
35.08108901977539
34.27373123168945
33.023773193359375
34.27373123168945
33.03200149536133
33.246070861816406
31.469242095947266
34.90658187866211
33.64139175415039
34.90658187866211
48.309749603271484
42.675132751464844
62.4466552734375
35.34754943847656
32.913787841796875
35.34754943847656
31.647621154785156
35.34754943847656
32.913787841796875
35.34754943847656
31.087173461914062
33.555416107177734
31.279983520507812
30.106185913085938
36.670257568359375
36.2637939453125
36.60099411010742
37.48915481567383
33.950313568115234
37.48915481567383
37.48915481567383
33.950313568115234
29.779441833496094
35.23765182495117
32.472652435302734
35.23765182495117
51.27291488647461
50.825439453125
50.736045837402344
50.169830322265625
50.375308990478516
35.04001235961914
32.255062103271484
35.04001235961914
35.490055084228516
37.81087112426758
35.490055084228516
45.91764831542969
31.169147491455078
40.199073791503906
36.26778030395508
34.94803237915039
32.48243713378906
32.48243713378906
32.48243713378906
41.63093948364258
41.63093948364258
41.63093948364258
41.63093948364258
32.48243713378906
41.63093948364258
32.48243713378906
32.48243713378906
32.48243713378906
32.48243713378906
41.63093948364258
41.63093948364258
41.63093948364258
30.15940284729004
32.620887756347656
35.23765182495117
32.472652435302734
35.23765182495117
48.129371643066406
32.066341400146484
37.48915481567383
33.950313568115234
37.48915481567383
44.43932342529297
37.48915481567383
33.950313568115234
39.92866134643555
39.194480895996094
39.92866134643555
32.403133392333984
35.31119918823242
36.508155822753906
36.508155822753906
31.185379028320312
37.48915481567383
33.950313568115234
37.48915481567383
33.950313568115234
37.48915481567383
38.284637451171875
31.373004913330078
30.73042106628418
40.63825225830078
39.451087951660156
31.023231506347656
36.87625503540039
34.35795974731445
36.87625503540039
35.933013916015625
34.18946075439453
35.933013916015625
32.353416442871094
33.76441955566406
33.00170135498047
34.5006217956543
31.896881103515625
36.87625503540039
34.35795974731445
36.87625503540039
41.326656341552734
40.98807907104492
41.326656341552734
37.420108795166016
31.925973892211914
35.933013916015625
34.18946075439453
35.933013916015625
35.933013916015625
34.18946075439453
37.48915481567383
33.950313568115234
32.15398406982422
32.99546432495117
40.63825225830078
39.451087951660156
40.63825225830078
37.48915481567383
31.088102340698242
34.86275863647461
33.402591705322266
34.86275863647461
36.32108688354492
32.5312385559082
36.32108688354492
36.32108688354492
43.78067398071289
41.21735763549805
43.78067398071289
43.78067398071289
41.21735763549805
40.15433120727539
33.20445251464844
33.523807525634766
35.20317840576172
34.04177474975586
35.20317840576172
39.27186965942383
42.675132751464844
39.27186965942383
32.048641204833984
32.74586868286133
33.93714141845703
34.233436584472656
35.29741668701172
33.2047233581543
33.36175537109375
33.742671966552734
33.523807525634766
33.564361572265625
31.703941345214844
29.788633346557617
32.1173095703125
31.05154037475586
34.31635665893555
31.685850143432617
29.575063705444336
32.48243713378906
32.48243713378906
32.48243713378906
34.85575485229492
34.70795440673828
37.30097198486328
30.577980041503906
32.48243713378906
32.48243713378906
32.48243713378906
32.48243713378906
32.48243713378906
34.851600646972656
32.145477294921875
31.662235260009766
32.42501449584961
43.78067398071289
41.21735763549805
30.159339904785156
35.49567794799805
34.45232009887695
42.43360137939453
33.83921813964844
53.04218292236328
42.43360137939453
53.04218292236328
57.545406341552734
60.61882400512695
53.04218292236328
53.04218292236328
53.04218292236328
53.04218292236328
36.74986267089844
53.04218292236328
53.04218292236328
53.04218292236328
53.04218292236328
53.04218292236328
53.04218292236328
53.04218292236328
53.04218292236328
53.04218292236328
53.04218292236328
35.5845947265625
57.456722259521484
42.43360137939453
53.04218292236328
53.04218292236328
35.5845947265625
53.04218292236328
53.04218292236328
53.04218292236328
35.5845947265625
53.04218292236328
53.04218292236328
35.34186935424805
53.04218292236328
53.04218292236328
35.5845947265625
38.075252532958984
33.6513557434082
53.04218292236328
53.04218292236328
35.5845947265625
53.04218292236328
53.04218292236328
53.04218292236328
35.5845947265625
53.04218292236328
53.04218292236328
53.04218292236328
53.04218292236328
35.5845947265625
32.696632385253906
32.40752410888672
53.04218292236328
30.88225555419922
34.6482048034668
53.04218292236328
35.5845947265625
53.04218292236328
53.04218292236328
53.04218292236328
53.04218292236328
35.5845947265625
34.62568664550781
33.18988037109375
53.04218292236328
53.04218292236328
35.5845947265625
30.628843307495117
53.04218292236328
53.04218292236328
30.5683650970459
31.77426528930664
43.264564514160156
33.248374938964844
53.04218292236328
53.04218292236328
35.5845947265625
39.862953186035156
39.862953186035156
33.828243255615234
31.997373580932617
39.862953186035156
35.5845947265625
39.862953186035156
39.862953186035156
35.5845947265625
39.09283447265625
39.09283447265625
38.075252532958984
33.66756057739258
39.09283447265625
39.09283447265625
37.31375503540039
32.875980377197266
37.31375503540039
32.40312576293945
35.5845947265625
38.720157623291016
38.720157623291016
37.06599044799805
33.9189567565918
35.5845947265625
38.720157623291016
38.720157623291016
34.72065734863281
33.10247802734375
32.38330841064453
38.720157623291016
40.05750274658203
35.5845947265625
34.62568664550781
32.6240234375
34.23446273803711
38.61893081665039
38.4525032043457
33.91066360473633
31.612089157104492
37.06599044799805
32.01028060913086
36.31952667236328
33.219608306884766
31.522504806518555
38.4525032043457
30.760744094848633
37.31375503540039
32.45842742919922
31.657470703125
31.657470703125
31.336530685424805
31.80132293701172
43.264564514160156
32.497398376464844
31.294200897216797
31.848316192626953
31.264127731323242
35.5845947265625
31.611286163330078
37.31375503540039
33.14839172363281
38.4525032043457
31.6436710357666
31.749210357666016
31.806657791137695
38.17814636230469
31.80132293701172
32.534542083740234
31.97767448425293
31.591026306152344
31.404874801635742
31.445880889892578
38.17814636230469
31.209653854370117
38.17814636230469
35.5845947265625
38.17814636230469
43.264564514160156
32.52365493774414
38.17814636230469
39.55705261230469
30.78062629699707
31.531147003173828
38.17786407470703
39.55622100830078
34.32861328125
36.1036376953125
35.16844177246094
35.21746826171875
36.48949432373047
36.48949432373047
55.67450714111328
36.48949432373047
35.21746826171875
36.48949432373047
35.07345962524414
34.160099029541016
33.75722885131836
32.17799758911133
42.89291763305664
36.48949432373047
36.48949432373047
36.48949432373047
36.48949432373047
36.48949432373047
36.48949432373047
36.48949432373047
36.48949432373047
39.916507720947266
36.48949432373047
36.48949432373047
36.48949432373047
36.48949432373047
36.48949432373047
36.48949432373047
36.48949432373047
36.48949432373047
36.48949432373047
36.48949432373047
36.48949432373047
36.48949432373047
36.48949432373047
36.48949432373047
36.48949432373047
36.48949432373047
36.48949432373047
36.48949432373047
36.48949432373047
36.48949432373047
36.48949432373047
36.48949432373047
36.48949432373047
36.48949432373047
36.48949432373047
36.48949432373047
36.48949432373047
36.48949432373047
36.48949432373047
36.48949432373047
36.48949432373047
36.48949432373047
36.48949432373047
36.48949432373047
36.48949432373047
36.48949432373047
36.48949432373047
36.48949432373047
36.48949432373047
36.48949432373047
36.48949432373047
36.48949432373047
36.48949432373047
36.48949432373047
36.48949432373047
36.48949432373047
36.48949432373047
36.48949432373047
36.48949432373047
36.48949432373047
36.48949432373047
36.48949432373047
36.48949432373047
36.48949432373047
36.48949432373047
36.48949432373047
36.48949432373047
36.48949432373047
36.48949432373047
36.48949432373047
30.922748565673828
31.932355880737305
32.3150634765625
42.196556091308594
38.67898178100586
36.98051071166992
34.29451370239258
36.98051071166992
34.29451370239258
50.17459487915039
50.15598678588867
49.72743606567383
47.50442886352539
33.41798400878906
35.22298049926758
30.700775146484375
30.43790054321289
31.932355880737305
31.827072143554688
32.145477294921875
31.662235260009766
35.22298049926758
31.428312301635742
32.145477294921875
31.363903045654297
32.625858306884766
31.663183212280273
32.1884880065918
35.49290466308594
35.22298049926758
31.347015380859375
29.57091522216797
36.98051071166992
34.29451370239258
31.626373291015625
36.98051071166992
34.29451370239258
31.626373291015625
33.024864196777344
36.461700439453125
35.68970489501953
32.342533111572266
32.145477294921875
31.662235260009766
31.326284408569336
36.461700439453125
35.68970489501953
33.00054168701172
36.461700439453125
35.68970489501953
33.00054168701172
37.02110290527344
37.4991340637207
37.4991340637207
37.4991340637207
34.50090026855469
34.38108825683594
36.461700439453125
35.68970489501953
33.00054168701172
32.145477294921875
31.662235260009766
32.42501449584961
36.461700439453125
35.68970489501953
33.00054168701172
36.461700439453125
32.72035598754883
31.61802101135254
32.32416915893555
32.744415283203125
32.23816680908203
32.564205169677734
29.894712448120117
32.744415283203125
32.23816680908203
43.78067398071289
41.21735763549805
43.78067398071289
43.78067398071289
41.21735763549805
66.10587310791016
33.98637008666992
30.213134765625
32.52767562866211
35.68970489501953
33.00054168701172
29.575063705444336
36.04663848876953
35.46105194091797
36.04663848876953
34.369163513183594
39.42829513549805
37.65658187866211
32.867454528808594
39.42829513549805
37.65658187866211
39.42829513549805
35.24158477783203
33.76441955566406
33.00170135498047
34.5006217956543
31.22083282470703
33.20445251464844
32.21976852416992
33.742671966552734
33.523807525634766
33.564361572265625
33.523807525634766
35.20317840576172
34.04177474975586
35.20317840576172
34.27373123168945
33.023773193359375
34.27373123168945
34.90658187866211
33.64139175415039
34.90658187866211
32.744415283203125
32.23816680908203
29.886743545532227
35.24287796020508
53.012779235839844
39.27186965942383
42.675132751464844
39.27186965942383
31.111812591552734
34.616085052490234
30.53386116027832
32.1173095703125
33.68077850341797
34.31635665893555
39.42829513549805
37.65658187866211
42.0366096496582
36.026123046875
36.83965301513672
33.436622619628906
32.03830337524414
47.740638732910156
29.436790466308594
32.37394332885742
35.13703155517578
33.20564651489258
37.31358337402344
37.423091888427734
39.594051361083984
37.96267318725586
49.553367614746094
30.661842346191406
29.934982299804688
30.151206970214844
30.94281768798828
31.324844360351562
35.23765182495117
32.472652435302734
35.23765182495117
36.35107421875
29.31490707397461
35.29741668701172
34.339012145996094
33.93714141845703
31.093095779418945
44.59568405151367
36.999332427978516
36.51719665527344
32.9271240234375
30.56169319152832
35.34754943847656
32.913787841796875
35.34754943847656
31.843608856201172
37.48915481567383
33.950313568115234
37.48915481567383
37.48915481567383
33.950313568115234
38.54029083251953
38.549068450927734
38.54029083251953
37.48915481567383
33.950313568115234
37.48915481567383
33.05765914916992
31.830671310424805
32.88330078125
37.48915481567383
33.950313568115234
44.36168670654297
37.48915481567383
33.950313568115234
37.48915481567383
36.488460540771484
30.531774520874023
36.488460540771484
37.48915481567383
33.950313568115234
37.48915481567383
33.950313568115234
37.48915481567383
44.4534912109375
33.07125473022461
32.46730041503906
32.56396484375
42.07880783081055
38.830238342285156
38.67082977294922
31.233348846435547
44.654296875
31.76416778564453
35.426212310791016
40.63825225830078
39.451087951660156
40.63825225830078
41.326656341552734
40.98807907104492
41.326656341552734
36.87625503540039
34.35795974731445
36.87625503540039
34.64736557006836
43.48101043701172
31.911624908447266
32.30406188964844
33.957672119140625
32.30406188964844
47.443214416503906
37.48915481567383
33.950313568115234
36.98051071166992
34.29451370239258
37.7194709777832
37.48915481567383
33.950313568115234
36.87625503540039
34.35795974731445
36.87625503540039
42.819576263427734
35.933013916015625
34.18946075439453
35.933013916015625
33.76441955566406
33.00170135498047
34.5006217956543
30.949535369873047
35.933013916015625
34.18946075439453
35.933013916015625
35.933013916015625
34.18946075439453
37.48915481567383
33.950313568115234
29.467451095581055
35.843116760253906
34.862762451171875
33.402591705322266
34.8629035949707
29.39841651916504
31.245498657226562
40.637027740478516
39.45106887817383
