16.49209213256836
17.723289489746094
26.79413604736328
20.801795959472656
20.739730834960938
23.02341079711914
9.835609436035156
27.327281951904297
20.321754455566406
19.817237854003906
12.983604431152344
14.535655975341797
36.889259338378906
10.191457748413086
15.920600891113281
19.41423225402832
21.45349884033203
17.414806365966797
14.345746994018555
17.524038314819336
25.547555923461914
24.95391082763672
21.966238021850586
20.321754455566406
16.992603302001953
10.217212677001953
16.592988967895508
25.252256393432617
26.93933868408203
15.695196151733398
10.6884765625
15.161367416381836
20.138587951660156
15.296392440795898
16.11874771118164
19.351150512695312
20.321754455566406
25.195690155029297
23.238035202026367
43.95001220703125
21.249635696411133
28.643455505371094
15.392997741699219
14.732067108154297
10.10416030883789
14.661842346191406
10.965957641601562
15.03377914428711
15.343635559082031
17.050899505615234
17.4689884185791
25.7559814453125
28.31755828857422
22.287925720214844
23.493558883666992
15.068367004394531
16.11874771118164
15.161367416381836
24.210790634155273
27.508556365966797
10.51291275024414
25.963134765625
15.900503158569336
17.723289489746094
24.060646057128906
17.793357849121094
19.317241668701172
12.933549880981445
30.67434310913086
16.11874771118164
20.6513671875
31.241914749145508
23.65560531616211
15.834041595458984
20.391990661621094
19.35860252380371
19.432388305664062
18.487628936767578
20.80594825744629
19.451290130615234
22.168190002441406
26.28536605834961
27.313270568847656
20.226768493652344
24.060646057128906
24.036407470703125
10.358497619628906
17.580730438232422
27.529464721679688
24.737817764282227
21.21672248840332
27.327281951904297
23.571823120117188
25.963134765625
19.767940521240234
28.05889892578125
21.23590850830078
15.900503158569336
24.95391082763672
25.547555923461914
16.335311889648438
12.24392318725586
25.325103759765625
17.307607650756836
26.353803634643555
19.293140411376953
14.342378616333008
18.849815368652344
23.844758987426758
10.48245620727539
21.857925415039062
24.036407470703125
17.761837005615234
17.452411651611328
23.13374900817871
22.70920181274414
17.761837005615234
19.1165771484375
21.697368621826172
9.307701110839844
25.343156814575195
24.737817764282227
11.955818176269531
22.642452239990234
21.966238021850586
21.98991584777832
16.01680564880371
25.547555923461914
19.25118064880371
17.16863250732422
15.779556274414062
10.413673400878906
20.138587951660156
17.90938949584961
26.92340087890625
18.769779205322266
16.539608001708984
29.72166633605957
15.256263732910156
20.53158187866211
20.94039535522461
14.885370254516602
21.445537567138672
28.05889892578125
19.379261016845703
12.636186599731445
20.226768493652344
23.968311309814453
15.225818634033203
14.661842346191406
18.442302703857422
21.966238021850586
18.687950134277344
22.70920181274414
24.377119064331055
18.213071823120117
19.035730361938477
15.068367004394531
11.824422836303711
18.719005584716797
19.1165771484375
21.04753303527832
15.330432891845703
25.325103759765625
14.45345687866211
9.987926483154297
15.611278533935547
19.705408096313477
15.161367416381836
25.963134765625
18.767311096191406
20.138587951660156
12.011232376098633
23.747220993041992
24.737817764282227
20.220129013061523
19.125778198242188
35.314693450927734
23.861995697021484
12.904285430908203
23.687664031982422
13.583656311035156
21.32794189453125
25.7559814453125
27.327281951904297
19.59463119506836
31.208269119262695
25.963134765625
22.45107078552246
27.327281951904297
12.636186599731445
16.335311889648438
12.713083267211914
12.540870666503906
17.502208709716797
12.646503448486328
23.861995697021484
20.38361167907715
16.11874771118164
17.170005798339844
16.11874771118164
24.088184356689453
16.799819946289062
25.325103759765625
17.956111907958984
28.05889892578125
27.327281951904297
21.623188018798828
15.068367004394531
28.57314682006836
15.564205169677734
24.737817764282227
14.834148406982422
24.04627799987793
26.18426513671875
20.867244720458984
23.69809913635254
22.45107078552246
22.217670440673828
19.435428619384766
14.879911422729492
25.963134765625
19.985267639160156
23.39991569519043
14.947101593017578
24.610376358032227
24.060646057128906
48.725250244140625
23.71187400817871
20.53158187866211
15.094810485839844
19.1165771484375
20.138587951660156
21.754566192626953
9.274959564208984
22.938621520996094
45.26808166503906
21.221105575561523
17.952003479003906
23.69809913635254
17.117267608642578
15.068367004394531
23.277475357055664
11.346195220947266
14.124933242797852
24.060646057128906
11.19765853881836
20.6513671875
16.658267974853516
11.644035339355469
9.307701110839844
34.60840606689453
16.8364200592041
13.94638442993164
15.74429702758789
16.49209213256836
28.05889892578125
17.307607650756836
17.22543716430664
19.905311584472656
27.348651885986328
19.590316772460938
22.976179122924805
24.04627799987793
24.060646057128906
14.951263427734375
16.308208465576172
26.758195877075195
22.60104751586914
15.401168823242188
20.321754455566406
24.4144287109375
8.99635124206543
18.045339584350586
17.307607650756836
19.894058227539062
16.539608001708984
19.330839157104492
27.508556365966797
18.64769744873047
16.11874771118164
24.540618896484375
18.213071823120117
13.210859298706055
10.935415267944336
19.988250732421875
16.49209213256836
14.661842346191406
18.64769744873047
16.977684020996094
16.799819946289062
21.966238021850586
22.642452239990234
19.379261016845703
17.761837005615234
16.953195571899414
23.638614654541016
18.849815368652344
16.65879249572754
12.458393096923828
28.717571258544922
19.85613441467285
15.971332550048828
23.446046829223633
16.374469757080078
17.117267608642578
23.747220993041992
22.236906051635742
21.45349884033203
15.695196151733398
16.992603302001953
17.502208709716797
12.636186599731445
16.335311889648438
22.662487030029297
17.723289489746094
17.761837005615234
17.307607650756836
9.972139358520508
18.045339584350586
25.7559814453125
21.966238021850586
26.66881561279297
10.634517669677734
18.213071823120117
20.321754455566406
22.287925720214844
21.02121925354004
27.327281951904297
18.045339584350586
28.67325210571289
18.487628936767578
22.655296325683594
21.45349884033203
15.512004852294922
16.335311889648438
19.821327209472656
15.296392440795898
15.920600891113281
16.835933685302734
22.217670440673828
24.060646057128906
21.23590850830078
23.638614654541016
21.966238021850586
25.31989288330078
24.060646057128906
26.758195877075195
15.89957046508789
19.035730361938477
15.161367416381836
14.834148406982422
19.006637573242188
19.578784942626953
22.40658187866211
16.99932289123535
13.94638442993164
17.307607650756836
27.34170150756836
15.161367416381836
16.335311889648438
27.34170150756836
19.57807159423828
13.680841445922852
21.086151123046875
22.938621520996094
18.213071823120117
29.763408660888672
13.944774627685547
22.048175811767578
17.59697723388672
24.096895217895508
15.771198272705078
15.161367416381836
49.387847900390625
24.622180938720703
16.743844985961914
17.79395866394043
15.695196151733398
16.15962028503418
14.165782928466797
14.656976699829102
16.11874771118164
21.445537567138672
25.03492546081543
20.621810913085938
34.92790222167969
15.160724639892578
19.767553329467773
24.060651779174805
27.341346740722656
15.22314453125
13.571557998657227
24.738197326660156
18.213897705078125
28.197208404541016
29.177234649658203
28.2623291015625
16.992393493652344
28.05963706970215
32.663169860839844
23.122163772583008
23.122163772583008
30.91089630126953
30.91089630126953
30.91089630126953
25.576927185058594
32.72768783569336
49.45380401611328
23.575151443481445
38.773624420166016
52.97679901123047
40.69072723388672
52.22606658935547
30.52271842956543
24.04410743713379
23.916990280151367
25.579071044921875
22.662567138671875
24.817462921142578
24.610836029052734
30.105392456054688
30.105392456054688
23.683069229125977
30.105392456054688
23.622936248779297
24.586917877197266
38.3630485534668
24.321460723876953
49.00640869140625
39.14088439941406
23.286426544189453
37.20884323120117
23.228515625
35.48595428466797
34.95863723754883
35.027549743652344
13.068679809570312
21.909244537353516
23.227214813232422
51.196327209472656
34.95863723754883
40.81452178955078
34.95863723754883
33.26893997192383
34.95863723754883
34.95863723754883
34.95863723754883
34.95863723754883
34.95863723754883
34.95863723754883
34.95863723754883
34.95863723754883
34.95863723754883
34.95863723754883
34.95863723754883
34.95863723754883
34.95863723754883
34.95863723754883
34.95863723754883
34.95863723754883
34.95863723754883
34.95863723754883
23.039310455322266
23.27447509765625
23.21746063232422
23.202911376953125
29.749780654907227
23.404151916503906
23.234439849853516
23.35678482055664
38.352394104003906
23.17937660217285
23.17937660217285
18.612262725830078
39.282264709472656
25.252689361572266
24.140094757080078
19.50541114807129
24.22391128540039
24.140094757080078
20.4743709564209
23.805761337280273
16.07079315185547
18.604591369628906
16.26792335510254
12.206859588623047
28.43361473083496
27.508556365966797
27.508556365966797
17.97905731201172
15.190958023071289
17.61767578125
29.947681427001953
29.947681427001953
28.43361473083496
26.011777877807617
18.6226806640625
27.10641860961914
15.800760269165039
66.94747161865234
17.623031616210938
23.575151443481445
28.858402252197266
24.634506225585938
24.71883773803711
24.140094757080078
24.96723175048828
12.933549880981445
24.09703254699707
25.84750747680664
24.864803314208984
25.84750747680664
22.432626724243164
29.521629333496094
24.249439239501953
23.9305419921875
19.992042541503906
27.66297721862793
34.944881439208984
28.160005569458008
29.100149154663086
23.24741554260254
14.040853500366211
14.498458862304688
18.44770622253418
17.954017639160156
22.111671447753906
15.720104217529297
20.550992965698242
25.38275909423828
20.506507873535156
11.171419143676758
12.724151611328125
20.51880645751953
12.638145446777344
14.546442031860352
22.175561904907227
14.011295318603516
21.876361846923828
19.982145309448242
12.494880676269531
27.638214111328125
17.541587829589844
16.308473587036133
11.911430358886719
12.639453887939453
21.43871307373047
17.520875930786133
17.520875930786133
17.520875930786133
21.43871307373047
21.43871307373047
25.360210418701172
25.360210418701172
15.409013748168945
15.409013748168945
21.43871307373047
23.891273498535156
25.977991104125977
16.452545166015625
15.330986022949219
17.520875930786133
10.997062683105469
24.747970581054688
21.66370964050293
11.450565338134766
12.197921752929688
13.868810653686523
11.978904724121094
15.330986022949219
12.379444122314453
11.043773651123047
16.122886657714844
16.308473587036133
16.308473587036133
16.308473587036133
20.51880645751953
14.571052551269531
15.20046615600586
14.874937057495117
21.43871307373047
16.598873138427734
12.639453887939453
12.639453887939453
21.43871307373047
26.482891082763672
26.348434448242188
14.851604461669922
16.308473587036133
20.51880645751953
26.46405029296875
16.308473587036133
15.330986022949219
11.064994812011719
17.357105255126953
17.51116180419922
17.805883407592773
20.51880645751953
15.10114860534668
15.22732925415039
18.25825309753418
20.731884002685547
13.264171600341797
19.220962524414062
17.063777923583984
11.364858627319336
24.071626663208008
20.51880645751953
16.308473587036133
12.523805618286133
20.416213989257812
16.532711029052734
21.138931274414062
19.809911727905273
15.186700820922852
20.51880645751953
12.563272476196289
29.34600830078125
26.65053939819336
23.139923095703125
25.395614624023438
25.357357025146484
27.42252540588379
23.604162216186523
25.100440979003906
26.25188636779785
24.548906326293945
24.634506225585938
17.70562744140625
26.83700180053711
23.24741554260254
25.38275909423828
20.506507873535156
20.550992965698242
20.506507873535156
17.954017639160156
18.44770622253418
17.954017639160156
14.18539047241211
14.887823104858398
12.690252304077148
14.498458862304688
14.040853500366211
14.498458862304688
32.880950927734375
24.747970581054688
48.70646667480469
22.155797958374023
18.265031814575195
22.155797958374023
12.103902816772461
22.155797958374023
18.265031814575195
22.155797958374023
12.589181900024414
29.321237564086914
19.57186508178711
11.620183944702148
21.40686798095703
18.630626678466797
18.399995803833008
18.199155807495117
17.257221221923828
18.199155807495117
18.199155807495117
17.257221221923828
10.5863037109375
19.11836051940918
15.425975799560547
19.11836051940918
22.671287536621094
22.514949798583984
21.01830291748047
21.925827026367188
21.136798858642578
16.977684020996094
15.76174545288086
16.977684020996094
21.60033416748047
23.560026168823242
21.60033416748047
19.449748992919922
14.504695892333984
22.413898468017578
19.65750503540039
16.715106964111328
15.409013748168945
15.409013748168945
15.409013748168945
25.360210418701172
25.360210418701172
25.360210418701172
25.360210418701172
15.409013748168945
25.360210418701172
15.409013748168945
15.409013748168945
15.409013748168945
15.409013748168945
25.360210418701172
25.360210418701172
25.360210418701172
11.492998123168945
13.58198356628418
19.11836051940918
15.425975799560547
19.11836051940918
18.102935791015625
19.32569122314453
18.199155807495117
17.257221221923828
18.199155807495117
20.07356071472168
18.199155807495117
17.257221221923828
26.577716827392578
25.817529678344727
26.577716827392578
12.642753601074219
24.384754180908203
26.35533332824707
26.35533332824707
14.83660888671875
18.199155807495117
17.257221221923828
18.199155807495117
17.257221221923828
18.199155807495117
18.64141845703125
15.983121871948242
13.038177490234375
22.365161895751953
23.87474822998047
10.639701843261719
18.613025665283203
16.579187393188477
18.613025665283203
19.767940521240234
15.183637619018555
19.767940521240234
11.80146598815918
14.542110443115234
18.278425216674805
18.282011032104492
17.89586639404297
18.613025665283203
16.579187393188477
18.613025665283203
24.484365463256836
27.508556365966797
24.484365463256836
20.038433074951172
17.398427963256836
19.767940521240234
15.183637619018555
19.767940521240234
19.767940521240234
15.183637619018555
18.199155807495117
17.257221221923828
20.501956939697266
14.665512084960938
22.365161895751953
23.87474822998047
22.365161895751953
18.199155807495117
16.50406265258789
18.4779109954834
27.976551055908203
18.4779109954834
27.569568634033203
21.82253646850586
27.569568634033203
27.569568634033203
25.977991104125977
23.891273498535156
25.977991104125977
25.977991104125977
23.891273498535156
46.468814849853516
19.159439086914062
17.648574829101562
21.955503463745117
19.281137466430664
21.955503463745117
21.66370964050293
24.747970581054688
21.66370964050293
17.045013427734375
13.786348342895508
19.160829544067383
20.92977523803711
22.81101417541504
13.338272094726562
31.832233428955078
21.34535026550293
17.648574829101562
17.244646072387695
19.13079833984375
11.071102142333984
14.874937057495117
12.694988250732422
17.131858825683594
14.774362564086914
11.686269760131836
15.409013748168945
15.409013748168945
15.409013748168945
25.390310287475586
16.474451065063477
22.703739166259766
12.448930740356445
15.409013748168945
15.409013748168945
15.409013748168945
15.409013748168945
15.409013748168945
28.43361473083496
19.607707977294922
18.053438186645508
20.64262580871582
25.977991104125977
23.891273498535156
12.008695602416992
29.72166633605957
23.639488220214844
25.744882583618164
19.28005599975586
12.837570190429688
25.744882583618164
12.837570190429688
60.177608489990234
53.198829650878906
12.837570190429688
12.837570190429688
12.837570190429688
12.837570190429688
21.756866455078125
12.837570190429688
12.837570190429688
12.837570190429688
12.837570190429688
12.837570190429688
12.837570190429688
12.837570190429688
12.837570190429688
12.837570190429688
12.837570190429688
22.143781661987305
38.300270080566406
25.744882583618164
12.837570190429688
12.837570190429688
22.143781661987305
12.837570190429688
12.837570190429688
12.837570190429688
22.143781661987305
12.837570190429688
12.837570190429688
33.601253509521484
12.837570190429688
12.837570190429688
22.143781661987305
21.739425659179688
21.331396102905273
12.837570190429688
12.837570190429688
22.143781661987305
12.837570190429688
12.837570190429688
12.837570190429688
22.143781661987305
12.837570190429688
12.837570190429688
12.837570190429688
12.837570190429688
22.143781661987305
15.577640533447266
18.464805603027344
12.837570190429688
14.489139556884766
18.83724594116211
12.837570190429688
22.143781661987305
12.837570190429688
12.837570190429688
12.837570190429688
12.837570190429688
22.143781661987305
17.344894409179688
17.10514259338379
12.837570190429688
12.837570190429688
22.143781661987305
25.477502822875977
12.837570190429688
12.837570190429688
16.096607208251953
16.997695922851562
32.24843215942383
20.458995819091797
12.837570190429688
12.837570190429688
22.143781661987305
23.36318016052246
23.36318016052246
15.425106048583984
19.410614013671875
23.36318016052246
22.143781661987305
23.36318016052246
23.36318016052246
22.143781661987305
22.78792953491211
22.78792953491211
21.739425659179688
19.67347526550293
22.78792953491211
22.78792953491211
20.86550521850586
20.349529266357422
20.86550521850586
24.262508392333984
22.143781661987305
23.279335021972656
23.279335021972656
19.908836364746094
27.746793746948242
22.143781661987305
23.279335021972656
23.279335021972656
16.832199096679688
25.890018463134766
19.23171043395996
23.279335021972656
34.57789611816406
22.143781661987305
17.344894409179688
17.580337524414062
26.88395881652832
27.651824951171875
23.99290657043457
15.534347534179688
15.378791809082031
19.908836364746094
21.630687713623047
23.575151443481445
26.18935203552246
18.918964385986328
23.99290657043457
18.221391677856445
20.86550521850586
21.074007034301758
20.527263641357422
20.527263641357422
18.779544830322266
18.75161361694336
32.24843215942383
19.795963287353516
17.345808029174805
19.221965789794922
18.807613372802734
22.143781661987305
19.877206802368164
20.86550521850586
19.02194595336914
23.99290657043457
18.9224853515625
18.44647979736328
18.55810546875
24.61186408996582
18.75161361694336
20.290019989013672
19.0699520111084
19.86618995666504
19.514564514160156
17.920665740966797
24.61186408996582
17.16547966003418
24.61186408996582
22.143781661987305
24.61186408996582
32.24843215942383
23.4370174407959
24.61186408996582
26.76538848876953
17.14683723449707
17.71438217163086
24.61133575439453
26.764209747314453
19.521135330200195
21.042652130126953
30.298860549926758
29.225236892700195
12.468833923339844
12.468833923339844
55.005558013916016
12.468833923339844
29.225236892700195
12.468833923339844
20.617238998413086
15.249755859375
24.250268936157227
24.806175231933594
31.78732681274414
12.468833923339844
12.468833923339844
12.468833923339844
12.468833923339844
12.468833923339844
12.468833923339844
12.468833923339844
12.468833923339844
46.95848083496094
12.468833923339844
12.468833923339844
12.468833923339844
12.468833923339844
12.468833923339844
12.468833923339844
12.468833923339844
12.468833923339844
12.468833923339844
12.468833923339844
12.468833923339844
12.468833923339844
12.468833923339844
12.468833923339844
12.468833923339844
12.468833923339844
12.468833923339844
12.468833923339844
12.468833923339844
12.468833923339844
12.468833923339844
12.468833923339844
12.468833923339844
12.468833923339844
12.468833923339844
12.468833923339844
12.468833923339844
12.468833923339844
12.468833923339844
12.468833923339844
12.468833923339844
12.468833923339844
12.468833923339844
12.468833923339844
12.468833923339844
12.468833923339844
12.468833923339844
12.468833923339844
12.468833923339844
12.468833923339844
12.468833923339844
12.468833923339844
12.468833923339844
12.468833923339844
12.468833923339844
12.468833923339844
12.468833923339844
12.468833923339844
12.468833923339844
12.468833923339844
12.468833923339844
12.468833923339844
12.468833923339844
12.468833923339844
12.468833923339844
12.468833923339844
12.468833923339844
12.468833923339844
12.468833923339844
12.468833923339844
15.7230224609375
15.307117462158203
11.239456176757812
26.01177978515625
29.409711837768555
26.845325469970703
22.696935653686523
26.845325469970703
22.696935653686523
21.51827621459961
18.195220947265625
17.565753936767578
21.30853271484375
21.295196533203125
18.99529266357422
9.611658096313477
11.309823989868164
15.307117462158203
11.036975860595703
19.607707977294922
18.053436279296875
18.99529266357422
14.839683532714844
19.607707977294922
17.568134307861328
17.188383102416992
17.56873321533203
17.74713134765625
38.04035949707031
18.99529266357422
12.765939712524414
13.846427917480469
26.845325469970703
22.696935653686523
16.278322219848633
26.845325469970703
22.696935653686523
16.278322219848633
25.964370727539062
21.8359375
22.059961318969727
10.647586822509766
19.607707977294922
18.053436279296875
14.95388412475586
21.8359375
22.059961318969727
20.74586296081543
21.8359375
22.059961318969727
20.74586296081543
32.99919128417969
29.947677612304688
29.947677612304688
29.947677612304688
16.159618377685547
16.549638748168945
21.8359375
22.059961318969727
20.74586296081543
19.607707977294922
18.053436279296875
20.64262580871582
21.8359375
22.059961318969727
20.74586296081543
21.8359375
16.020694732666016
16.777359008789062
20.870466232299805
18.719005584716797
17.298290252685547
15.430854797363281
12.120864868164062
18.719005584716797
17.298290252685547
25.97798728942871
23.89126968383789
25.97798728942871
25.97798728942871
23.89126968383789
41.467525482177734
13.821205139160156
11.886215209960938
15.352058410644531
22.059961318969727
20.74586296081543
11.686271667480469
22.702943801879883
20.55240249633789
22.702943801879883
24.268705368041992
24.252126693725586
21.49966049194336
19.11856460571289
24.252126693725586
21.49966049194336
24.252126693725586
15.787368774414062
14.542110443115234
18.278425216674805
18.282011032104492
12.794475555419922
19.159439086914062
17.408626556396484
21.345346450805664
17.648574829101562
17.244646072387695
17.648574829101562
21.955503463745117
19.281137466430664
21.955503463745117
17.954017639160156
18.44770622253418
17.954017639160156
14.49846076965332
14.040853500366211
14.49846076965332
18.719005584716797
17.298290252685547
10.975910186767578
24.499223709106445
49.00836944580078
21.66370964050293
24.747974395751953
21.66370964050293
11.17098617553711
13.660512924194336
11.839420318603516
14.874937057495117
15.472232818603516
17.131858825683594
24.252126693725586
21.49966049194336
16.92982292175293
20.801042556762695
22.763412475585938
18.56283187866211
11.223331451416016
19.848262786865234
11.692207336425781
11.52495002746582
16.309478759765625
17.66320037841797
20.974748611450195
18.926742553710938
33.250404357910156
21.077499389648438
22.784893035888672
12.817474365234375
13.714475631713867
10.566520690917969
15.967521667480469
13.263877868652344
19.11836051940918
15.425975799560547
19.11836051940918
18.655160903930664
11.096317291259766
22.811016082763672
19.137680053710938
19.160829544067383
11.050060272216797
20.640621185302734
21.138931274414062
19.809911727905273
20.14598846435547
10.367652893066406
22.15579605102539
18.26503562927246
22.15579605102539
16.055614471435547
18.199161529541016
17.257221221923828
18.199161529541016
18.199161529541016
17.257221221923828
23.56033706665039
23.833023071289062
23.56033706665039
18.199161529541016
17.257221221923828
18.199161529541016
16.822093963623047
19.349609375
18.057842254638672
18.199161529541016
17.257221221923828
17.43659782409668
18.199161529541016
17.257221221923828
18.199161529541016
25.074472427368164
16.472721099853516
25.074472427368164
18.199161529541016
17.257221221923828
18.199161529541016
17.257221221923828
18.199161529541016
20.566591262817383
19.486167907714844
18.35735321044922
18.484760284423828
25.382762908935547
21.878616333007812
19.856590270996094
10.471309661865234
20.916120529174805
13.462087631225586
23.875221252441406
22.365161895751953
23.87474822998047
22.365161895751953
24.484365463256836
27.508556365966797
24.484365463256836
18.613025665283203
16.579187393188477
18.613025665283203
15.277042388916016
24.31771469116211
10.100912094116211
16.628211975097656
26.05621337890625
16.628211975097656
18.146766662597656
18.199161529541016
17.257221221923828
26.845325469970703
22.696935653686523
25.31357192993164
18.199161529541016
17.257221221923828
18.613025665283203
16.579187393188477
18.613025665283203
26.980060577392578
19.767940521240234
15.18364143371582
19.767940521240234
14.542110443115234
18.278425216674805
18.282011032104492
11.658592224121094
19.767940521240234
15.18364143371582
19.767940521240234
19.767940521240234
15.18364143371582
18.199161529541016
17.257221221923828
13.357658386230469
17.996292114257812
18.4779109954834
27.97655487060547
18.478031158447266
10.500751495361328
12.206607818603516
22.363971710205078
23.874000549316406
