22.621871948242188
24.015487670898438
30.505420684814453
26.17744255065918
25.93476104736328
28.374300003051758
17.438343048095703
33.85544967651367
26.80015754699707
25.02402114868164
18.982616424560547
20.264209747314453
35.57390594482422
18.178739547729492
22.297500610351562
24.81560516357422
27.00191879272461
24.40059471130371
19.5557804107666
24.375099182128906
30.937938690185547
30.103565216064453
29.097301483154297
26.80015754699707
22.920917510986328
18.440120697021484
21.605525970458984
30.654638290405273
29.918216705322266
21.605243682861328
18.00499725341797
21.830524444580078
26.9078369140625
21.978824615478516
22.537166595458984
24.596755981445312
26.80015754699707
27.765270233154297
27.014137268066406
42.93572235107422
25.52631378173828
30.902759552001953
21.390260696411133
20.552757263183594
18.375141143798828
20.633594512939453
18.745765686035156
21.13201904296875
21.493480682373047
23.509069442749023
23.024232864379883
30.953983306884766
31.853322982788086
28.590564727783203
27.964641571044922
20.791419982910156
22.537166595458984
21.830524444580078
28.936695098876953
33.241031646728516
18.112224578857422
31.37904930114746
22.63027572631836
24.015487670898438
30.701257705688477
23.92588996887207
25.921886444091797
22.501354217529297
33.675743103027344
22.537166595458984
27.274368286132812
37.22682189941406
30.134410858154297
22.915925979614258
25.878786087036133
24.720245361328125
22.917757034301758
23.746618270874023
26.865713119506836
22.734458923339844
26.972776412963867
29.769725799560547
33.19929504394531
25.974918365478516
30.701257705688477
27.38513946533203
17.671419143676758
23.65065574645996
32.21595001220703
30.198734283447266
26.34065055847168
33.85544967651367
28.278717041015625
31.37904930114746
26.864730834960938
30.833837509155273
28.142282485961914
22.63027572631836
30.103565216064453
30.937938690185547
22.76714515686035
20.00686264038086
30.43521499633789
24.018051147460938
31.553375244140625
24.939136505126953
20.348512649536133
24.52598762512207
28.125816345214844
18.62737274169922
24.05958366394043
27.38513946533203
23.410274505615234
23.07002067565918
29.58849334716797
29.183319091796875
23.410274505615234
24.30372428894043
26.008590698242188
17.686702728271484
30.86385726928711
30.198734283447266
19.6258487701416
25.162635803222656
29.097301483154297
28.53978729248047
21.869998931884766
30.937938690185547
25.62299346923828
23.188739776611328
22.25774383544922
17.51993751525879
26.9078369140625
23.137948989868164
29.871379852294922
24.074270248413086
22.4654541015625
32.27473449707031
22.33609962463379
25.359975814819336
27.113433837890625
20.593996047973633
27.66105842590332
30.833837509155273
25.741016387939453
19.40492057800293
25.974918365478516
28.671009063720703
22.818471908569336
20.633594512939453
24.130287170410156
29.097301483154297
23.714500427246094
29.183319091796875
29.81606101989746
25.24271011352539
24.687305450439453
20.791419982910156
18.694927215576172
24.229122161865234
24.30372428894043
25.696308135986328
22.218448638916016
30.43521499633789
21.24591827392578
18.480243682861328
21.278078079223633
25.71213722229004
21.830524444580078
31.37904930114746
24.19767951965332
26.9078369140625
19.38441276550293
28.554574966430664
30.198734283447266
26.760835647583008
25.636890411376953
30.999300003051758
29.974529266357422
20.81768035888672
29.016633987426758
20.62810516357422
27.626903533935547
30.953983306884766
33.85544967651367
23.18422508239746
35.59292221069336
31.37904930114746
29.300920486450195
33.85544967651367
19.40492057800293
22.76714515686035
19.282609939575195
20.05605697631836
23.534128189086914
19.366762161254883
29.974529266357422
26.726242065429688
22.537166595458984
24.168800354003906
22.537166595458984
26.70228385925293
23.653175354003906
30.43521499633789
24.49727439880371
30.833837509155273
33.85544967651367
26.361377716064453
20.791419982910156
30.83835220336914
21.894845962524414
30.198734283447266
21.43220329284668
27.524267196655273
29.97456169128418
24.83411979675293
30.299345016479492
29.300920486450195
27.502605438232422
25.105693817138672
20.678016662597656
31.37904930114746
26.511964797973633
25.816904067993164
20.789447784423828
32.031002044677734
30.701257705688477
48.687992095947266
27.74277687072754
25.359975814819336
21.63019561767578
24.30372428894043
26.9078369140625
27.51255226135254
17.180450439453125
27.267942428588867
44.98754119873047
27.785629272460938
23.431856155395508
30.299345016479492
23.852853775024414
20.791419982910156
30.49737548828125
18.42400360107422
20.25404930114746
30.701257705688477
18.426612854003906
27.274368286132812
21.551647186279297
18.543376922607422
17.686702728271484
35.09602355957031
22.186702728271484
20.569137573242188
21.72183609008789
22.621871948242188
30.833837509155273
24.018051147460938
24.12710189819336
26.064123153686523
31.700027465820312
26.12932014465332
26.699954986572266
27.524267196655273
30.701257705688477
21.220937728881836
22.898101806640625
31.990421295166016
26.821170806884766
21.27975082397461
26.80015754699707
29.86288070678711
17.610458374023438
23.380619049072266
24.018051147460938
24.7396240234375
22.4654541015625
23.700969696044922
33.241031646728516
24.113819122314453
22.537166595458984
30.862987518310547
25.24271011352539
19.212270736694336
18.996997833251953
23.302257537841797
22.621871948242188
20.633594512939453
24.113819122314453
23.598878860473633
23.653175354003906
29.097301483154297
25.162635803222656
25.741016387939453
23.410274505615234
23.162792205810547
28.73004913330078
24.52598762512207
22.83381462097168
20.072118759155273
30.722558975219727
25.714069366455078
22.112892150878906
27.298870086669922
21.839643478393555
23.852853775024414
28.554574966430664
28.74928855895996
27.00191879272461
21.605243682861328
22.920917510986328
23.534128189086914
19.40492057800293
22.76714515686035
28.028541564941406
24.015487670898438
23.410274505615234
24.018051147460938
17.20221710205078
23.380619049072266
30.953983306884766
29.097301483154297
26.52277946472168
17.706897735595703
25.24271011352539
26.80015754699707
28.590564727783203
27.290346145629883
33.85544967651367
23.380619049072266
33.74628448486328
23.746618270874023
27.89338493347168
27.00191879272461
21.02204704284668
22.76714515686035
26.49382781982422
21.978824615478516
22.297500610351562
22.398866653442383
27.502605438232422
30.701257705688477
28.142282485961914
28.73004913330078
29.097301483154297
29.364383697509766
30.701257705688477
31.990421295166016
22.25592041015625
24.687305450439453
21.830524444580078
21.43220329284668
25.498905181884766
25.633337020874023
29.053993225097656
21.168973922729492
20.569137573242188
24.018051147460938
31.609516143798828
21.830524444580078
22.76714515686035
31.609516143798828
25.501510620117188
19.838638305664062
27.447956085205078
27.267942428588867
25.24271011352539
34.961280822753906
19.487394332885742
28.706327438354492
24.019390106201172
29.70293426513672
21.783214569091797
21.830524444580078
44.982295989990234
30.848026275634766
21.499691009521484
21.82497215270996
21.605243682861328
23.03371810913086
19.946895599365234
21.80842399597168
22.537166595458984
27.66105842590332
27.782249450683594
27.318561553955078
35.674224853515625
21.830036163330078
26.864444732666016
30.701396942138672
31.609355926513672
21.93567657470703
19.559646606445312
30.19912338256836
25.243675231933594
31.383249282836914
33.484519958496094
29.43136215209961
22.920894622802734
30.83423614501953
35.93388748168945
25.890398025512695
25.890398025512695
35.19255828857422
35.19255828857422
35.19255828857422
30.08110809326172
34.68453598022461
46.55318832397461
29.031051635742188
36.597476959228516
50.42192077636719
42.21944808959961
54.647613525390625
33.66299057006836
29.322498321533203
29.17194366455078
30.428569793701172
28.19448471069336
29.91413116455078
29.736419677734375
33.39053726196289
33.39053726196289
28.792892456054688
33.39053726196289
27.93704605102539
29.465890884399414
38.587318420410156
28.672006607055664
47.40461730957031
37.60139083862305
28.140195846557617
38.991600036621094
28.057418823242188
42.72377395629883
42.29174041748047
42.17974853515625
20.09920883178711
27.48270034790039
28.0875186920166
47.567466735839844
42.29174041748047
39.36785888671875
42.29174041748047
36.6488151550293
42.29174041748047
42.29174041748047
42.29174041748047
42.29174041748047
42.29174041748047
42.29174041748047
42.29174041748047
42.29174041748047
42.29174041748047
42.29174041748047
42.29174041748047
42.29174041748047
42.29174041748047
42.29174041748047
42.29174041748047
42.29174041748047
42.29174041748047
42.29174041748047
27.977264404296875
27.96807861328125
28.135326385498047
28.064910888671875
32.53707504272461
28.585716247558594
27.836502075195312
28.102298736572266
39.44181823730469
27.61824607849121
27.61824607849121
25.502111434936523
42.38038635253906
33.46610641479492
32.45547866821289
25.013273239135742
32.70140838623047
32.45547866821289
25.772506713867188
32.15056228637695
21.86475372314453
24.62469482421875
20.886695861816406
19.018638610839844
31.90480613708496
33.241031646728516
33.241031646728516
22.974266052246094
20.794296264648438
22.739885330200195
32.62672424316406
32.62672424316406
31.90480613708496
32.96405029296875
23.46508026123047
30.892803192138672
21.41455078125
62.50668716430664
23.18622398376465
29.031051635742188
32.86427688598633
32.40648651123047
29.142520904541016
32.45547866821289
33.27930450439453
22.501354217529297
32.52300262451172
33.839271545410156
33.09065246582031
33.839271545410156
28.92901611328125
37.519493103027344
28.735702514648438
31.627323150634766
27.573352813720703
32.19563293457031
41.09429931640625
35.282779693603516
37.11939239501953
29.445972442626953
21.133060455322266
21.71791648864746
23.86507797241211
24.127418518066406
27.274015426635742
22.1822509765625
26.078170776367188
31.17236328125
25.956830978393555
18.75657081604004
20.40634536743164
25.849929809570312
20.224079132080078
21.560823440551758
24.18891716003418
21.28009796142578
27.289255142211914
23.84755516052246
19.824703216552734
31.939985275268555
24.83139991760254
22.204177856445312
19.532997131347656
19.382198333740234
26.121213912963867
23.169513702392578
23.169513702392578
23.169513702392578
26.121213912963867
26.121213912963867
32.03047180175781
32.03047180175781
22.027385711669922
22.027385711669922
26.121213912963867
30.57009506225586
31.606956481933594
22.951183319091797
21.449478149414062
23.169513702392578
18.44266128540039
31.451122283935547
28.048595428466797
18.660972595214844
19.85584831237793
21.032573699951172
19.71392822265625
21.449478149414062
19.93387222290039
18.769319534301758
22.0786075592041
22.204177856445312
22.204177856445312
22.204177856445312
25.849929809570312
21.78185272216797
21.4744873046875
20.989641189575195
26.121213912963867
21.281333923339844
19.382198333740234
19.382198333740234
26.121213912963867
27.493608474731445
29.54447364807129
23.396289825439453
22.204177856445312
25.849929809570312
28.350170135498047
22.204177856445312
21.449478149414062
18.50899887084961
24.1898193359375
24.303356170654297
24.683862686157227
25.849929809570312
22.352001190185547
22.87106704711914
23.19001007080078
26.39405059814453
20.190568923950195
25.43547248840332
22.05378532409668
19.02727508544922
28.543807983398438
25.849929809570312
22.204177856445312
20.144912719726562
26.648517608642578
22.377412796020508
27.440231323242188
26.507394790649414
20.895532608032227
25.849929809570312
20.189035415649414
31.533557891845703
34.410438537597656
29.525409698486328
33.67063903808594
33.777130126953125
32.398902893066406
29.547767639160156
33.5277099609375
34.31260681152344
29.85268783569336
32.40648651123047
23.574867248535156
32.69960021972656
29.445972442626953
31.17236328125
25.956830978393555
26.078170776367188
25.956830978393555
24.127418518066406
23.86507797241211
24.127418518066406
20.578372955322266
20.91305923461914
19.714054107666016
21.71791648864746
21.133060455322266
21.71791648864746
35.93656539916992
31.451122283935547
50.15589141845703
27.910367965698242
23.813064575195312
27.910367965698242
19.144210815429688
27.910367965698242
23.813064575195312
27.910367965698242
19.80645751953125
30.7282657623291
23.59299659729004
18.921146392822266
27.407142639160156
24.962158203125
24.834083557128906
25.02783966064453
23.513959884643555
25.02783966064453
25.02783966064453
23.513959884643555
17.835542678833008
25.46914291381836
21.723896026611328
25.46914291381836
25.69220542907715
25.477476119995117
24.445772171020508
25.599956512451172
24.260704040527344
23.598878860473633
21.881505966186523
23.598878860473633
27.640838623046875
29.23719024658203
27.640838623046875
25.568571090698242
21.27154541015625
29.046316146850586
25.345623016357422
23.91532325744629
22.027385711669922
22.027385711669922
22.027385711669922
32.03047180175781
32.03047180175781
32.03047180175781
32.03047180175781
22.027385711669922
32.03047180175781
22.027385711669922
22.027385711669922
22.027385711669922
22.027385711669922
32.03047180175781
32.03047180175781
32.03047180175781
18.693294525146484
20.68610191345215
25.46914291381836
21.723896026611328
25.46914291381836
24.547637939453125
23.25601577758789
25.02783966064453
23.513959884643555
25.02783966064453
25.008100509643555
25.02783966064453
23.513959884643555
31.655441284179688
30.944982528686523
31.655441284179688
20.244842529296875
29.169387817382812
31.52554702758789
31.52554702758789
20.449748992919922
25.02783966064453
23.513959884643555
25.02783966064453
23.513959884643555
25.02783966064453
22.942420959472656
22.181846618652344
19.563209533691406
29.558181762695312
30.403121948242188
18.34734535217285
26.002098083496094
23.175630569458008
26.002098083496094
26.864730834960938
21.828960418701172
26.864730834960938
18.76973533630371
21.502368927001953
23.871484756469727
24.268129348754883
23.405963897705078
26.002098083496094
23.175630569458008
26.002098083496094
30.570619583129883
33.241031646728516
30.570619583129883
23.623119354248047
22.128782272338867
26.864730834960938
21.828960418701172
26.864730834960938
26.864730834960938
21.828960418701172
25.02783966064453
23.513959884643555
24.575374603271484
21.76054573059082
29.558181762695312
30.403121948242188
29.558181762695312
25.02783966064453
21.72249984741211
24.96307373046875
29.954113006591797
24.96307373046875
31.363636016845703
26.078445434570312
31.363636016845703
31.363636016845703
31.606956481933594
30.57009506225586
31.606956481933594
31.606956481933594
30.57009506225586
44.37140655517578
24.45187759399414
23.674776077270508
27.46398162841797
24.897602081298828
27.46398162841797
28.048595428466797
31.451122283935547
28.048595428466797
22.16275405883789
20.675273895263672
24.618576049804688
26.681121826171875
28.14254379272461
20.6524715423584
32.77726745605469
26.63379669189453
23.674776077270508
23.1722412109375
23.227249145507812
18.296489715576172
20.989641189575195
19.677753448486328
23.14295768737793
20.17164421081543
18.57529067993164
22.027385711669922
22.027385711669922
22.027385711669922
28.875946044921875
22.780120849609375
27.47818374633789
19.234752655029297
22.027385711669922
22.027385711669922
22.027385711669922
22.027385711669922
22.027385711669922
31.90480613708496
24.49999237060547
23.159963607788086
25.28103256225586
31.606956481933594
30.57009506225586
19.175373077392578
32.27473449707031
28.435894012451172
31.296358108520508
24.548357009887695
24.462100982666016
31.296358108520508
24.462100982666016
48.36528778076172
49.41211700439453
24.462100982666016
24.462100982666016
24.462100982666016
24.462100982666016
28.01211166381836
24.462100982666016
24.462100982666016
24.462100982666016
24.462100982666016
24.462100982666016
24.462100982666016
24.462100982666016
24.462100982666016
24.462100982666016
24.462100982666016
28.209165573120117
38.005653381347656
31.296358108520508
24.462100982666016
24.462100982666016
28.209165573120117
24.462100982666016
24.462100982666016
24.462100982666016
28.209165573120117
24.462100982666016
24.462100982666016
35.05227279663086
24.462100982666016
24.462100982666016
28.209165573120117
28.057252883911133
24.68813705444336
24.462100982666016
24.462100982666016
28.209165573120117
24.462100982666016
24.462100982666016
24.462100982666016
28.209165573120117
24.462100982666016
24.462100982666016
24.462100982666016
24.462100982666016
28.209165573120117
21.850547790527344
23.114208221435547
24.462100982666016
20.350223541259766
24.250324249267578
24.462100982666016
28.209165573120117
24.462100982666016
24.462100982666016
24.462100982666016
24.462100982666016
28.209165573120117
24.154739379882812
22.52277374267578
24.462100982666016
24.462100982666016
28.209165573120117
26.097980499267578
24.462100982666016
24.462100982666016
21.74666404724121
22.13433837890625
35.326011657714844
25.832162857055664
24.462100982666016
24.462100982666016
28.209165573120117
30.020673751831055
30.020673751831055
21.660690307617188
24.368114471435547
30.020673751831055
28.209165573120117
30.020673751831055
30.020673751831055
28.209165573120117
29.486345291137695
29.486345291137695
28.057252883911133
24.499387741088867
29.486345291137695
29.486345291137695
26.50470542907715
25.5216007232666
26.50470542907715
26.788837432861328
28.209165573120117
29.713539123535156
29.713539123535156
26.18373680114746
31.222497940063477
28.209165573120117
29.713539123535156
29.713539123535156
23.608583450317383
29.742427825927734
24.730140686035156
29.713539123535156
37.24801254272461
28.209165573120117
24.154739379882812
22.769834518432617
29.93148422241211
32.021690368652344
30.081745147705078
22.227474212646484
21.509984970092773
26.18373680114746
25.334880828857422
29.031051635742188
29.24342155456543
24.21680450439453
30.081745147705078
22.74466323852539
26.50470542907715
25.673622131347656
24.96823501586914
24.96823501586914
23.979955673217773
24.22566795349121
35.326011657714844
25.11381721496582
22.393028259277344
24.361499786376953
23.871322631835938
28.209165573120117
24.873294830322266
26.50470542907715
23.78076171875
30.081745147705078
24.288925170898438
23.74901580810547
23.99898338317871
30.3175048828125
24.22566795349121
25.5612850189209
23.721603393554688
24.581022262573242
24.5079288482666
22.876041412353516
30.3175048828125
22.384857177734375
30.3175048828125
28.209165573120117
30.3175048828125
35.326011657714844
27.585250854492188
30.3175048828125
31.853412628173828
22.228017807006836
23.087228775024414
30.31702423095703
31.852148056030273
25.90760612487793
27.564014434814453
31.592716217041016
31.73754119873047
22.093225479125977
22.093225479125977
53.579795837402344
22.093225479125977
31.73754119873047
22.093225479125977
25.947181701660156
22.82720947265625
27.561580657958984
26.709688186645508
35.161155700683594
22.093225479125977
22.093225479125977
22.093225479125977
22.093225479125977
22.093225479125977
22.093225479125977
22.093225479125977
22.093225479125977
44.879119873046875
22.093225479125977
22.093225479125977
22.093225479125977
22.093225479125977
22.093225479125977
22.093225479125977
22.093225479125977
22.093225479125977
22.093225479125977
22.093225479125977
22.093225479125977
22.093225479125977
22.093225479125977
22.093225479125977
22.093225479125977
22.093225479125977
22.093225479125977
22.093225479125977
22.093225479125977
22.093225479125977
22.093225479125977
22.093225479125977
22.093225479125977
22.093225479125977
22.093225479125977
22.093225479125977
22.093225479125977
22.093225479125977
22.093225479125977
22.093225479125977
22.093225479125977
22.093225479125977
22.093225479125977
22.093225479125977
22.093225479125977
22.093225479125977
22.093225479125977
22.093225479125977
22.093225479125977
22.093225479125977
22.093225479125977
22.093225479125977
22.093225479125977
22.093225479125977
22.093225479125977
22.093225479125977
22.093225479125977
22.093225479125977
22.093225479125977
22.093225479125977
22.093225479125977
22.093225479125977
22.093225479125977
22.093225479125977
22.093225479125977
22.093225479125977
22.093225479125977
22.093225479125977
22.093225479125977
22.093225479125977
21.50810432434082
21.271808624267578
18.7557315826416
32.964046478271484
33.549835205078125
32.17415237426758
27.799175262451172
32.17415237426758
27.799175262451172
23.336654663085938
22.019546508789062
21.544221878051758
22.736215591430664
26.427982330322266
25.445432662963867
17.62470054626465
18.173263549804688
21.271808624267578
18.357131958007812
24.49999237060547
23.159963607788086
25.445432662963867
20.827415466308594
24.49999237060547
22.873849868774414
23.006744384765625
23.024744033813477
23.261579513549805
37.43830108642578
25.445432662963867
19.787639617919922
19.779434204101562
32.17415237426758
27.799175262451172
22.278305053710938
32.17415237426758
27.799175262451172
22.278305053710938
27.600576400756836
27.232532501220703
26.978878021240234
19.157541275024414
24.49999237060547
23.159963607788086
21.332660675048828
27.232532501220703
26.978878021240234
25.588623046875
27.232532501220703
26.978878021240234
25.588623046875
34.81056213378906
32.62672424316406
32.62672424316406
32.62672424316406
23.03371810913086
23.228683471679688
27.232532501220703
26.978878021240234
25.588623046875
24.49999237060547
23.159963607788086
25.281036376953125
27.232532501220703
26.978878021240234
25.588623046875
27.232532501220703
22.525590896606445
22.668930053710938
25.02767562866211
24.229122161865234
23.26999282836914
22.24364471435547
18.53251075744629
24.229122161865234
23.26999282836914
31.606956481933594
30.57009506225586
31.606956481933594
31.606956481933594
30.57009506225586
44.66582489013672
21.609926223754883
18.877811431884766
21.967334747314453
26.978878021240234
25.588623046875
18.57529067993164
27.666242599487305
25.91705322265625
27.666242599487305
25.374296188354492
31.1560001373291
27.68539810180664
24.779098510742188
31.1560001373291
27.68539810180664
31.1560001373291
23.4917049407959
21.50237274169922
23.871484756469727
24.268131256103516
19.925411224365234
24.451879501342773
23.198734283447266
26.63379669189453
23.674776077270508
23.1722412109375
23.674776077270508
27.46398162841797
24.897602081298828
27.46398162841797
24.127418518066406
23.86507797241211
24.127418518066406
21.71791648864746
21.133060455322266
21.71791648864746
24.229122161865234
23.26999282836914
18.232471466064453
27.597848892211914
49.81291198730469
28.048595428466797
31.451122283935547
28.048595428466797
18.112716674804688
21.687734603881836
19.216299057006836
20.989641189575195
22.118968963623047
23.142959594726562
31.1560001373291
27.68539810180664
23.00712776184082
26.94744873046875
28.765981674194336
24.333608627319336
19.12438201904297
22.561187744140625
18.798078536987305
19.2265682220459
23.287208557128906
23.70773696899414
27.141103744506836
25.571720123291016
34.822608947753906
27.754772186279297
27.647287368774414
19.364564895629883
19.530183792114258
18.19350814819336
21.025020599365234
20.018836975097656
25.46914291381836
21.723896026611328
25.46914291381836
25.615007400512695
18.299819946289062
28.14254379272461
24.823102951049805
24.61857795715332
18.635757446289062
25.558788299560547
27.440231323242188
26.507394790649414
23.702726364135742
17.752559661865234
27.910369873046875
23.813064575195312
27.910369873046875
21.07132339477539
25.0278377532959
23.513961791992188
25.0278377532959
25.0278377532959
23.513961791992188
29.115985870361328
29.354114532470703
29.115985870361328
25.0278377532959
23.513961791992188
25.0278377532959
22.798091888427734
24.035865783691406
23.774028778076172
25.0278377532959
23.513961791992188
23.743160247802734
25.0278377532959
23.513961791992188
25.0278377532959
29.93402099609375
21.475906372070312
29.93402099609375
25.0278377532959
23.513961791992188
25.0278377532959
23.513961791992188
25.0278377532959
25.19670295715332
24.682340621948242
23.838134765625
23.963146209716797
31.17236328125
28.290637969970703
26.714927673339844
18.010574340820312
23.5947322845459
20.305166244506836
29.331104278564453
29.558181762695312
30.403121948242188
29.558181762695312
30.570619583129883
33.241031646728516
30.570619583129883
26.002098083496094
23.175630569458008
26.002098083496094
22.86488151550293
29.004711151123047
18.23912811279297
22.48961639404297
29.260295867919922
22.48961639404297
24.483776092529297
25.0278377532959
23.513961791992188
32.17415237426758
27.799175262451172
29.588470458984375
25.0278377532959
23.513961791992188
26.002098083496094
23.175630569458008
26.002098083496094
29.540563583374023
26.864727020263672
21.828960418701172
26.864727020263672
21.50237274169922
23.871484756469727
24.268131256103516
18.900217056274414
26.864727020263672
21.828960418701172
26.864727020263672
26.864727020263672
21.828960418701172
25.0278377532959
23.513961791992188
19.575708389282227
25.002180099487305
24.96306800842285
29.954116821289062
24.963260650634766
18.11227798461914
18.949548721313477
29.557178497314453
30.402637481689453
