-35.82051467895508
-20.204368591308594
-19.498268127441406
-37.506431579589844
-32.37267303466797
-33.09089279174805
-35.053009033203125
-20.935230255126953
-33.894039154052734
-29.37668228149414
-45.36366271972656
-22.883155822753906
-23.55978775024414
-30.682262420654297
-17.171600341796875
10.873119354248047
-69.93802642822266
-24.071853637695312
-17.274452209472656
-17.188568115234375
-28.257461547851562
-69.93802642822266
-25.952926635742188
-33.344173431396484
-30.75338363647461
-35.83797073364258
-19.353485107421875
-27.288986206054688
-31.73324203491211
-28.582603454589844
-34.357383728027344
-29.967098236083984
-14.195205688476562
36.407012939453125
-33.894039154052734
-33.894039154052734
-28.985763549804688
-38.99854278564453
-91.30207824707031
-38.11294174194336
-32.42928695678711
-20.1964111328125
-29.24217987060547
-30.519866943359375
-38.364524841308594
-24.278831481933594
-27.274471282958984
-5.870960235595703
-22.84033966064453
-28.827281951904297
-35.2816276550293
-29.032577514648438
-33.344173431396484
-32.168060302734375
-32.737709045410156
-30.75338363647461
-32.78470993041992
-30.770462036132812
-29.47390365600586
-20.33172607421875
-28.72934341430664
-26.35422134399414
-33.54344940185547
-24.071853637695312
-32.736907958984375
-17.10293197631836
-91.30207824707031
9.196739196777344
-34.567256927490234
-31.671295166015625
-14.214466094970703
-6.000034332275391
-91.30207824707031
-23.568748474121094
-21.178730010986328
-21.877777099609375
-30.81683349609375
-33.894039154052734
-44.703086853027344
-38.924957275390625
-19.310577392578125
-36.6059455871582
-25.96271514892578
-18.529338836669922
-91.30207824707031
-12.542617797851562
-18.616222381591797
-31.407691955566406
-21.178730010986328
-34.75299072265625
-69.93802642822266
-30.587848663330078
-30.75338363647461
-36.66814041137695
-11.499488830566406
-23.273765563964844
-23.228118896484375
-18.786823272705078
-31.764259338378906
-14.673023223876953
12.68890380859375
-26.487773895263672
-31.644912719726562
-21.178730010986328
-26.459461212158203
-15.853954315185547
-21.799423217773438
-31.73324203491211
-91.30207824707031
-11.668426513671875
-37.21257400512695
-34.013973236083984
-17.909034729003906
-30.12198257446289
-38.364524841308594
-34.72856903076172
-35.819576263427734
-32.736907958984375
-30.609508514404297
-23.433685302734375
-37.174766540527344
-35.053009033203125
-29.451580047607422
-36.6328239440918
-25.634071350097656
-25.736980438232422
-34.75299072265625
-37.18597412109375
-26.35422134399414
-29.055400848388672
-27.821273803710938
-30.23980712890625
-30.609508514404297
-20.23883056640625
-32.647151947021484
-69.93802642822266
-17.465965270996094
-36.311134338378906
-16.55066680908203
-24.121261596679688
-37.246543884277344
-91.30207824707031
-22.40522003173828
-30.043720245361328
13.6756591796875
-28.059471130371094
-22.90166473388672
-29.945354461669922
-26.527931213378906
-69.93802642822266
-29.945655822753906
-18.994159698486328
-34.586883544921875
-18.794784545898438
-45.36366271972656
-25.634071350097656
-34.68045425415039
-35.053009033203125
-7.266307830810547
-37.194705963134766
-33.172698974609375
-91.30207824707031
-35.383323669433594
-32.736907958984375
-32.167938232421875
-23.76917266845703
-33.219093322753906
-31.305076599121094
-24.61219024658203
-15.377677917480469
7.625526428222656
-32.42928695678711
-32.37267303466797
-32.736907958984375
-33.894039154052734
-24.319473266601562
-34.75299072265625
-18.994159698486328
-25.9393310546875
-35.2816276550293
-26.298160552978516
-10.2467041015625
-30.140460968017578
-15.081314086914062
-25.634071350097656
-25.154983520507812
-31.547462463378906
-20.901485443115234
-32.736907958984375
-27.17473602294922
-26.885509490966797
-91.30207824707031
-35.053009033203125
-28.134376525878906
-36.27053451538086
-36.51396179199219
-31.406417846679688
-24.762969970703125
-23.247802734375
-31.19832992553711
-37.62083053588867
-30.043720245361328
-21.611400604248047
-25.727783203125
-38.377384185791016
-18.902938842773438
-22.66446304321289
-18.173904418945312
-26.25720977783203
-33.344173431396484
-23.623809814453125
-28.453285217285156
4.166358947753906
-11.246391296386719
-22.40522003173828
-23.66415023803711
-91.30207824707031
-30.126155853271484
-29.873153686523438
4.753387451171875
-30.437606811523438
-32.736907958984375
-34.586883544921875
-33.894039154052734
-39.30680847167969
-34.31157302856445
-15.717750549316406
-29.945354461669922
-13.47353744506836
-27.06707763671875
-26.402320861816406
-26.56018829345703
-24.071853637695312
-25.239547729492188
-27.61489486694336
-34.125640869140625
-11.062156677246094
-26.885509490966797
-39.300071716308594
-18.529338836669922
-33.856346130371094
27.762115478515625
-34.227169036865234
-32.62694549560547
-28.134376525878906
-35.383323669433594
-69.93802642822266
-26.893280029296875
-35.68061828613281
-13.414382934570312
3.3749847412109375
-91.30207824707031
-69.93802642822266
-23.833011627197266
-20.301300048828125
-28.985763549804688
-26.402320861816406
-20.43946075439453
-24.153228759765625
-38.505706787109375
-30.770462036132812
-34.31157302856445
-29.743480682373047
-8.519187927246094
-36.408233642578125
-29.945354461669922
-32.44511413574219
-18.935691833496094
-24.59345245361328
-29.945354461669922
-29.945354461669922
-27.274471282958984
5.055286407470703
-9.277641296386719
-20.568679809570312
-29.610458374023438
-91.30207824707031
-35.053009033203125
-39.6495361328125
-91.30207824707031
-18.786823272705078
-38.996700286865234
-9.428848266601562
-32.66596221923828
-37.21257400512695
-24.012908935546875
-91.30207824707031
-31.704383850097656
-29.64031219482422
-37.44736862182617
-35.053009033203125
-26.35422134399414
-27.54726791381836
-34.586883544921875
-35.984554290771484
-20.1964111328125
-20.298919677734375
-29.945354461669922
-35.383323669433594
-19.09646987915039
-40.812618255615234
-30.75338363647461
-69.93802642822266
-14.867023468017578
-91.30207824707031
-26.93871307373047
13.010856628417969
-69.93802642822266
-32.736907958984375
-33.172698974609375
-29.96502685546875
-25.634071350097656
-69.93802642822266
-22.66446304321289
-14.935832977294922
-29.96502685546875
-19.65911102294922
-37.44736862182617
-36.44951629638672
-32.557220458984375
-36.81763458251953
-22.113014221191406
-11.400093078613281
-25.99358367919922
-30.112808227539062
-35.383323669433594
-33.2477912902832
-35.053009033203125
-33.894039154052734
-69.93802642822266
-33.42848205566406
-32.736907958984375
-21.980072021484375
-32.736907958984375
-25.940452575683594
-18.87602996826172
24.562606811523438
10.060615539550781
-16.505489349365234
-23.37396240234375
-32.37267303466797
-69.93802642822266
-34.567256927490234
-30.777393341064453
-26.430782318115234
-26.03380584716797
-19.74771499633789
-13.414382934570312
-38.78306579589844
-26.944557189941406
-69.93802642822266
-38.364524841308594
-37.194705963134766
-91.30207824707031
-31.772254943847656
-21.44373321533203
-13.414382934570312
-14.597549438476562
-35.053009033203125
-45.36366271972656
-29.002212524414062
-27.644222259521484
-30.770462036132812
-5.640632629394531
-18.994159698486328
-24.83331298828125
-16.231307983398438
-33.344173431396484
-28.24097442626953
-17.951274871826172
-37.21257400512695
-37.44736862182617
-91.30207824707031
-25.736980438232422
-45.36366271972656
-19.65911102294922
-21.989112854003906
-13.048606872558594
-34.72856903076172
-31.19832992553711
-33.894039154052734
-24.266254425048828
-22.592620849609375
-36.42748260498047
-16.933204650878906
-20.89736557006836
-45.36366271972656
-33.96790313720703
-14.211250305175781
-27.55624008178711
-16.891189575195312
-21.480037689208984
-18.60546875
-18.275672912597656
13.225040435791016
-35.86873245239258
-69.93802642822266
-35.504798889160156
-17.073246002197266
-32.37267303466797
-29.03496551513672
-37.025577545166016
-6.464195251464844
-29.945354461669922
-34.21614456176758
-31.98516845703125
-30.87057876586914
-25.131927490234375
6.049201965332031
-36.21841049194336
2.725116729736328
-69.93802642822266
-35.273658752441406
-29.826438903808594
-69.93802642822266
-17.603153228759766
-34.567256927490234
-37.38389587402344
-41.334468841552734
13.090106964111328
-91.30207824707031
-38.831993103027344
-31.98516845703125
-27.274471282958984
-17.435462951660156
-27.12799835205078
-31.301815032958984
-30.7412109375
-33.894039154052734
-29.385421752929688
-32.97340393066406
-45.36366271972656
-33.00840759277344
-69.93802642822266
-12.339881896972656
-91.30207824707031
-1.289825439453125
-29.524456024169922
-23.64633560180664
-33.00840759277344
-91.30207824707031
-26.35422134399414
-45.36366271972656
-25.348976135253906
-36.918983459472656
-24.607521057128906
-36.54624557495117
-15.912967681884766
-69.93802642822266
-29.24645233154297
-28.232425689697266
-33.172698974609375
-21.259136199951172
-22.646923065185547
-20.434993743896484
-38.505706787109375
-35.053009033203125
-27.66260528564453
-29.01458740234375
-23.23011016845703
-3.1601028442382812
-25.967422485351562
-33.894039154052734
-35.68061828613281
-36.21841049194336
-29.174896240234375
-30.519866943359375
-21.989112854003906
-25.634071350097656
-27.365245819091797
-26.654495239257812
-25.953269958496094
-69.93802642822266
-35.053009033203125
-23.55978775024414
-18.934402465820312
10.308349609375
-27.395587921142578
-29.20572280883789
-5.870960235595703
-40.716407775878906
5.336647033691406
-33.894039154052734
-32.168060302734375
-19.469364166259766
-34.125640869140625
-28.261795043945312
-23.085498809814453
-45.36366271972656
-5.870960235595703
-91.30207824707031
-39.32305145263672
-14.70361328125
-91.30207824707031
24.214256286621094
-26.944557189941406
-27.4677734375
-69.93802642822266
-26.290390014648438
-31.548091888427734
-33.677330017089844
-29.945354461669922
39.744049072265625
-36.38118362426758
-30.43442153930664
-28.9185791015625
-12.447765350341797
-17.097362518310547
-7.291820526123047
-13.023876190185547
-19.854522705078125
-16.507938385009766
-37.246543884277344
-20.11939239501953
-13.581413269042969
-27.274471282958984
13.550361633300781
-91.30207824707031
-32.37267303466797
-26.1163330078125
-69.93802642822266
-26.916427612304688
-69.93802642822266
-22.307083129882812
-35.053009033203125
-16.229942321777344
-34.567256927490234
-36.408233642578125
-33.761932373046875
-36.88731002807617
-26.731395721435547
-91.30207824707031
-30.587848663330078
-45.36366271972656
-27.36215591430664
-27.90459442138672
4.328899383544922
-29.92901611328125
-31.406417846679688
-18.786823272705078
-23.4649658203125
-30.296035766601562
-13.414382934570312
-24.3411865234375
-35.053009033203125
-31.63907241821289
-33.96790313720703
-32.79352951049805
-25.47308349609375
-38.474220275878906
-27.888507843017578
-27.586624145507812
-34.125640869140625
-37.44736862182617
-29.945354461669922
-21.94640350341797
-22.028209686279297
-24.106143951416016
-45.36366271972656
-24.36882781982422
-20.1964111328125
-69.93802642822266
-24.071853637695312
-34.51215362548828
-36.20504379272461
-33.894039154052734
-30.043720245361328
-31.918113708496094
-41.01580047607422
-28.065540313720703
-33.894039154052734
-21.178730010986328
-23.590213775634766
-25.634071350097656
-30.132080078125
-35.053009033203125
-30.043720245361328
-29.03496551513672
-13.023876190185547
-29.894309997558594
-18.57412338256836
-26.1163330078125
-34.26082992553711
-18.935691833496094
-24.001155853271484
-12.674789428710938
-91.30207824707031
-32.97340393066406
-5.074817657470703
-14.378669738769531
-29.945354461669922
-25.952926635742188
-25.197608947753906
-34.87104797363281
-16.59516143798828
-26.066226959228516
-37.11796951293945
-26.58624267578125
-24.275035858154297
-30.745922088623047
-37.00208282470703
-13.414382934570312
-36.05609130859375
64.87339782714844
-35.099891662597656
-30.770462036132812
-22.028209686279297
-32.62700271606445
-36.33811950683594
-31.865203857421875
-32.82013702392578
-16.650222778320312
-31.444068908691406
-29.572471618652344
-35.88302230834961
-30.257675170898438
-21.488323211669922
-37.44736862182617
10.89569091796875
-16.9022216796875
-35.68061828613281
-14.521316528320312
-28.06580352783203
-23.528461456298828
-32.72175216674805
-21.631385803222656
-30.118362426757812
-13.99142074584961
-35.053009033203125
-35.385040283203125
-7.415218353271484
-7.155300140380859
-32.34550094604492
-28.58104705810547
-69.93802642822266
-91.30207824707031
-91.30207824707031
-22.686668395996094
-31.154296875
-69.93802642822266
-35.2816276550293
-31.671295166015625
-21.178730010986328
-32.44511413574219
-69.93802642822266
-14.615467071533203
-30.227191925048828
-28.059471130371094
-16.505489349365234
-21.529563903808594
-34.125640869140625
-19.309165954589844
-37.02473831176758
-31.671497344970703
-14.86215591430664
-13.023876190185547
-38.68612289428711
-69.93802642822266
-36.51396179199219
-35.383323669433594
-30.519866943359375
0.5605316162109375
-11.780540466308594
-26.58624267578125
-25.131614685058594
-23.77297592163086
-24.012908935546875
-29.945354461669922
-29.796558380126953
-29.945354461669922
-31.73324203491211
-91.30207824707031
-36.69656753540039
-33.00840759277344
4.576690673828125
-35.383323669433594
-17.951274871826172
-30.29438018798828
-69.93802642822266
-34.96549606323242
-69.93802642822266
-30.222896575927734
-19.489112854003906
-26.35002899169922
-12.30881118774414
-17.465965270996094
24.599716186523438
-21.631385803222656
-30.745922088623047
-28.679988861083984
27.984024047851562
-91.30207824707031
-28.58104705810547
-25.131614685058594
-24.837623596191406
-14.401111602783203
-23.469879150390625
-91.30207824707031
-35.31843566894531
-18.934402465820312
-32.922080993652344
-26.066226959228516
-29.37668228149414
-31.806869506835938
-33.13972854614258
-34.74612808227539
-69.93802642822266
-18.320358276367188
-37.194705963134766
-10.158241271972656
-32.736907958984375
-25.634071350097656
-26.30328369140625
-29.945354461669922
-22.301212310791016
-20.6219482421875
-35.053009033203125
-69.93802642822266
-19.309165954589844
-38.55393600463867
301.3218078613281
-5.174800872802734
-18.320358276367188
-26.72940444946289
-69.93802642822266
9.521568298339844
-37.5185432434082
-31.671295166015625
-17.10293197631836
-9.126197814941406
-69.93802642822266
-34.75299072265625
-25.238567352294922
-31.34930419921875
-24.012908935546875
-14.054351806640625
-69.93802642822266
-25.244232177734375
-29.344860076904297
-39.6495361328125
-27.83797836303711
-69.93802642822266
-21.611400604248047
-36.983741760253906
-39.6495361328125
-69.93802642822266
-32.87820816040039
-25.794750213623047
-45.36366271972656
-91.30207824707031
-7.291820526123047
-32.736907958984375
-24.071853637695312
-24.504074096679688
-31.921199798583984
-30.78363800048828
-69.93802642822266
-31.242767333984375
-22.883155822753906
-23.528461456298828
-19.555591583251953
-26.090103149414062
-9.038936614990234
-69.93802642822266
-14.39346694946289
-45.36366271972656
-11.045955657958984
-29.60321807861328
-25.239547729492188
-32.736907958984375
-28.469833374023438
-8.738784790039062
-36.21841049194336
-18.732486724853516
-11.338233947753906
-8.054817199707031
-36.21841049194336
-28.582603454589844
-33.894039154052734
-30.197509765625
-33.42848205566406
-25.634071350097656
-30.519866943359375
-18.786823272705078
-35.78154754638672
-33.12980651855469
-45.36366271972656
-17.381389617919922
-28.82038116455078
-29.511592864990234
-18.994159698486328
-36.38118362426758
-18.786823272705078
-36.35403823852539
-33.42848205566406
-69.93802642822266
-30.72406768798828
-18.077835083007812
-35.777225494384766
-23.583251953125
-34.91057586669922
-17.909034729003906
-29.719619750976562
-29.85784149169922
-35.383323669433594
-91.30207824707031
-3.2015609741210938
-25.636253356933594
6.159698486328125
-69.93802642822266
-17.348896026611328
-36.66814041137695
-69.93802642822266
-27.36505126953125
-29.945960998535156
-31.406417846679688
-30.257675170898438
-5.568145751953125
-27.158531188964844
-29.56250762939453
2.95355224609375
-20.87363052368164
-6.295215606689453
-27.36505126953125
-29.945655822753906
-37.58094024658203
-33.894039154052734
-33.172698974609375
-22.665340423583984
-34.44110107421875
-25.280658721923828
-22.665340423583984
-29.03496551513672
-29.68264389038086
-69.93802642822266
-24.071853637695312
-25.130512237548828
-21.670982360839844
-31.521194458007812
-45.36366271972656
-34.882911682128906
-13.742988586425781
-69.93802642822266
-22.592620849609375
-18.794784545898438
-21.631385803222656
-69.93802642822266
16.781951904296875
-8.761707305908203
-38.04386901855469
-17.740428924560547
-33.894039154052734
-31.406417846679688
-18.786823272705078
-69.93802642822266
-38.090763092041016
-26.527931213378906
-25.01905059814453
-29.70022964477539
-69.93802642822266
-26.30328369140625
-14.036251068115234
-22.919937133789062
-36.51396179199219
-25.244232177734375
-45.36366271972656
-91.30207824707031
-36.408233642578125
-31.918113708496094
-38.74214172363281
-7.8836212158203125
-36.51396179199219
-29.45611572265625
-33.53799057006836
5.66986083984375
-4.50177001953125
-30.043720245361328
-17.426490783691406
-36.22800064086914
-30.877601623535156
-33.9283332824707
-37.44736862182617
-24.071853637695312
-28.82038116455078
-14.935832977294922
-28.134376525878906
-29.41582489013672
-23.58291244506836
-38.36901092529297
-33.13972854614258
-69.93802642822266
-18.994159698486328
-32.168060302734375
-23.55978775024414
-20.901485443115234
-69.93802642822266
-35.538230895996094
-26.750476837158203
-33.344173431396484
-26.527931213378906
-39.218936920166016
-18.154430389404297
-31.644912719726562
-16.518970489501953
-33.894039154052734
-25.239547729492188
172.74603271484375
-21.611400604248047
-37.21257400512695
-36.51396179199219
-3.184558868408203
-26.948822021484375
-24.071853637695312
-30.770462036132812
-39.24645233154297
-27.426746368408203
-25.239547729492188
-29.945354461669922
-35.2816276550293
-21.529563903808594
-35.383323669433594
-32.736907958984375
-26.527931213378906
-33.96790313720703
-34.72856903076172
-16.650222778320312
-32.168060302734375
-27.888507843017578
-19.241958618164062
-30.257648468017578
-19.538471221923828
-24.012908935546875
-69.93802642822266
26.919906616210938
-21.15999984741211
-28.869945526123047
-7.946872711181641
-17.10293197631836
-37.246543884277344
-33.894039154052734
-45.36366271972656
-28.58104705810547
-26.35462188720703
-17.134624481201172
-32.736907958984375
-69.93802642822266
-28.58104705810547
-22.436744689941406
-33.00840759277344
-8.103851318359375
-21.259136199951172
-30.587848663330078
-69.93802642822266
-17.909034729003906
-14.612190246582031
-21.611400604248047
-32.648555755615234
-22.459484100341797
-20.420856475830078
-29.216197967529297
-32.736907958984375
-36.38118362426758
-33.344173431396484
-35.811065673828125
-28.355915069580078
-30.65719985961914
-21.61090850830078
-91.30207824707031
-35.83797073364258
-33.771446228027344
-33.54344940185547
-17.951274871826172
-8.676280975341797
-5.457096099853516
1.8390960693359375
-34.75299072265625
-21.178730010986328
-45.36366271972656
-36.408233642578125
-19.179515838623047
-36.51154327392578
-30.955886840820312
-21.98438262939453
-30.437606811523438
-14.340789794921875
-91.30207824707031
-91.30207824707031
-17.9801025390625
-30.65719985961914
-18.935691833496094
-29.03496551513672
-22.113014221191406
-33.90281295776367
-33.894039154052734
-23.247802734375
-28.621200561523438
-11.400093078613281
-34.125640869140625
-31.37596893310547
-14.70361328125
-26.402320861816406
-18.87602996826172
-29.12293243408203
-12.123023986816406
-31.956844329833984
-21.84768295288086
-26.503189086914062
-28.71198272705078
0.7448348999023438
-35.053009033203125
-19.469364166259766
-26.527931213378906
-35.972896575927734
-15.944831848144531
-20.204368591308594
-32.42928695678711
-30.112812042236328
-35.383323669433594
-40.716407775878906
-69.93802642822266
-69.93802642822266
-31.644912719726562
-34.75914001464844
-17.638946533203125
-32.37267303466797
-1.621307373046875
-30.269744873046875
-18.935691833496094
-31.444061279296875
-33.428489685058594
-35.053016662597656
-39.85932540893555
-91.30188751220703
-15.693862915039062
-35.2288703918457
-69.93804931640625
-25.131607055664062
-26.03382110595703
-69.93804931640625
-69.93804931640625
-32.67621994018555
-21.159988403320312
-37.11277770996094
-24.466445922851562
-26.30325698852539
-16.909549713134766
-91.30188751220703
-36.51396179199219
-14.378738403320312
-30.95587921142578
14.990867614746094
-69.93804931640625
-91.30188751220703
-23.06450653076172
-35.98455810546875
-34.21030044555664
-10.527294158935547
-29.03496551513672
-32.68254852294922
-35.39815139770508
-22.69827651977539
-35.053016662597656
-27.27456283569336
-37.66478729248047
-34.21616744995117
-16.824249267578125
-91.30188751220703
-35.83797073364258
-17.465957641601562
-23.24781036376953
-26.211349487304688
-22.02820587158203
-30.745914459228516
-24.341163635253906
-25.995941162109375
-69.93804931640625
-29.058338165283203
-29.411659240722656
-31.40640640258789
-25.94045639038086
-69.93804931640625
-30.042213439941406
-37.19532012939453
-28.131813049316406
-31.571990966796875
-32.349388122558594
-20.368896484375
-33.54345703125
-69.93804931640625
-29.68694305419922
-45.36370849609375
-37.17475891113281
-37.194705963134766
-33.076881408691406
-35.2816276550293
-35.583255767822266
-91.30188751220703
-29.99445343017578
-36.668148040771484
-36.70595932006836
-30.190876007080078
-32.736915588378906
-25.131607055664062
-29.431499481201172
-91.30188751220703
-6.704868316650391
-27.27456283569336
32.27632141113281
-23.55980682373047
-69.93804931640625
-32.78471374511719
-32.736915588378906
-91.30188751220703
-91.30188751220703
-16.166263580322266
-34.75298309326172
-32.702022552490234
-23.46495819091797
-35.2288703918457
-18.935691833496094
-13.473533630371094
-39.21477508544922
-36.60789489746094
-69.93804931640625
-24.36882781982422
57.88524627685547
-30.608718872070312
-35.12533950805664
-33.428489685058594
-29.945362091064453
-7.291828155517578
-25.420928955078125
-31.40640640258789
-9.175033569335938
-18.994155883789062
-25.239547729492188
-28.904457092285156
-28.92825698852539
-29.265544891357422
-30.328720092773438
-35.38332748413086
-23.75115203857422
-25.634048461914062
-21.480037689208984
-36.668148040771484
-22.883167266845703
-23.273773193359375
-23.772968292236328
-23.24781036376953
7.625541687011719
-30.777393341064453
-18.65374755859375
-35.522315979003906
-30.87240982055664
-33.172698974609375
-14.86895751953125
-33.8940315246582
-35.68061828613281
-29.384368896484375
-35.777225494384766
-27.55986785888672
-16.763633728027344
-26.527938842773438
-33.8940315246582
-69.93804931640625
-21.480037689208984
-27.46778106689453
-27.586620330810547
-20.075679779052734
-36.522178649902344
-32.78471374511719
-21.980060577392578
-25.131607055664062
-33.8940315246582
-29.821746826171875
-17.951263427734375
-11.427387237548828
-69.93804931640625
-29.945362091064453
-0.679534912109375
38.123870849609375
-28.39293670654297
-36.29182815551758
-25.131607055664062
-34.72856140136719
-34.703277587890625
-16.834644317626953
-18.134967803955078
-29.26850128173828
-26.35422134399414
-33.382869720458984
-35.2816276550293
-37.17475891113281
-45.36370849609375
-35.463932037353516
-26.35422134399414
30.656295776367188
-29.96502685546875
-27.288986206054688
-37.024742126464844
-36.218414306640625
-30.6572265625
-33.204872131347656
-13.1282958984375
-28.776565551757812
-17.951263427734375
-27.365036010742188
-18.934406280517578
-28.557682037353516
-27.80016326904297
-12.795555114746094
-30.619186401367188
-29.70022964477539
-34.75298309326172
-69.93804931640625
-18.98318099975586
5.750591278076172
-15.723587036132812
-16.79674530029297
-18.659896850585938
-29.945362091064453
-27.46778106689453
-33.16395568847656
-14.615478515625
-14.673046112060547
-25.365413665771484
-22.50574493408203
-19.309139251708984
-29.945362091064453
-30.777393341064453
-20.44927215576172
-69.93804931640625
-32.168060302734375
-26.094852447509766
-19.113243103027344
-28.48382568359375
-36.7576789855957
-20.204368591308594
-69.93804931640625
-33.139732360839844
-37.21257781982422
-20.204368591308594
-35.12533950805664
-8.095870971679688
-32.85493087768555
-69.93804931640625
-33.15583801269531
-36.40821075439453
-35.38332748413086
-33.0084228515625
-25.616561889648438
-69.93804931640625
-29.31275177001953
-32.10614013671875
-38.62239074707031
-26.402328491210938
0.20465087890625
-24.48326873779297
-15.717761993408203
-12.067176818847656
13.547355651855469
-28.220325469970703
-91.30188751220703
-19.046829223632812
-14.21445083618164
-32.95531463623047
-33.99599075317383
-24.229164123535156
-31.546611785888672
-13.207893371582031
-25.131607055664062
-0.6458282470703125
-28.21172332763672
-28.92825698852539
-69.93804931640625
-9.068061828613281
-19.86750030517578
-23.24781036376953
-20.54503631591797
-1.6494598388671875
-21.631526947021484
-34.586883544921875
-19.48371124267578
-14.935836791992188
-25.634048461914062
-35.2288703918457
-19.74945831298828
-33.8940315246582
-5.6353302001953125
-33.00951385498047
-91.30188751220703
-45.36370849609375
-27.46778106689453
-20.34881591796875
-13.983131408691406
-29.237205505371094
-28.355918884277344
-30.745914459228516
-36.32360076904297
-18.154434204101562
-12.901390075683594
-23.56875991821289
-26.944564819335938
-33.8940315246582
-33.8940315246582
-45.36370849609375
-30.587848663330078
-25.131607055664062
-29.243186950683594
-30.060760498046875
-21.631385803222656
-25.239547729492188
-25.83120346069336
-23.273773193359375
-32.168060302734375
-23.772968292236328
-69.93804931640625
-31.118972778320312
-26.35422134399414
-30.6572265625
-39.780391693115234
-30.519866943359375
-29.70022964477539
-35.2816276550293
-28.116722106933594
-20.238819122314453
-9.745857238769531
-69.93804931640625
-25.8016357421875
-13.742996215820312
-22.4609375
-24.183013916015625
-29.078651428222656
-26.1163330078125
-23.53614044189453
-91.30188751220703
-36.668148040771484
