3025.785888671875
-34.018898010253906
30.501235961914062
79.685302734375
27325.548828125
178.80267333984375
83.38798522949219
13.991214752197266
17762.146484375
10982.505859375
2.7872138382017513e+30
6557.91796875
91397.59375
20487.638671875
22609.234375
319.93585205078125
8204.357421875
4260708.0
30215.138671875
59.991722106933594
14279.9619140625
8204.357421875
611.0750122070312
926.0640869140625
3717.438720703125
61.842689514160156
5695.28271484375
199.17913818359375
853.510009765625
4879.14013671875
-3.9552879333496094
1518089.375
69497.015625
292.0253601074219
17762.146484375
17762.146484375
4975.896484375
179.30288696289062
93368.8203125
65.25628662109375
2426.138427734375
86651.25
33854.99609375
7080.11328125
304308.125
613.7403564453125
179240.609375
85263.203125
282328.03125
135.42556762695312
17698.0859375
7481.1240234375
926.0640869140625
84.40020751953125
246.4836883544922
3717.438720703125
60.850257873535156
76454.546875
195.93980407714844
212.84622192382812
2744.072021484375
833.2247924804688
3947.5419921875
4260708.0
19348.142578125
10631.015625
93368.8203125
35357.5078125
2447.877197265625
24767.46484375
1791.087646484375
3167.7421875
93368.8203125
6293.9912109375
2556.072265625
257.79449462890625
63.73640060424805
17762.146484375
2.6351796293584704e+30
290619.34375
66622.6015625
2314.9609375
167.56686401367188
2715.97900390625
93368.8203125
184.34666442871094
107.28912353515625
4735.2158203125
2556.072265625
62.82719039916992
8204.357421875
108.48440551757812
3717.438720703125
379.4161682128906
889.91015625
2419.17822265625
792.04833984375
16487.236328125
207.0178985595703
1353.87451171875
1082.6976318359375
29232.6875
286.0402526855469
2556.072265625
109.45983123779297
30355.99609375
33050.20703125
853.510009765625
93368.8203125
3836.74560546875
5824.04833984375
5576.02197265625
-58.03681945800781
181116.921875
304308.125
1761.028076171875
165.93470764160156
19348.142578125
294124.28125
5437.037109375
5370.619140625
83.38798522949219
270.4582214355469
41.95094299316406
113563.9765625
896.1279907226562
62.82719039916992
190.493896484375
833.2247924804688
495.21923828125
105641.4765625
210.86004638671875
294124.28125
39750.23046875
144.0203857421875
8204.357421875
63459.87890625
56.694061279296875
182671.265625
79.88223266601562
3846.123046875
93368.8203125
93041.609375
3116.2099609375
63361.9921875
13022.7451171875
86.98687744140625
88.97228240966797
3110793.75
8204.357421875
179.89544677734375
2927.424560546875
330.321533203125
5524.03369140625
2.7872138382017513e+30
113563.9765625
138.21737670898438
83.38798522949219
64195.08203125
6056.5048828125
3108.30322265625
93368.8203125
46125.02734375
19348.142578125
3373.999267578125
50.32109832763672
43.04634094238281
4571.251953125
-22.286300659179688
696.801025390625
1402.071533203125
2426.138427734375
27325.548828125
19348.142578125
17762.146484375
822.286376953125
62.82719039916992
2927.424560546875
6508.73583984375
17698.0859375
257.24810791015625
57030.9375
1524800.625
1036.473876953125
113563.9765625
6257.6474609375
5523.203125
224.7691650390625
19348.142578125
88.42420959472656
-0.6807899475097656
93368.8203125
83.38798522949219
1108.0909423828125
243.75270080566406
1587.286865234375
8421.1513671875
5129.76123046875
212.89157104492188
15322.7724609375
230.10308837890625
3116.2099609375
54011.84765625
146241.03125
57.4990348815918
588.401123046875
1191.2562255859375
48436.9921875
171.9407501220703
926.0640869140625
563.2324829101562
8757.8740234375
1923.6446533203125
16000.4306640625
93041.609375
1994.7891845703125
93368.8203125
1521395.375
-14.037971496582031
521.083251953125
-0.8938217163085938
19348.142578125
330.321533203125
17762.146484375
219923.84375
74.27450561523438
-20.36676025390625
88.97228240966797
148.73934936523438
506.609130859375
1935.2686767578125
927.6182861328125
4260708.0
947.941650390625
-18.585670471191406
65.76891326904297
13788.7685546875
-0.6807899475097656
275246.84375
2715.97900390625
3369.39794921875
677.1941528320312
273.6075439453125
41.0145378112793
1108.0909423828125
46125.02734375
8204.357421875
762.8156127929688
71.08284759521484
1846.9547119140625
614.7000732421875
93368.8203125
8204.357421875
1519.0853271484375
3105.579345703125
4975.896484375
1935.2686767578125
114219.109375
224.47413635253906
91.3135986328125
76454.546875
74.27450561523438
6004.8154296875
120040.5390625
3306.900390625
88.97228240966797
56.42803955078125
501.7574768066406
9705.8623046875
88.97228240966797
88.97228240966797
179240.609375
14074.791015625
844.8809814453125
206459.828125
237.31202697753906
93368.8203125
83.38798522949219
38.675514221191406
93368.8203125
16487.236328125
293631.4375
409363.28125
62.751182556152344
5824.04833984375
1515.83544921875
93368.8203125
53.251644134521484
74978.7890625
2993.419189453125
83.38798522949219
833.2247924804688
8.311920166015625
330.321533203125
182217.71875
86651.25
753.9271240234375
88.97228240966797
46125.02734375
164785.28125
139.13223266601562
3717.438720703125
8204.357421875
258739.796875
93368.8203125
2241.162841796875
13217.7734375
8204.357421875
19348.142578125
3108.30322265625
286.4128723144531
113563.9765625
8204.357421875
1191.2562255859375
11628.8359375
286.4128723144531
26324.115234375
2993.419189453125
165.9158477783203
160.206787109375
402.62091064453125
1307.3739013671875
651.1307983398438
5965.90234375
45.52997970581055
46125.02734375
49.18778610229492
83.38798522949219
17762.146484375
8204.357421875
5775.9892578125
19348.142578125
37839.09765625
19348.142578125
816.8499755859375
567.832275390625
347429632.0
89736.9296875
165606.546875
908.0399169921875
27325.548828125
8204.357421875
2447.877197265625
1718.993896484375
5026.67919921875
6503.02880859375
90294.5703125
1846.9547119140625
82.04019165039062
852.6808471679688
8204.357421875
304308.125
6056.5048828125
93368.8203125
227.1495819091797
34.47026062011719
1846.9547119140625
9658.970703125
83.38798522949219
2.7872138382017513e+30
89.61328125
81.62947082519531
76454.546875
1658.2042236328125
2927.424560546875
836.6690673828125
1029.5057373046875
926.0640869140625
2528.6015625
825443.125
5824.04833984375
2993.419189453125
93368.8203125
896.1279907226562
2.7872138382017513e+30
26324.115234375
27832.517578125
-1.5807418823242188
1761.028076171875
15322.7724609375
17762.146484375
768.395263671875
176.0713653564453
2685.12451171875
1420.157958984375
132.25579833984375
2.7872138382017513e+30
3070.26904296875
76.86986541748047
-5.6431121826171875
7259.0888671875
692.7237548828125
12110.552734375
33.50646209716797
10155.2197265625
130.92173767089844
8204.357421875
169.7689971923828
112.01210021972656
27325.548828125
660.7306518554688
201.08892822265625
85.5352783203125
88.97228240966797
-2.078235626220703
152.65501403808594
28.611854553222656
5038.412109375
341.76715087890625
4838.17724609375
28117.349609375
8204.357421875
108.98820495605469
1461864.0
8204.357421875
218874.90625
2447.877197265625
85.43572235107422
124.34693908691406
9106.828125
93368.8203125
277756.4375
152.65501403808594
179240.609375
64.57635498046875
1195.6414794921875
141.84226989746094
7441.17333984375
17762.146484375
221.8416290283203
13020.697265625
2.7872138382017513e+30
19767.806640625
8204.357421875
1309361.75
93368.8203125
974.689208984375
1518456.125
1619.8167724609375
19767.806640625
93368.8203125
833.2247924804688
2.7872138382017513e+30
5989.38037109375
49.263572692871094
269.78912353515625
41.557228088378906
12721.810546875
8204.357421875
-2.4585189819335938
15032.904296875
3108.30322265625
417.08673095703125
119.43314361572266
2359.18017578125
91.3135986328125
83.38798522949219
358.756591796875
13442.4560546875
431.8600158691406
108.40962219238281
59.12168884277344
17762.146484375
71.08284759521484
4838.17724609375
696.7399291992188
7080.11328125
27832.517578125
113563.9765625
16.308631896972656
487.48974609375
-5.8450775146484375
8204.357421875
83.38798522949219
91397.59375
23.690242767333984
11313.095703125
720.379638671875
-24.40130615234375
85263.203125
230.08815002441406
231.32089233398438
17762.146484375
84.40020751953125
617.4409790039062
65.76891326904297
1009.4095458984375
6418.37890625
2.7872138382017513e+30
85263.203125
93368.8203125
99.56864166259766
13747.1865234375
93368.8203125
411.14105224609375
852.6808471679688
2756.908447265625
8204.357421875
30.959178924560547
1726.433349609375
348.0226135253906
88.97228240966797
2203.23046875
104.82362365722656
2597.892333984375
-10.527423858642578
117.01286315917969
9197.681640625
531.1409301757812
700.1522216796875
31791.2265625
165604.703125
3846.123046875
328.5501708984375
164.94863891601562
179240.609375
243560.53125
93368.8203125
27325.548828125
22.80840301513672
8204.357421875
154.74009704589844
8204.357421875
43.24054718017578
83.38798522949219
186.5946044921875
2447.877197265625
3306.900390625
207.09231567382812
255.38523864746094
1775.8990478515625
93368.8203125
108.48440551757812
2.7872138382017513e+30
27.477542877197266
56.169822692871094
611.2501220703125
110.19395446777344
8421.1513671875
16487.236328125
90.45984649658203
83.18978881835938
1846.9547119140625
630.9861450195312
83.38798522949219
25571.916015625
3070.26904296875
106.12151336669922
-33.40869140625
65.01416015625
2583.425537109375
572.3513793945312
65.76891326904297
2993.419189453125
88.97228240966797
141.95664978027344
215.5177001953125
53997.53515625
2.7872138382017513e+30
744.7913208007812
86651.25
8204.357421875
4260708.0
6.593685150146484
4836.28173828125
17762.146484375
3116.2099609375
459.48565673828125
60.09837341308594
15753.3798828125
17762.146484375
2556.072265625
22495.681640625
113563.9765625
1515944.875
83.38798522949219
3116.2099609375
660.7306518554688
700.1522216796875
2684.435546875
19610.494140625
22.80840301513672
157.9202880859375
501.7574768066406
7238.24853515625
25747.900390625
93368.8203125
13020.697265625
3297.125732421875
12767.3857421875
88.97228240966797
611.0750122070312
3324.27197265625
62.862449645996094
-28.386348724365234
9934.4658203125
59.84795379638672
3112.151611328125
42553.74609375
7442.23876953125
186.08807373046875
1846.9547119140625
86.54534149169922
1499520.625
261.2943115234375
76454.546875
215.5177001953125
62.51100540161133
138.76730346679688
25580.44140625
74.14842987060547
10900.4111328125
3335.437255859375
-13.886760711669922
39.90065002441406
1140.2828369140625
25245.08203125
2993.419189453125
344.7089538574219
1.3703496798885671e+26
71.08284759521484
3015.213134765625
15.721839904785156
131.77084350585938
112.14376068115234
1150.62158203125
28.392906188964844
195979.390625
83.38798522949219
46102.3671875
7964.87255859375
11592.189453125
80.01178741455078
6843.408203125
8204.357421875
93368.8203125
93368.8203125
30.858234405517578
109497.3046875
8204.357421875
17698.0859375
24767.46484375
2556.072265625
56.42803955078125
8204.357421875
5002.85205078125
4278.73974609375
13022.7451171875
165606.546875
5622.8349609375
65.76891326904297
35447.0625
72.90809631347656
24764.431640625
17530.291015625
700.1522216796875
96.56700897216797
8204.357421875
1587.286865234375
46125.02734375
7080.11328125
2502.0380859375
228.779052734375
3112.151611328125
39608.109375
61.889801025390625
1515.83544921875
88.97228240966797
27.121261596679688
88.97228240966797
853.510009765625
93368.8203125
103.65217590332031
19767.806640625
9388.19140625
46125.02734375
825443.125
1529919.75
8204.357421875
164.33912658691406
8204.357421875
82.83236694335938
159.63592529296875
1811.139892578125
58529.265625
63459.87890625
280.2867736816406
1150.62158203125
7442.23876953125
147.2675018310547
61978.4609375
93368.8203125
6843.408203125
39608.109375
6912.4423828125
15392.6474609375
169.62356567382812
93368.8203125
216.8216094970703
23.690242767333984
231.9078369140625
9934.4658203125
10982.505859375
409.34906005859375
13117.32421875
7953.19287109375
8204.357421875
1227.631103515625
6056.5048828125
3223.86328125
19348.142578125
113563.9765625
1015.0494995117188
88.97228240966797
55.088417053222656
3244.27783203125
83.38798522949219
8204.357421875
35447.0625
49.04875946044922
3647.068359375
36481.29296875
1227.631103515625
75.74321746826172
8204.357421875
53109.71875
49.42220687866211
24767.46484375
10631.015625
463.72418212890625
8204.357421875
62.82719039916992
190.0565948486328
201734.65625
1515.83544921875
2473.560302734375
8204.357421875
1174.3958740234375
11.92852783203125
38.675514221191406
-16.497787475585938
8204.357421875
54011.84765625
60.89988708496094
38.675514221191406
8204.357421875
44.10871124267578
1571450.625
2.7872138382017513e+30
93368.8203125
531.1409301757812
19348.142578125
4260708.0
5362.2978515625
2515.185546875
346.46728515625
8204.357421875
346.8775329589844
6557.91796875
131.77084350585938
99096.9921875
46.21952819824219
13905.962890625
8204.357421875
6461.17041015625
2.7872138382017513e+30
373.82330322265625
-4.007251739501953
947.941650390625
19348.142578125
601.4675903320312
85778.3203125
4838.17724609375
4460.20849609375
8521.6259765625
35263.30859375
4838.17724609375
4879.14013671875
17762.146484375
1118.6373291015625
5775.9892578125
113563.9765625
7080.11328125
16487.236328125
116.6591796875
97.06587219238281
2.7872138382017513e+30
19150.6484375
354.26202392578125
356.55804443359375
2927.424560546875
104.82362365722656
16487.236328125
128.7244415283203
5775.9892578125
8204.357421875
38.693824768066406
101.20643615722656
49.430419921875
24.06999969482422
1.5749282836914062
-58.03681945800781
-27.334701538085938
547.4263305664062
46125.02734375
93368.8203125
4.7559051513671875
-9.452484130859375
405.06005859375
8204.357421875
3781.441650390625
379.4161682128906
8204.357421875
249.82208251953125
179.91387939453125
8421.1513671875
1140.2828369140625
115.77115631103516
5201.5048828125
293.3968505859375
19304.46484375
3074.902587890625
631.2936401367188
249.82208251953125
179.89544677734375
141.15948486328125
17762.146484375
3108.30322265625
1265.5330810546875
5319.53515625
2149.544189453125
1265.5330810546875
660.7306518554688
381.18389892578125
8204.357421875
4260708.0
400.2790832519531
-14.498493194580078
202.41062927246094
2.7872138382017513e+30
57.663818359375
3407.1240234375
8204.357421875
176.0713653564453
5524.03369140625
1150.62158203125
8204.357421875
1443.887939453125
255.66546630859375
239.59820556640625
110.63479614257812
17762.146484375
8421.1513671875
16487.236328125
8204.357421875
70.08174133300781
3110793.75
3143.819580078125
8633.6064453125
8204.357421875
1015.0494995117188
4155.5439453125
9324.67578125
1587.286865234375
1174.3958740234375
2.7872138382017513e+30
93368.8203125
3306.900390625
459.48565673828125
2.5130158618976827e+30
207.2611541748047
1587.286865234375
115.46903991699219
136.2718505859375
1794929.375
5319.90673828125
3116.2099609375
587.0149536132812
72.5071029663086
112159.8203125
5519.396484375
2993.419189453125
4260708.0
354.26202392578125
11628.8359375
1108.0909423828125
-13.010459899902344
54.45756530761719
336765.4375
13117.32421875
8204.357421875
2927.424560546875
84.40020751953125
91397.59375
224.7691650390625
8204.357421875
73.41831970214844
330.38385009765625
926.0640869140625
3110793.75
249523.015625
22593.859375
286.0402526855469
86.953369140625
17762.146484375
947.941650390625
125598.046875
54011.84765625
5824.04833984375
1587.286865234375
190559.9375
852.7822265625
4260708.0
76454.546875
316786.03125
28622.28125
947.941650390625
88.97228240966797
17698.0859375
5622.8349609375
46125.02734375
19348.142578125
3110793.75
3070.26904296875
1761.028076171875
10900.4111328125
84.40020751953125
2583.425537109375
1128.0069580078125
24.06659698486328
31312.7109375
1515.83544921875
8204.357421875
2299966.75
-34.667537689208984
32198.880859375
540.292236328125
10631.015625
3846.123046875
17762.146484375
2.7872138382017513e+30
6843.408203125
833.3724365234375
1789.38623046875
19348.142578125
8204.357421875
6843.408203125
-7.706127166748047
19767.806640625
27629.181640625
417.08673095703125
108.48440551757812
8204.357421875
-58.03681945800781
25922.36328125
54011.84765625
1186.207763671875
227.42636108398438
66.7451400756836
31554.513671875
19348.142578125
104.82362365722656
926.0640869140625
229065.109375
472.76458740234375
12749812.0
54017.08203125
93368.8203125
61.842689514160156
19771.884765625
3947.5419921875
825443.125
340.31988525390625
5.884143829345703
12364.02734375
62.82719039916992
2556.072265625
2.7872138382017513e+30
3306.900390625
13129.0361328125
1586.9443359375
2582.63525390625
15311.9755859375
-0.8938217163085938
85.20862579345703
93368.8203125
93368.8203125
2250.218994140625
12749812.0
501.7574768066406
660.7306518554688
1307.3739013671875
164.79115295410156
17762.146484375
212.89157104492188
87025.890625
651.1307983398438
65.76891326904297
86.37905883789062
13747.1865234375
1935.2686767578125
567.832275390625
260.2205505371094
348.43463134765625
112.34194946289062
17.894119262695312
105241.8671875
28.469009399414062
48.25090026855469
83.38798522949219
617.4409790039062
3110793.75
42.348331451416016
8150.498046875
-34.018898010253906
2426.138427734375
-18.5634765625
46125.02734375
230.08815002441406
8204.357421875
8204.357421875
286.0402526855469
332.0986633300781
703814.875
27325.552734375
5755.6708984375
3682.911865234375
501.7574768066406
3335.43408203125
5775.990234375
83.38796997070312
83.9530029296875
93368.8125
1231.48974609375
211.6908721923828
8204.3583984375
39608.0234375
6503.0322265625
8204.3583984375
8204.3583984375
2934.5126953125
-34.66753387451172
63.58818054199219
322.0978088378906
1015.0492553710938
18709.98046875
93368.8125
1587.287109375
12767.390625
2582.6376953125
56778.40234375
8204.3583984375
93368.8125
-14.884929656982422
182217.59375
147.25799560546875
7400.18603515625
660.7301025390625
309.451416015625
110.41216278076172
206.88577270507812
83.38796997070312
179240.671875
6892.15576171875
-2.078258514404297
178.30322265625
93368.8125
61.842769622802734
63459.88671875
212.89151000976562
247591.078125
215.51773071289062
7442.23876953125
630.9859619140625
-7.8575897216796875
8204.3583984375
7.494041442871094
113.26770782470703
8421.1513671875
816.850341796875
8204.3583984375
1509436.625
180.55284118652344
-13.035015106201172
46539.11328125
1702.4010009765625
178.13369750976562
3947.5419921875
8204.3583984375
305.0261535644531
2.7872138382017513e+30
5370.615234375
6056.50390625
7164.67578125
17698.099609375
128.08535766601562
93368.8125
229.53350830078125
379.4162292480469
191.44520568847656
1516073.5
19348.146484375
39608.0234375
-17.972412109375
93368.8125
65.36482238769531
179240.671875
54459.8515625
91397.53125
8204.3583984375
60.85028839111328
19348.146484375
93368.8125
93368.8125
3105.618408203125
62.8271598815918
54.66407012939453
90.45977783203125
211.6908721923828
501.7574768066406
148.73928833007812
93.4617919921875
296716.75
8204.3583984375
744.7910766601562
993488.5625
-20.349990844726562
1624.0089111328125
5775.990234375
88.9722671508789
531.1405639648438
898.355712890625
8421.1513671875
9647.90625
2927.4248046875
947.94140625
114.22425842285156
1963.5216064453125
1228.4105224609375
75086.609375
46124.984375
-9.313133239746094
113563.90625
692.7242431640625
379.4162292480469
6557.9169921875
2419.1787109375
61.886383056640625
212.89151000976562
1402.0701904296875
1718.9957275390625
-56.88394546508789
3658.35986328125
9469.5263671875
3108.301513671875
78.8505859375
17762.150390625
71.08281707763672
23.41503143310547
49.430389404296875
140394.015625
20112.19921875
3110792.25
17762.150390625
8204.3583984375
692.7242431640625
2756.91064453125
572.3507080078125
78543.40625
1947.6097412109375
60.85028839111328
37839.109375
39608.0234375
17762.150390625
-0.3678741455078125
825443.6875
9929.9375
8204.3583984375
88.9722671508789
23033.54296875
15991.7666015625
6993.9130859375
270.41705322265625
39608.0234375
1761.02734375
4730.74951171875
15.220455169677734
82.9059829711914
424.8186340332031
833.224853515625
93.09864044189453
17698.099609375
5370.615234375
2.7872138382017513e+30
146.2396240234375
833.224853515625
56807.91015625
286.4130859375
199.1790771484375
72.90805053710938
4838.18017578125
12749793.0
661.2708129882812
11920.6279296875
103.59598541259766
825443.6875
249.82208251953125
23.69023895263672
1121553.5
841.6021118164062
65.93030548095703
182.54629516601562
8633.6123046875
62.8271598815918
8204.3583984375
780.5333251953125
1936.4310302734375
7.229030609130859
49322.046875
-56.4547004699707
88.9722671508789
2756.91064453125
143.8341827392578
5002.849609375
1353.8748779296875
5589.0166015625
109.57818603515625
35447.0703125
88.9722671508789
1718.9957275390625
103.00004577636719
8204.3583984375
84.40008544921875
1519090.25
128087.6484375
-13.58248519897461
131.1666259765625
-34.01889419555664
8204.3583984375
13117.296875
5824.04345703125
-34.01889419555664
1624.0089111328125
8454.353515625
148992.484375
8204.3583984375
436.3506774902344
3306.900390625
46124.984375
19767.798828125
526.5061645507812
8204.3583984375
360567.84375
1947.65625
77.53752136230469
1935.2681884765625
168.54696655273438
25.565277099609375
-20.366744995117188
41426.3515625
33450302.0
272.01678466796875
93368.8125
148.724853515625
1791.083984375
42.580787658691406
104.83116149902344
133221.3125
72.03738403320312
6990.4765625
39608.0234375
73.38485717773438
796.621826171875
1963.5216064453125
8204.3583984375
15.593376159667969
31458.40234375
212.89151000976562
202016.4375
68284.609375
1150.7803955078125
330.321533203125
181591.78125
11628.8330078125
113563.90625
211.6908721923828
28142.3125
17762.150390625
10589.3251953125
19739.630859375
93368.8125
2.7872138382017513e+30
2756.91064453125
470.7605285644531
278.003173828125
15.497509002685547
472.7647705078125
7442.23876953125
71.205078125
22593.86328125
508.9664306640625
6293.99267578125
852.6810302734375
17762.150390625
17762.150390625
2.7872138382017513e+30
108.484375
39608.0234375
225.98013305664062
1486571.75
1150.622314453125
947.94140625
663.5810546875
2419.1787109375
84.40008544921875
61.886383056640625
8204.3583984375
77.98712158203125
833.224853515625
12749793.0
252056.015625
7080.11328125
8633.6123046875
17698.099609375
34140.765625
39750.234375
182.961181640625
8204.3583984375
49846.56640625
3407.12353515625
59376.28515625
167.74485778808594
59.88981628417969
22.808387756347656
109377.78125
93368.8125
379.4162292480469
