52.605316162109375
32.35057067871094
30.781171798706055
27.111284255981445
28.915258407592773
87.16056060791016
34.42799377441406
37.61623001098633
30.022846221923828
25.22675323486328
28.925390243530273
25.133014678955078
25.435319900512695
30.57794952392578
50.87083435058594
31.060068130493164
61.29597091674805
47.373817443847656
57.096187591552734
25.799739837646484
28.130346298217773
25.435319900512695
31.110034942626953
29.51389503479004
48.56725311279297
37.51664733886719
26.3785400390625
30.022846221923828
25.83655548095703
30.022846221923828
26.983108520507812
25.747507095336914
30.022846221923828
28.6673583984375
29.0804386138916
26.44485855102539
34.1856689453125
25.682798385620117
38.983734130859375
29.25554656982422
43.39292907714844
43.370914459228516
37.51664733886719
26.1812744140625
26.43619728088379
26.55617904663086
59.70273208618164
31.110034942626953
26.289947509765625
31.110034942626953
37.51664733886719
37.51664733886719
29.321788787841797
29.321788787841797
29.185665130615234
29.321788787841797
26.561443328857422
26.70542335510254
31.060068130493164
25.47087287902832
43.720069885253906
67.49313354492188
25.435319900512695
27.71168327331543
25.435319900512695
26.189167022705078
31.17658042907715
92.06987762451172
34.1856689453125
26.438213348388672
26.88711929321289
25.435319900512695
26.236249923706055
29.51389503479004
28.383594512939453
28.383594512939453
27.631637573242188
28.383594512939453
30.022846221923828
27.341476440429688
26.914566040039062
28.193798065185547
34.1856689453125
26.483232498168945
29.25554656982422
27.08639144897461
26.602783203125
30.57794952392578
27.5501708984375
29.51389503479004
27.75811004638672
26.564311981201172
29.857860565185547
30.022846221923828
25.808462142944336
35.48971939086914
34.1856689453125
31.618545532226562
34.1856689453125
26.700313568115234
26.774322509765625
27.048505783081055
26.774322509765625
27.75811004638672
27.91558837890625
28.252506256103516
27.91558837890625
27.91558837890625
27.91558837890625
27.91558837890625
27.91558837890625
29.199047088623047
27.91558837890625
29.51389503479004
27.912094116210938
27.91558837890625
25.72509765625
37.51664733886719
26.201045989990234
37.51664733886719
26.278940200805664
27.91558837890625
26.872352600097656
27.91558837890625
27.91558837890625
27.91558837890625
28.252506256103516
27.91558837890625
27.915599822998047
27.915599822998047
27.915599822998047
27.915599822998047
27.915599822998047
27.915599822998047
27.915599822998047
27.915599822998047
28.252487182617188
26.34495735168457
27.915599822998047
26.463565826416016
27.915599822998047
26.102657318115234
27.915599822998047
27.915599822998047
26.671890258789062
27.915599822998047
26.102657318115234
28.252487182617188
28.678024291992188
26.232027053833008
28.11643409729004
26.102657318115234
26.102657318115234
