55.35112762451172
53.795204162597656
12.302074432373047
15.95787239074707
9.97994613647461
263.4184875488281
18.110301971435547
38.59910583496094
13.825855255126953
7.945701599121094
13.18979263305664
9.428062438964844
6.664554595947266
20.77739715576172
66.7886734008789
13.742839813232422
96.06227111816406
50.513545989990234
90.25094604492188
6.542697906494141
9.62228775024414
6.664554595947266
13.309070587158203
11.117244720458984
58.25107192993164
26.440752029418945
13.680599212646484
13.825855255126953
9.439567565917969
13.825855255126953
12.44062614440918
9.78912353515625
13.825855255126953
12.854108810424805
17.326892852783203
10.882783889770508
18.443038940429688
9.854496002197266
39.98832702636719
12.826726913452148
53.1932258605957
50.55793762207031
26.440752029418945
9.632335662841797
10.921829223632812
10.609275817871094
57.59687423706055
13.309070587158203
10.911441802978516
13.309070587158203
26.440752029418945
26.440752029418945
17.717098236083984
17.717098236083984
14.144195556640625
17.717098236083984
7.3524322509765625
10.81686782836914
13.742839813232422
8.251983642578125
48.264163970947266
90.60802459716797
6.664554595947266
11.920337677001953
6.664554595947266
9.980110168457031
19.829877853393555
179.18841552734375
18.443038940429688
11.01828384399414
11.458545684814453
6.664554595947266
11.959430694580078
11.117244720458984
12.107292175292969
12.107292175292969
10.87215805053711
12.107292175292969
13.825855255126953
10.790603637695312
9.258523941040039
10.905519485473633
18.443038940429688
12.173198699951172
12.826726913452148
11.468120574951172
10.254932403564453
20.77739715576172
11.493099212646484
11.117244720458984
11.433277130126953
11.287778854370117
12.890432357788086
13.825855255126953
9.899398803710938
28.094350814819336
18.443038940429688
15.879497528076172
18.443038940429688
11.252857208251953
11.214025497436523
10.989002227783203
11.214025497436523
11.433277130126953
11.570106506347656
12.852066040039062
11.570106506347656
11.570106506347656
11.570106506347656
11.570106506347656
11.570106506347656
12.015922546386719
11.570106506347656
11.117244720458984
11.470947265625
11.570106506347656
10.40308952331543
26.440752029418945
10.144161224365234
26.440752029418945
11.03367805480957
11.570106506347656
14.291847229003906
11.570106506347656
11.570106506347656
11.570106506347656
12.852066040039062
11.570106506347656
11.570137023925781
11.570137023925781
11.570137023925781
11.570137023925781
11.570137023925781
11.570137023925781
11.570137023925781
11.570137023925781
12.852195739746094
11.464725494384766
11.570137023925781
10.494998931884766
11.570137023925781
9.876640319824219
11.570137023925781
11.570137023925781
11.265592575073242
11.570137023925781
9.876640319824219
12.852195739746094
11.892084121704102
9.60879135131836
11.635299682617188
9.876640319824219
9.876640319824219
