49.78019714355469
30.60727882385254
27.564014434814453
24.050460815429688
25.907608032226562
93.3023910522461
31.296358108520508
37.9482307434082
26.50470733642578
22.057823181152344
26.117324829101562
22.071271896362305
21.850547790527344
29.243419647216797
47.08207321166992
28.057252883911133
59.5849609375
43.25046157836914
55.644630432128906
22.227476119995117
24.56671905517578
21.850547790527344
28.01211166381836
26.18373680114746
45.668846130371094
35.326011657714844
24.749740600585938
26.50470733642578
22.793272018432617
26.50470733642578
24.89727020263672
23.082542419433594
26.50470733642578
26.053844451904297
26.80962371826172
23.976215362548828
31.853410720825195
22.64151954650879
37.71238708496094
26.382883071899414
44.89808654785156
44.903236389160156
35.326011657714844
23.40096664428711
23.690292358398438
23.984222412109375
54.978721618652344
28.01211166381836
23.652755737304688
28.01211166381836
35.326011657714844
35.326011657714844
28.71074104309082
28.71074104309082
27.027339935302734
28.71074104309082
22.9023494720459
24.1434268951416
28.057252883911133
22.250749588012695
44.72193908691406
75.98565673828125
21.850547790527344
25.07187843322754
21.850547790527344
23.591325759887695
29.877273559570312
118.8764419555664
31.853410720825195
23.910079956054688
24.594900131225586
21.850547790527344
24.110652923583984
26.18373680114746
25.949682235717773
25.949682235717773
25.116086959838867
25.949682235717773
26.50470733642578
24.73013687133789
23.830135345458984
25.253108978271484
31.853410720825195
24.34029197692871
26.382883071899414
24.571819305419922
24.1627140045166
29.243419647216797
24.740333557128906
26.18373680114746
25.2174129486084
24.24639129638672
27.181133270263672
26.50470733642578
23.207290649414062
35.052276611328125
31.853410720825195
29.031051635742188
31.853410720825195
24.333335876464844
24.439517974853516
24.58272933959961
24.439517974853516
25.2174129486084
25.389484405517578
25.972261428833008
25.389484405517578
25.389484405517578
25.389484405517578
25.389484405517578
25.389484405517578
26.063194274902344
25.389484405517578
26.18373680114746
25.403526306152344
25.389484405517578
23.370628356933594
35.326011657714844
23.57651138305664
35.326011657714844
24.031177520751953
25.389484405517578
25.26156997680664
25.389484405517578
25.389484405517578
25.389484405517578
25.972261428833008
25.389484405517578
25.389537811279297
25.389537811279297
25.389537811279297
25.389537811279297
25.389537811279297
25.389537811279297
25.389537811279297
25.389537811279297
25.972312927246094
24.174144744873047
25.389537811279297
24.09037971496582
25.389537811279297
23.67313003540039
25.389537811279297
25.389537811279297
24.486820220947266
25.389537811279297
23.67313003540039
25.972312927246094
25.945270538330078
23.6898193359375
25.665081024169922
23.67313003540039
23.67313003540039
