65.37799072265625
66.87445068359375
8.914533615112305
13.719253540039062
5.280948638916016
442.1061706542969
13.214637756347656
36.62535095214844
10.799762725830078
2.969482421875
9.29840087890625
5.10784912109375
2.2727279663085938
16.705963134765625
84.63086700439453
9.638103485107422
122.60952758789062
57.18785858154297
115.0235595703125
2.1550750732421875
4.874835968017578
2.2727279663085938
9.33432388305664
6.773218154907227
66.07830810546875
22.621288299560547
8.697254180908203
10.799762725830078
4.754734039306641
10.799762725830078
7.6707916259765625
5.069496154785156
10.799762725830078
8.528192520141602
13.511360168457031
6.337665557861328
13.962623596191406
5.502006530761719
39.20330810546875
10.545209884643555
62.200096130371094
57.48040771484375
22.621288299560547
4.602363586425781
6.13580322265625
6.076534271240234
50.358821868896484
9.33432388305664
6.386264801025391
9.33432388305664
22.621288299560547
22.621288299560547
12.798351287841797
12.798351287841797
9.75080680847168
12.798351287841797
2.3739891052246094
6.238670349121094
9.638103485107422
3.3098793029785156
54.23466491699219
117.72964477539062
2.2727279663085938
7.606121063232422
2.2727279663085938
5.383815765380859
16.340850830078125
268.2136535644531
13.962623596191406
6.00115966796875
6.648006439208984
2.2727279663085938
7.023250579833984
6.773218154907227
7.121120452880859
7.121120452880859
5.7511749267578125
7.121120452880859
10.799762725830078
5.988033294677734
4.663366317749023
6.348699569702148
13.962623596191406
7.4547882080078125
10.545209884643555
6.949466705322266
5.284557342529297
16.705963134765625
6.6668548583984375
6.773218154907227
6.418560028076172
6.781955718994141
8.088722229003906
10.799762725830078
5.518524169921875
23.760345458984375
13.962623596191406
12.732734680175781
13.962623596191406
6.907070159912109
6.379737854003906
6.255361557006836
6.379737854003906
6.418560028076172
6.566566467285156
8.055530548095703
6.566566467285156
6.566566467285156
6.566566467285156
6.566566467285156
6.566566467285156
9.822189331054688
6.566566467285156
6.773218154907227
6.461639404296875
6.566566467285156
5.545494079589844
22.621288299560547
5.50018310546875
22.621288299560547
6.567436218261719
6.566566467285156
9.547027587890625
6.566566467285156
6.566566467285156
6.566566467285156
8.055530548095703
6.566566467285156
6.5666046142578125
6.5666046142578125
6.5666046142578125
6.5666046142578125
6.5666046142578125
6.5666046142578125
6.5666046142578125
6.5666046142578125
8.0555419921875
7.10528564453125
6.5666046142578125
5.660552978515625
6.5666046142578125
4.8596649169921875
6.5666046142578125
6.5666046142578125
6.4411163330078125
6.5666046142578125
4.8596649169921875
8.0555419921875
7.004871368408203
4.614048004150391
6.758869171142578
4.8596649169921875
4.8596649169921875
