48.89152526855469
29.48003578186035
24.254444122314453
22.13782501220703
22.70270538330078
100.53910064697266
28.473312377929688
38.480072021484375
23.510164260864258
19.274538040161133
23.452430725097656
19.48745346069336
18.683095932006836
27.72259521484375
47.879371643066406
24.772016525268555
62.74688720703125
42.52465057373047
58.77336883544922
18.852874755859375
21.44754981994629
18.683095932006836
24.862659454345703
23.035140991210938
46.00685501098633
33.80458068847656
23.445480346679688
23.510164260864258
20.22908592224121
23.510164260864258
23.012434005737305
20.6226749420166
23.510164260864258
23.41455078125
25.14545249938965
21.598188400268555
29.474517822265625
20.17237663269043
38.430503845214844
23.46111297607422
46.39017105102539
46.26133728027344
33.80458068847656
20.9781494140625
21.443220138549805
21.484203338623047
53.8000373840332
24.862659454345703
21.323945999145508
24.862659454345703
33.80458068847656
33.80458068847656
27.900680541992188
27.900680541992188
24.765995025634766
27.900680541992188
19.556386947631836
21.667165756225586
24.772016525268555
19.511348724365234
45.18281555175781
80.09981536865234
18.683095932006836
22.46172332763672
18.683095932006836
21.064083099365234
28.378646850585938
137.20849609375
29.474517822265625
21.583709716796875
22.205867767333984
18.683095932006836
22.15535545349121
23.035140991210938
23.336353302001953
23.336353302001953
22.470735549926758
23.336353302001953
23.510164260864258
22.007606506347656
20.947704315185547
22.440567016601562
29.474517822265625
22.46841049194336
23.46111297607422
22.141263961791992
21.68498992919922
27.72259521484375
22.3421688079834
23.035140991210938
22.556819915771484
21.90678596496582
24.420522689819336
23.510164260864258
20.7705135345459
34.561580657958984
29.474517822265625
26.24001121520996
29.474517822265625
21.98462677001953
22.108875274658203
22.11531639099121
22.108875274658203
22.556819915771484
22.728771209716797
23.474300384521484
22.728771209716797
22.728771209716797
22.728771209716797
22.728771209716797
22.728771209716797
22.969375610351562
22.728771209716797
23.035140991210938
22.745052337646484
22.728771209716797
21.27378273010254
33.80458068847656
21.179988861083984
33.80458068847656
21.695804595947266
22.728771209716797
23.927066802978516
22.728771209716797
22.728771209716797
22.728771209716797
23.474300384521484
22.728771209716797
22.728824615478516
22.728824615478516
22.728824615478516
22.728824615478516
22.728824615478516
22.728824615478516
22.728824615478516
22.728824615478516
23.474411010742188
22.00079917907715
22.728824615478516
21.66623306274414
22.728824615478516
21.206634521484375
22.728824615478516
22.728824615478516
22.157512664794922
22.728824615478516
21.206634521484375
23.474411010742188
23.1758975982666
21.123458862304688
23.231990814208984
21.206634521484375
21.206634521484375
