49.943878173828125
29.806116104125977
21.042652130126953
19.622764587402344
19.521135330200195
131.5945587158203
25.744884490966797
39.2509765625
20.86550521850586
16.565061569213867
20.82938003540039
16.871421813964844
15.577640533447266
26.18935203552246
54.10590362548828
21.739425659179688
79.80508422851562
44.57778549194336
72.46208190917969
15.534347534179688
18.427139282226562
15.577640533447266
21.756866455078125
19.908838272094727
49.29788589477539
32.24843215942383
21.58732032775879
20.86550521850586
17.687084197998047
20.86550521850586
20.764171600341797
18.084016799926758
20.86550521850586
20.72299575805664
23.629192352294922
19.103731155395508
26.76538848876953
17.748577117919922
42.75129699707031
20.537446975708008
48.20915222167969
47.948692321777344
32.24843215942383
18.38216781616211
19.16278076171875
18.932743072509766
62.01972961425781
21.756866455078125
19.02837371826172
21.756866455078125
32.24843215942383
32.24843215942383
25.9575252532959
25.9575252532959
22.284080505371094
25.9575252532959
16.413833618164062
19.111833572387695
21.739425659179688
16.800926208496094
46.73164367675781
95.54069519042969
15.577640533447266
19.770124435424805
15.577640533447266
18.460315704345703
26.480037689208984
223.3673858642578
26.76538848876953
19.14369010925293
19.784988403320312
15.577640533447266
19.93234634399414
19.908838272094727
20.723121643066406
20.723121643066406
19.734176635742188
20.723121643066406
20.86550521850586
19.231712341308594
18.056304931640625
19.660472869873047
26.76538848876953
20.33757209777832
20.537446975708008
19.630319595336914
19.041139602661133
26.18935203552246
19.65595245361328
19.908838272094727
19.861257553100586
19.53852081298828
21.493968963623047
20.86550521850586
18.238073348999023
33.60124969482422
26.76538848876953
23.57515525817871
26.76538848876953
19.55548858642578
19.68758773803711
19.579967498779297
19.68758773803711
19.861257553100586
20.04962730407715
21.025062561035156
20.04962730407715
20.04962730407715
20.04962730407715
20.04962730407715
20.04962730407715
19.827571868896484
20.04962730407715
19.908838272094727
20.062467575073242
20.04962730407715
18.900007247924805
32.24843215942383
18.643692016601562
32.24843215942383
19.276559829711914
20.04962730407715
22.11058807373047
20.04962730407715
20.04962730407715
20.04962730407715
21.025062561035156
20.04962730407715
20.049734115600586
20.049734115600586
20.049734115600586
20.049734115600586
20.049734115600586
20.049734115600586
20.049734115600586
20.049734115600586
21.02524757385254
19.709829330444336
20.049734115600586
19.106618881225586
20.049734115600586
18.596683502197266
20.049734115600586
20.049734115600586
19.75762939453125
20.049734115600586
18.596683502197266
21.02524757385254
20.282611846923828
18.448686599731445
20.518402099609375
18.596683502197266
18.596683502197266
