60.43965148925781
36.50383758544922
38.11852264404297
43.51198959350586
36.888580322265625
62.977359771728516
46.22462463378906
36.25205993652344
40.575050354003906
34.59465789794922
36.94728088378906
34.46401596069336
35.66710662841797
34.68605041503906
55.49123001098633
41.37155532836914
60.30564498901367
55.03959274291992
58.1947135925293
37.83980941772461
36.983970642089844
35.66710662841797
39.25547790527344
40.12327194213867
53.72011184692383
44.94154357910156
33.82632064819336
40.575050354003906
34.64911651611328
40.575050354003906
33.82738494873047
33.64438247680664
40.575050354003906
35.03907012939453
36.09417724609375
33.945457458496094
42.37453079223633
34.698829650878906
51.49119567871094
37.58454895019531
42.6833610534668
42.58183288574219
44.94154357910156
34.214332580566406
34.8392448425293
34.08121109008789
62.88845443725586
39.25547790527344
34.20494079589844
39.25547790527344
44.94154357910156
44.94154357910156
34.13215255737305
34.13215255737305
34.68150329589844
34.13215255737305
36.431739807128906
34.22263717651367
41.37155532836914
34.73253631591797
44.26284408569336
60.34220886230469
35.66710662841797
34.39284133911133
35.66710662841797
33.88157653808594
35.10395812988281
76.71886444091797
42.37453079223633
34.44271469116211
33.65813446044922
35.66710662841797
33.484378814697266
40.12327194213867
34.93220138549805
34.93220138549805
34.561710357666016
34.93220138549805
40.575050354003906
34.368896484375
35.86305618286133
36.77924728393555
42.37453079223633
33.78925704956055
37.58454895019531
34.659400939941406
33.555809020996094
34.68605041503906
36.758338928222656
40.12327194213867
34.78171157836914
33.2711067199707
36.54117965698242
40.575050354003906
32.952083587646484
36.22001647949219
42.37453079223633
38.494136810302734
42.37453079223633
33.49359893798828
33.63426971435547
34.00806427001953
33.63426971435547
34.78171157836914
34.828739166259766
34.48980712890625
34.828739166259766
34.828739166259766
34.828739166259766
34.828739166259766
34.828739166259766
37.58824157714844
34.828739166259766
40.12327194213867
34.72264862060547
34.828739166259766
33.40537643432617
44.94154357910156
33.468711853027344
44.94154357910156
33.17069625854492
34.828739166259766
33.992095947265625
34.828739166259766
34.828739166259766
34.828739166259766
34.48980712890625
34.828739166259766
34.82835006713867
34.82835006713867
34.82835006713867
34.82835006713867
34.82835006713867
34.82835006713867
34.82835006713867
34.82835006713867
34.48960494995117
33.332244873046875
34.82835006713867
33.4123420715332
34.82835006713867
33.37846755981445
34.82835006713867
34.82835006713867
33.361080169677734
34.82835006713867
33.37846755981445
34.48960494995117
36.02810287475586
33.47478485107422
34.565242767333984
33.37846755981445
33.37846755981445
