52.11323547363281
33.88969421386719
33.69914245605469
31.490631103515625
31.663124084472656
76.46492004394531
38.24800109863281
36.312198638916016
33.824432373046875
28.618619918823242
31.954862594604492
28.440753936767578
29.069719314575195
31.929306030273438
45.272979736328125
34.46506881713867
49.83782958984375
44.84709930419922
47.34190368652344
29.702289581298828
31.61319351196289
29.069719314575195
34.05527114868164
33.356300354003906
45.182518005371094
40.54117965698242
28.74668312072754
33.824432373046875
29.057090759277344
33.824432373046875
29.335725784301758
28.572172164916992
33.824432373046875
31.36073875427246
31.628854751586914
29.019569396972656
36.68695068359375
29.0588321685791
39.31010437011719
31.889787673950195
42.63368606567383
42.543670654296875
40.54117965698242
29.141122817993164
29.455814361572266
29.196924209594727
52.10638427734375
34.05527114868164
29.11064910888672
34.05527114868164
40.54117965698242
40.54117965698242
30.570955276489258
30.570955276489258
31.25018310546875
30.570955276489258
30.27117919921875
29.31005096435547
34.46506881713867
28.78570556640625
43.213836669921875
60.48666763305664
29.069719314575195
30.468704223632812
29.069719314575195
28.85867691040039
32.35916519165039
70.44039916992188
36.68695068359375
29.131900787353516
29.180131912231445
29.069719314575195
28.604022979736328
33.356300354003906
30.714988708496094
30.714988708496094
30.07301902770996
30.714988708496094
33.824432373046875
29.890365600585938
29.9658145904541
31.090679168701172
36.68695068359375
28.985698699951172
31.889787673950195
29.679054260253906
28.988191604614258
31.929306030273438
30.75225830078125
33.356300354003906
30.257061004638672
28.894426345825195
32.540122985839844
33.824432373046875
28.42790985107422
35.228248596191406
36.68695068359375
34.054534912109375
36.68695068359375
29.055578231811523
29.13874053955078
29.474327087402344
29.13874053955078
30.257061004638672
30.38121795654297
30.437297821044922
30.38121795654297
30.38121795654297
30.38121795654297
30.38121795654297
30.38121795654297
32.275657653808594
30.38121795654297
33.356300354003906
30.32158088684082
30.38121795654297
28.394859313964844
40.54117965698242
28.93573760986328
40.54117965698242
28.531414031982422
30.38121795654297
29.11554718017578
30.38121795654297
30.38121795654297
30.38121795654297
30.437297821044922
30.38121795654297
30.381118774414062
30.381118774414062
30.381118774414062
30.381118774414062
30.381118774414062
30.381118774414062
30.381118774414062
30.381118774414062
30.437204360961914
28.64018440246582
30.381118774414062
28.79383087158203
30.381118774414062
28.561262130737305
30.381118774414062
30.381118774414062
28.847896575927734
30.381118774414062
28.561262130737305
30.437204360961914
31.55405044555664
28.727771759033203
30.366653442382812
28.561262130737305
28.561262130737305
