60.046592712402344
63.59723663330078
10.604476928710938
14.915599822998047
7.429454803466797
333.89532470703125
15.163681030273438
36.68260955810547
12.232234954833984
5.269725799560547
11.000011444091797
7.127859115600586
3.960491180419922
18.876304626464844
74.99958801269531
11.222766876220703
105.72038269042969
53.51165771484375
100.04183197021484
4.2302398681640625
7.072772979736328
3.960491180419922
11.082561492919922
9.026178359985352
63.216426849365234
24.529338836669922
11.087261199951172
12.232234954833984
6.970373153686523
12.232234954833984
9.904891967773438
7.33613395690918
12.232234954833984
10.658039093017578
15.34321403503418
8.604484558105469
15.836631774902344
7.588836669921875
37.171653747558594
11.290435791015625
58.267173767089844
54.31163024902344
24.529338836669922
7.017612457275391
8.397354125976562
8.32034683227539
52.06982421875
11.082561492919922
8.537134170532227
11.082561492919922
24.529338836669922
24.529338836669922
15.149791717529297
15.149791717529297
11.950773239135742
15.149791717529297
4.777870178222656
8.523948669433594
11.222766876220703
5.5894012451171875
51.84737014770508
100.88853454589844
3.960491180419922
9.744895935058594
3.960491180419922
7.6438446044921875
18.033893585205078
214.6865997314453
15.836631774902344
8.245532989501953
8.82193374633789
3.960491180419922
9.231815338134766
9.026178359985352
9.446617126464844
9.446617126464844
8.19082260131836
9.446617126464844
12.232234954833984
8.235260009765625
6.805274963378906
8.491031646728516
15.836631774902344
9.69119644165039
11.290435791015625
9.226444244384766
7.6662139892578125
18.876304626464844
8.870948791503906
9.026178359985352
8.77785873413086
8.950096130371094
10.419090270996094
12.232234954833984
7.632732391357422
25.596651077270508
15.836631774902344
14.19321060180664
15.836631774902344
9.045822143554688
8.712923049926758
8.550195693969727
8.712923049926758
8.77785873413086
8.905162811279297
10.230419158935547
8.905162811279297
8.905162811279297
8.905162811279297
8.905162811279297
8.905162811279297
10.700340270996094
8.905162811279297
9.026178359985352
8.81240463256836
8.905162811279297
7.848331451416016
24.529338836669922
7.764324188232422
24.529338836669922
8.723213195800781
8.905162811279297
11.851875305175781
8.905162811279297
8.905162811279297
8.905162811279297
10.230419158935547
8.905162811279297
8.90512466430664
8.90512466430664
8.90512466430664
8.90512466430664
8.90512466430664
8.90512466430664
8.90512466430664
8.90512466430664
10.23048210144043
9.262102127075195
8.90512466430664
8.017642974853516
8.90512466430664
7.235401153564453
8.90512466430664
8.90512466430664
8.749473571777344
8.90512466430664
7.235401153564453
10.23048210144043
9.434671401977539
7.004203796386719
8.987014770507812
7.235401153564453
7.235401153564453
