52.78509521484375
41.722042083740234
14.999702453613281
17.115583419799805
12.940120697021484
205.0509033203125
20.2665958404541
39.04121398925781
16.242996215820312
10.737247467041016
15.585556030273438
11.810708999633789
9.459186553955078
22.693382263183594
60.39936828613281
16.10927391052246
88.00593566894531
46.899024963378906
82.2008056640625
9.291013717651367
12.48797607421875
9.459186553955078
15.859809875488281
13.76420783996582
54.97412872314453
28.497777938842773
16.385066986083984
16.242996215820312
12.198345184326172
16.242996215820312
15.293834686279297
12.618175506591797
16.242996215820312
15.369155883789062
19.68212890625
13.731046676635742
20.911006927490234
12.510812759399414
39.89017105102539
14.94212532043457
51.08164978027344
49.62812805175781
28.497777938842773
12.646469116210938
13.753662109375
13.497062683105469
58.17011642456055
15.859809875488281
13.669473648071289
15.859809875488281
28.497777938842773
28.497777938842773
20.531578063964844
20.531578063964844
16.928125381469727
20.531578063964844
10.31138801574707
13.675350189208984
16.10927391052246
11.051216125488281
47.44974136352539
92.24760437011719
9.459186553955078
14.47044563293457
9.459186553955078
12.899168014526367
22.075714111328125
207.21990966796875
20.911006927490234
13.633598327636719
14.204723358154297
9.459186553955078
14.600690841674805
13.76420783996582
14.94186782836914
14.94186782836914
13.808666229248047
14.94186782836914
16.242996215820312
13.497238159179688
12.115550994873047
13.722335815429688
20.911006927490234
15.017791748046875
14.94212532043457
14.275016784667969
13.238004684448242
22.693382263183594
14.171319961547852
13.76420783996582
14.165889739990234
14.14041519165039
15.617721557617188
16.242996215820312
12.75595474243164
30.2713680267334
20.911006927490234
18.20306396484375
20.911006927490234
14.132511138916016
14.15789794921875
13.927421569824219
14.15789794921875
14.165889739990234
14.3214111328125
15.543220520019531
14.3214111328125
14.3214111328125
14.3214111328125
14.3214111328125
14.3214111328125
14.035770416259766
14.3214111328125
13.76420783996582
14.298152923583984
14.3214111328125
13.298051834106445
28.497777938842773
13.079490661621094
28.497777938842773
13.837606430053711
14.3214111328125
17.075233459472656
14.3214111328125
14.3214111328125
14.3214111328125
15.543220520019531
14.3214111328125
14.321517944335938
14.321517944335938
14.321517944335938
14.321517944335938
14.321517944335938
14.321517944335938
14.321517944335938
14.321517944335938
15.543386459350586
14.372306823730469
14.321517944335938
13.439716339111328
14.321517944335938
12.791725158691406
14.321517944335938
14.321517944335938
14.157155990600586
14.321517944335938
12.791725158691406
15.543386459350586
14.576156616210938
12.594650268554688
14.62603759765625
12.791725158691406
12.791725158691406
