49.3367919921875
33.0776252746582
17.9561710357666
18.343093872070312
16.299861907958984
155.362548828125
22.84300422668457
38.5930061340332
18.54538345336914
13.813438415527344
18.170215606689453
14.389617919921875
12.58966064453125
24.40676498413086
53.9929084777832
18.752548217773438
75.22611999511719
43.773746490478516
70.78978729248047
12.384593963623047
15.428537368774414
12.58966064453125
18.826623916625977
16.79709243774414
50.348777770996094
30.616113662719727
19.12299919128418
18.54538345336914
15.024038314819336
18.54538345336914
18.144638061523438
15.428260803222656
18.54538345336914
18.01862144470215
21.804256439208984
16.395233154296875
23.770780563354492
15.157419204711914
38.74150466918945
17.632888793945312
48.88899230957031
48.18269729614258
30.616113662719727
15.602828979492188
16.606765747070312
16.21353530883789
55.28909683227539
18.826623916625977
16.50912094116211
18.826623916625977
30.616113662719727
30.616113662719727
23.52529525756836
23.52529525756836
19.626510620117188
23.52529525756836
13.425350189208984
16.374141693115234
18.752548217773438
13.993328094482422
45.91234588623047
84.44180297851562
12.58966064453125
17.082290649414062
12.58966064453125
15.649120330810547
24.351539611816406
166.87799072265625
23.770780563354492
16.625919342041016
17.237075805664062
12.58966064453125
17.45270538330078
16.79709243774414
17.91018295288086
17.91018295288086
16.839969635009766
17.91018295288086
18.54538345336914
16.412410736083984
15.118675231933594
16.750804901123047
23.770780563354492
17.864160537719727
17.632888793945312
16.93173599243164
16.23788833618164
24.40676498413086
17.05405044555664
16.79709243774414
17.08530044555664
16.97909927368164
18.557254791259766
18.54538345336914
15.523918151855469
31.996646881103516
23.770780563354492
20.917682647705078
23.770780563354492
16.872020721435547
17.034332275390625
16.800392150878906
17.034332275390625
17.08530044555664
17.261587142944336
18.364051818847656
17.261587142944336
17.261587142944336
17.261587142944336
17.261587142944336
17.261587142944336
16.83393669128418
17.261587142944336
16.79709243774414
17.243389129638672
17.261587142944336
16.18787384033203
30.616113662719727
15.91069221496582
30.616113662719727
16.651100158691406
17.261587142944336
19.806699752807617
17.261587142944336
17.261587142944336
17.261587142944336
18.364051818847656
17.261587142944336
17.261707305908203
17.261707305908203
17.261707305908203
17.261707305908203
17.261707305908203
17.261707305908203
17.261707305908203
17.261707305908203
18.364242553710938
17.09310531616211
17.261707305908203
16.351829528808594
17.261707305908203
15.855701446533203
17.261707305908203
17.261707305908203
17.110363006591797
17.261707305908203
15.855701446533203
18.364242553710938
17.42224884033203
15.644521713256836
17.64169692993164
15.855701446533203
15.855701446533203
