56.0438232421875
35.495323181152344
36.103641510009766
37.48079299926758
34.32861328125
63.49516677856445
42.43360137939453
35.61710739135742
37.31375503540039
32.16758346557617
34.806396484375
31.923181533813477
32.696632385253906
33.219608306884766
48.240684509277344
38.075252532958984
51.88371658325195
48.18278121948242
49.94738006591797
33.910667419433594
34.916690826416016
32.696632385253906
36.74986267089844
37.06599044799805
47.79316329956055
43.264564514160156
31.650102615356445
37.31375503540039
32.30640411376953
37.31375503540039
31.886821746826172
31.485383987426758
37.31375503540039
33.60190200805664
34.25349044799805
31.805957794189453
39.55705261230469
32.40116500854492
44.354225158691406
34.714454650878906
42.52939987182617
42.40877914428711
43.264564514160156
32.12308883666992
32.60150146484375
31.950422286987305
54.130252838134766
36.74986267089844
32.06020736694336
36.74986267089844
43.264564514160156
43.264564514160156
32.464534759521484
32.464534759521484
33.214385986328125
32.464534759521484
33.54872131347656
32.06817626953125
38.075252532958984
32.258872985839844
43.521278381347656
58.138710021972656
32.696632385253906
32.837440490722656
32.696632385253906
31.671302795410156
33.73139190673828
68.95700073242188
39.55705261230469
32.1280632019043
31.683273315429688
32.696632385253906
31.283491134643555
37.06599044799805
33.0631217956543
33.0631217956543
32.57460021972656
33.0631217956543
37.31375503540039
32.38330841064453
33.04414367675781
34.007164001464844
39.55705261230469
31.746660232543945
34.714454650878906
32.46592712402344
31.53923988342285
33.219608306884766
34.29155349731445
37.06599044799805
32.777095794677734
31.369125366210938
34.86265182495117
37.31375503540039
31.053905487060547
35.34186935424805
39.55705261230469
36.31952667236328
39.55705261230469
31.56781005859375
31.679962158203125
32.02883529663086
31.679962158203125
32.777095794677734
32.85631561279297
32.66914749145508
32.85631561279297
32.85631561279297
32.85631561279297
32.85631561279297
32.85631561279297
35.12690353393555
32.85631561279297
37.06599044799805
32.76250076293945
32.85631561279297
31.270309448242188
43.264564514160156
31.633581161499023
43.264564514160156
31.05330467224121
32.85631561279297
31.905460357666016
32.85631561279297
32.85631561279297
32.85631561279297
32.66914749145508
32.85631561279297
32.85607147216797
32.85607147216797
32.85607147216797
32.85607147216797
32.85607147216797
32.85607147216797
32.85607147216797
32.85607147216797
32.66896438598633
31.278076171875
32.85607147216797
31.35959243774414
32.85607147216797
31.259862899780273
32.85607147216797
32.85607147216797
31.339187622070312
32.85607147216797
31.259862899780273
32.66896438598633
34.11965560913086
31.38093376159668
32.7409782409668
31.259862899780273
31.259862899780273
