-34.01889419555664
10.6651611328125
-34.908592224121094
-44.077796936035156
-1.9483222961425781
-32.310523986816406
-48.21195602416992
-14.590587615966797
-20.366744995117188
-34.01889419555664
-23.911975860595703
-30.04558563232422
-34.01889419555664
-11.305488586425781
-16.80280303955078
-34.908592224121094
-20.95610809326172
-44.077796936035156
62.94387435913086
-19.96881103515625
-44.077796936035156
-44.07649230957031
-37.02938461303711
-34.66753387451172
-18.570568084716797
-22.28628921508789
-28.3863525390625
-8.311969757080078
-44.07649230957031
-28.29846954345703
-33.98645782470703
-37.02938461303711
-58.03682327270508
15.497509002685547
-4.8791656494140625
-19.40988540649414
-42.3873291015625
-44.356781005859375
-1.803680419921875
6.888557434082031
2.215545654296875
-34.66753387451172
-22.28628921508789
-45.901222229003906
-44.077796936035156
-44.077796936035156
-22.28628921508789
-44.07649230957031
-30.295143127441406
-43.3311767578125
-58.03682327270508
-34.66753387451172
-44.07649230957031
-44.07649230957031
-27.329635620117188
-58.03682327270508
-16.939376831054688
-8.365806579589844
-14.590587615966797
-56.88394546508789
-44.077796936035156
-25.12350845336914
-44.077796936035156
2.031879425048828
-32.310523986816406
-42.54154968261719
-34.120086669921875
-43.849124908447266
-28.3863525390625
-9.627227783203125
4.7559051513671875
-44.07649230957031
-2.787006378173828
5.884147644042969
-23.97943878173828
-44.07649230957031
22.193511962890625
-28.3863525390625
-58.03682327270508
75.39448547363281
-9.922893524169922
5.884147644042969
-44.07649230957031
-42.82183837890625
-56.88394546508789
-44.07649230957031
-25.02082061767578
-19.826568603515625
-27.858665466308594
-34.90886306762695
-4.6017608642578125
-37.02938461303711
61.886383056640625
-21.165557861328125
-32.66573715209961
17.21192169189453
-44.07649230957031
-38.88999938964844
-32.310523986816406
-44.077796936035156
-44.07649230957031
-39.384193420410156
-44.07649230957031
-16.490863800048828
-25.092391967773438
-15.980155944824219
-10.212265014648438
-27.41254425048828
-3.9552841186523438
15.593376159667969
-23.015872955322266
-34.01889419555664
-44.07649230957031
1.3974151611328125
-56.88394546508789
-44.077796936035156
-22.28628921508789
-22.28628921508789
-34.01889419555664
-20.366744995117188
-24.54582977294922
-15.280315399169922
23.69023895263672
-23.982315063476562
-44.077796936035156
-14.590587615966797
-44.077796936035156
-34.01889419555664
-23.00591278076172
-30.295143127441406
-58.03682327270508
-12.182388305664062
-33.40867614746094
-32.310523986816406
-43.3311767578125
-44.077796936035156
-34.90886306762695
-51.833343505859375
-25.47962188720703
-56.88394546508789
-34.61585235595703
-53.63951110839844
-58.03682327270508
-35.19054412841797
-34.48052215576172
-26.258594512939453
-19.88797378540039
-56.88394546508789
-33.98645782470703
-23.99654769897461
-29.68532943725586
-34.66753387451172
-44.077796936035156
