-20.204368591308594
-12.973945617675781
-27.56029510498047
-28.221050262451172
-23.890357971191406
-29.569225311279297
572.462646484375
-17.447540283203125
-15.717761993408203
-20.204368591308594
-28.178695678710938
-25.600902557373047
-20.204368591308594
-26.198162078857422
383.8764343261719
-27.56029510498047
125.32084655761719
-28.221050262451172
16.195438385009766
-25.412940979003906
-28.221050262451172
-28.2208251953125
-26.35407257080078
-21.159988403320312
-24.598323822021484
-24.61219024658203
-16.595165252685547
-24.293243408203125
-28.2208251953125
-26.822128295898438
-26.26618194580078
-26.35407257080078
-17.909011840820312
-29.237205505371094
10.608230590820312
-25.258934020996094
-27.53636932373047
91211.1015625
176.66043090820312
227.02488708496094
-25.638694763183594
-21.159988403320312
-24.61219024658203
645.62890625
-28.221050262451172
-28.221050262451172
-24.61219024658203
-28.2208251953125
-6.767799377441406
-28.547801971435547
-17.909011840820312
-21.159988403320312
-28.2208251953125
-28.2208251953125
-28.31836700439453
-17.909011840820312
-26.540088653564453
-21.430023193359375
-17.447540283203125
-18.65374755859375
-28.221050262451172
-21.95519256591797
-28.221050262451172
-20.891834259033203
-29.569225311279297
25673.01953125
-30.126522064208984
284.24407958984375
-16.595165252685547
-26.109695434570312
-3.201568603515625
-28.2208251953125
-21.570724487304688
-5.457088470458984
-21.50891876220703
-28.2208251953125
-11.189254760742188
-16.595165252685547
-17.909011840820312
0.02524566650390625
-23.845069885253906
-5.457088470458984
-28.2208251953125
181.2510223388672
-18.65374755859375
-28.2208251953125
-21.954429626464844
-25.163223266601562
-20.299095153808594
-27.562667846679688
-18.847267150878906
-26.35407257080078
-23.772968292236328
-25.18060302734375
99.05523681640625
22.26219940185547
-28.2208251953125
9062.490234375
-29.569225311279297
-28.221050262451172
-28.2208251953125
-26.71465301513672
-28.2208251953125
-28.94055938720703
-26.921985626220703
-26.482585906982422
-27.1536865234375
-19.43896484375
-34.357357025146484
-9.068061828613281
-19.050365447998047
-20.204368591308594
-28.2208251953125
-23.237060546875
-18.65374755859375
-28.221050262451172
-24.61219024658203
-24.61219024658203
-20.204368591308594
-15.717761993408203
-27.888580322265625
-25.957794189453125
-18.934406280517578
-26.703617095947266
-28.221050262451172
-17.447540283203125
-28.221050262451172
-20.204368591308594
-20.335487365722656
-6.767799377441406
-17.909011840820312
-11.436058044433594
-25.47308349609375
-29.569225311279297
-28.547801971435547
-28.221050262451172
-27.562667846679688
143.99925231933594
-31.07662582397461
-18.65374755859375
-28.390193939208984
97.58430480957031
-17.909011840820312
8.154308319091797
-9.138999938964844
-26.483501434326172
-18.60210418701172
-18.65374755859375
-26.26618194580078
-25.507030487060547
-26.219806671142578
-21.159988403320312
-28.221050262451172
