35.40799331665039
38.50028610229492
38.21851348876953
36.70210266113281
36.401451110839844
36.49562072753906
33.61347961425781
49.29907989501953
38.6148796081543
36.79841232299805
34.360816955566406
34.40930938720703
37.07157516479492
35.15218734741211
37.22398376464844
34.243648529052734
40.232704162597656
37.014427185058594
32.840694427490234
39.50967025756836
41.93792724609375
42.44486999511719
42.50439453125
38.6148796081543
35.37832260131836
34.417510986328125
33.41279220581055
41.622703552246094
38.97052001953125
35.253028869628906
34.08435821533203
38.71442413330078
37.81831741333008
37.622039794921875
38.31665802001953
34.62371826171875
38.6148796081543
57.87382125854492
52.421329498291016
37.24107360839844
35.353515625
35.738372802734375
38.17425537109375
32.818729400634766
34.62773895263672
35.1529655456543
35.11265563964844
35.7383918762207
36.80107498168945
38.4119758605957
34.98102569580078
42.2238655090332
34.811973571777344
40.08060836791992
37.82472229003906
34.65310287475586
38.31665802001953
38.71442413330078
36.05135726928711
42.18776321411133
34.33184051513672
47.15189743041992
38.69594192504883
38.50028610229492
41.98828125
36.290409088134766
36.974124908447266
46.609432220458984
38.56447219848633
38.31665802001953
38.045654296875
41.08538055419922
42.58856964111328
38.51866149902344
36.149478912353516
38.87708282470703
66.20075225830078
36.026268005371094
40.0427360534668
57.72555160522461
34.369056701660156
37.59513473510742
41.082706451416016
36.140689849853516
41.98828125
36.58027648925781
33.72579574584961
35.35951232910156
41.222389221191406
41.88821029663086
35.516517639160156
49.29907989501953
37.99861526489258
47.15189743041992
39.663429260253906
35.536128997802734
40.28276443481445
38.69594192504883
42.44486999511719
41.93792724609375
38.448795318603516
35.245826721191406
38.67073059082031
36.350555419921875
40.54987335205078
37.494903564453125
34.29600524902344
34.889373779296875
37.22425079345703
34.784183502197266
65.99993133544922
36.58027648925781
36.027339935302734
34.765106201171875
46.285308837890625
38.94858932495117
36.027339935302734
36.393856048583984
35.33268737792969
34.5855712890625
37.448638916015625
41.88821029663086
34.346435546875
37.80839538574219
42.50439453125
39.6830940246582
33.46464538574219
41.93792724609375
39.88471984863281
37.037811279296875
35.41635513305664
34.4003791809082
37.81831741333008
34.483333587646484
35.78759765625
36.50285339355469
36.068084716796875
37.17791748046875
36.50978088378906
35.19924545288086
40.77436828613281
32.48887252807617
38.28218460083008
35.536128997802734
41.67277526855469
33.51239013671875
36.140689849853516
53.12195587158203
37.199493408203125
35.1529655456543
36.75957489013672
42.50439453125
36.21611404418945
38.94858932495117
40.94541931152344
42.48492431640625
37.01528549194336
34.65310287475586
33.628379821777344
35.48234176635742
36.393856048583984
39.84125518798828
38.17530059814453
38.67073059082031
37.26886749267578
35.00691223144531
33.399845123291016
37.367244720458984
38.71442413330078
47.15189743041992
34.492279052734375
37.81831741333008
34.772769927978516
37.34450149536133
41.88821029663086
39.92705535888672
37.10198211669922
60.3834228515625
43.100406646728516
35.6267204284668
41.70582962036133
37.34145736694336
40.300079345703125
42.2238655090332
49.29907989501953
54.649356842041016
41.56975173950195
47.15189743041992
40.77699279785156
49.29907989501953
33.51239013671875
38.448795318603516
33.67194366455078
35.93555450439453
36.360050201416016
33.57370376586914
43.100406646728516
37.39611053466797
38.31665802001953
37.37583541870117
38.31665802001953
34.36274719238281
38.90876388549805
38.67073059082031
36.421112060546875
35.536128997802734
49.29907989501953
53.705841064453125
34.65310287475586
53.427589416503906
36.69694137573242
41.88821029663086
34.24613952636719
34.98532485961914
35.16603088378906
34.10393142700195
41.70842742919922
40.77699279785156
37.62649917602539
36.29436492919922
34.572872161865234
47.15189743041992
40.498695373535156
36.90935516357422
34.9786491394043
40.61388397216797
41.98828125
44.58504867553711
38.1470832824707
35.19924545288086
34.952476501464844
36.393856048583984
37.81831741333008
39.3327522277832
34.128902435302734
38.73884201049805
38.572696685791016
40.41025924682617
36.42047119140625
41.70842742919922
36.33894348144531
34.65310287475586
43.88785171508789
33.716033935546875
34.68118667602539
41.98828125
34.16497802734375
38.045654296875
64.00282287597656
34.10417556762695
34.5855712890625
40.43136215209961
34.17096710205078
35.20226287841797
35.20073318481445
35.40799331665039
35.536128997802734
36.350555419921875
38.78184509277344
39.200477600097656
43.138946533203125
39.755592346191406
32.518314361572266
34.98532485961914
41.98828125
33.657588958740234
38.50821304321289
39.92748260498047
35.84865951538086
34.136451721191406
38.6148796081543
42.387821197509766
34.42972183227539
33.2668571472168
36.350555419921875
35.22017288208008
36.068084716796875
34.777137756347656
42.18776321411133
35.42579650878906
38.31665802001953
38.9780387878418
42.48492431640625
34.17561340332031
34.85157012939453
34.514095306396484
35.40799331665039
35.1529655456543
35.42579650878906
39.21493148803711
38.90876388549805
42.50439453125
37.80839538574219
41.67277526855469
36.027339935302734
36.927467346191406
38.73762893676758
34.889373779296875
36.19356155395508
34.69671630859375
35.263423919677734
40.20600128173828
36.141807556152344
36.56026077270508
35.67988204956055
36.33894348144531
37.34450149536133
40.87350082397461
40.232704162597656
35.253028869628906
35.37832260131836
36.360050201416016
33.51239013671875
38.448795318603516
36.06388854980469
38.50028610229492
36.027339935302734
36.350555419921875
33.62471389770508
33.2668571472168
42.2238655090332
42.50439453125
36.33009338378906
33.59421920776367
42.48492431640625
38.6148796081543
40.08060836791992
39.38311767578125
49.29907989501953
33.2668571472168
41.482059478759766
36.026268005371094
39.84991455078125
40.232704162597656
34.5509147644043
38.448795318603516
41.66489791870117
37.622039794921875
37.22398376464844
34.825252532958984
37.62649917602539
41.98828125
40.28276443481445
38.73762893676758
42.50439453125
36.326316833496094
41.98828125
39.92748260498047
38.17329406738281
37.01528549194336
38.71442413330078
34.24613952636719
41.23362731933594
37.41054153442383
42.66172409057617
35.27012252807617
35.20226287841797
36.350555419921875
43.9394645690918
38.71442413330078
38.448795318603516
43.9394645690918
36.76719665527344
33.13640213012695
40.229557037353516
38.73884201049805
42.48492431640625
40.18050003051758
33.65602493286133
40.56787872314453
38.17731857299805
40.521026611328125
36.146121978759766
38.71442413330078
36.83584213256836
43.917030334472656
35.07886505126953
33.51060485839844
35.253028869628906
37.98447799682617
32.72904586791992
38.52225112915039
38.31665802001953
38.28218460083008
46.606536865234375
42.58937072753906
36.429561614990234
38.71404266357422
39.66326141357422
41.98845291137695
43.939483642578125
38.00232696533203
34.22929382324219
41.88847732543945
42.485416412353516
38.56195068359375
40.6314582824707
54.15418243408203
35.37862014770508
35.53602981567383
40.2091178894043
36.1226806640625
36.1226806640625
40.97323989868164
40.97323989868164
40.97323989868164
38.826263427734375
39.380924224853516
56.6722412109375
38.14183044433594
53.052913665771484
54.85158920288086
62.15711975097656
70.10045623779297
37.7919921875
40.826568603515625
40.702415466308594
41.415283203125
39.92266082763672
40.94585037231445
40.70151901245117
39.419639587402344
39.419639587402344
39.19060134887695
39.419639587402344
37.72091293334961
39.65092086791992
41.98813247680664
65.35386657714844
42.181671142578125
58.53926467895508
65.21599578857422
42.83481216430664
65.22074127197266
133.47152709960938
133.5160675048828
133.4674072265625
34.85630798339844
65.16336059570312
65.21581268310547
119.82194519042969
133.5160675048828
42.76301574707031
133.5160675048828
43.38615417480469
133.5160675048828
133.5160675048828
133.5160675048828
133.5160675048828
133.5160675048828
133.5160675048828
133.5160675048828
133.5160675048828
133.5160675048828
133.5160675048828
133.5160675048828
133.5160675048828
133.5160675048828
133.5160675048828
133.5160675048828
133.5160675048828
133.5160675048828
133.5160675048828
65.21041870117188
65.11882019042969
65.08586883544922
65.22662353515625
58.31925964355469
65.14935302734375
65.21379089355469
65.24337768554688
39.26642990112305
34.884029388427734
34.884029388427734
39.94404220581055
65.69049835205078
47.7588996887207
47.82962417602539
39.76493453979492
47.80893325805664
47.82962417602539
36.97087860107422
47.62969207763672
37.095577239990234
37.4591178894043
33.93050003051758
34.18832015991211
35.957061767578125
42.18776321411133
42.18776321411133
32.929405212402344
33.14715576171875
33.06187438964844
39.30216598510742
39.30216598510742
35.957061767578125
49.63072204589844
33.5439453125
35.88573455810547
33.79500961303711
67.87223815917969
32.89002990722656
38.14183044433594
44.494903564453125
46.77415466308594
38.99957275390625
47.82962417602539
47.80145263671875
46.609432220458984
47.641456604003906
47.890419006347656
47.594547271728516
47.890419006347656
45.0750732421875
50.11195755004883
43.9067497253418
46.887115478515625
45.6466064453125
45.12303161621094
50.49542236328125
47.28058624267578
49.8726806640625
45.15057373046875
38.10603713989258
39.3476676940918
35.66999053955078
37.91671371459961
63.08892822265625
35.0238037109375
38.067386627197266
46.22317886352539
38.02718734741211
34.9013786315918
36.24628448486328
34.76741409301758
36.68180465698242
37.88248062133789
53.76254653930664
37.1767578125
58.49985885620117
35.1024284362793
34.91701889038086
41.32069778442383
38.135677337646484
35.303462982177734
35.057762145996094
33.2562141418457
35.97394943237305
35.522804260253906
35.522804260253906
35.522804260253906
35.97394943237305
35.97394943237305
43.540775299072266
43.540775299072266
35.52880859375
35.52880859375
35.97394943237305
44.053165435791016
49.67639923095703
40.27104568481445
35.27669906616211
35.522804260253906
34.175025939941406
47.87148666381836
42.54863739013672
34.793418884277344
34.89463424682617
36.531455993652344
34.920623779296875
35.27669906616211
34.8043327331543
34.368282318115234
33.844024658203125
35.303462982177734
35.303462982177734
35.303462982177734
34.76741409301758
37.18854904174805
36.127845764160156
35.62104415893555
35.97394943237305
35.88146209716797
33.2562141418457
33.2562141418457
35.97394943237305
59.177406311035156
59.49894332885742
62.729454040527344
35.303462982177734
34.76741409301758
39.02042007446289
35.303462982177734
35.27669906616211
34.92083740234375
37.22861862182617
36.74994659423828
37.17622756958008
34.76741409301758
36.15160369873047
62.682342529296875
36.16883087158203
50.748069763183594
34.98708724975586
51.87726593017578
34.31202697753906
35.00367736816406
42.12075424194336
34.76741409301758
35.303462982177734
36.72677993774414
38.27312469482422
34.69411849975586
40.13920211791992
39.747554779052734
33.89773178100586
34.76741409301758
34.80836868286133
35.87098693847656
47.92395782470703
42.01428985595703
47.96070861816406
48.4444580078125
46.27772521972656
42.78667449951172
48.28624725341797
48.051578521728516
41.68902587890625
46.77415466308594
36.847557067871094
42.82715606689453
45.15057373046875
46.22317886352539
38.02718734741211
38.067386627197266
38.02718734741211
37.91671371459961
35.66999053955078
37.91671371459961
36.28439712524414
35.98666763305664
34.51957702636719
39.3476676940918
38.10603713989258
39.3476676940918
57.3730583190918
47.87148666381836
74.10041046142578
36.6818733215332
35.14616775512695
36.6818733215332
34.942691802978516
36.6818733215332
35.14616775512695
36.6818733215332
34.1685905456543
35.2535285949707
33.951683044433594
33.32222366333008
38.859962463378906
39.27543258666992
39.93659973144531
41.569740295410156
38.1099739074707
41.569740295410156
41.569740295410156
38.1099739074707
33.09632110595703
38.0281867980957
35.802635192871094
38.0281867980957
66.27326202392578
65.76724243164062
65.77884674072266
64.70901489257812
65.38832092285156
39.21493148803711
35.45488739013672
39.21493148803711
37.26770782470703
40.63890838623047
37.26770782470703
58.51439666748047
34.030033111572266
43.98192596435547
39.536808013916016
37.719200134277344
35.52880859375
35.52880859375
35.52880859375
43.540775299072266
43.540775299072266
43.540775299072266
43.540775299072266
35.52880859375
43.540775299072266
35.52880859375
35.52880859375
35.52880859375
35.52880859375
43.540775299072266
43.540775299072266
43.540775299072266
33.280418395996094
35.79521179199219
38.0281867980957
35.802635192871094
38.0281867980957
62.384063720703125
34.70431900024414
41.569740295410156
38.1099739074707
41.569740295410156
54.6133918762207
41.569740295410156
38.1099739074707
41.941001892089844
41.32161331176758
41.941001892089844
35.53736114501953
37.251800537109375
37.80931091308594
37.80931091308594
33.92193603515625
41.569740295410156
38.1099739074707
41.569740295410156
38.1099739074707
41.569740295410156
45.65807342529297
34.113677978515625
33.794681549072266
42.851844787597656
41.34307098388672
34.37435531616211
39.79936218261719
37.80303955078125
39.79936218261719
39.663429260253906
38.51765060424805
39.663429260253906
35.226871490478516
38.15472412109375
35.81229782104492
37.648624420166016
34.60255813598633
39.79936218261719
37.80303955078125
39.79936218261719
43.60050582885742
42.18776321411133
43.60050582885742
44.04092788696289
34.850006103515625
39.663429260253906
38.51765060424805
39.663429260253906
39.663429260253906
38.51765060424805
41.569740295410156
38.1099739074707
34.641510009765625
36.13522720336914
42.851844787597656
41.34307098388672
42.851844787597656
41.569740295410156
34.73384094238281
38.6607666015625
35.20611572265625
38.6607666015625
37.854820251464844
34.556522369384766
37.854820251464844
37.854820251464844
49.67639923095703
44.053165435791016
49.67639923095703
49.67639923095703
44.053165435791016
41.14260482788086
36.436279296875
36.37563705444336
36.6795654296875
36.47895050048828
36.6795654296875
42.54863739013672
47.87148666381836
42.54863739013672
34.73997497558594
35.87864303588867
36.06929397583008
35.73216247558594
36.7283821105957
35.965763092041016
34.31040954589844
35.85641098022461
36.37563705444336
36.66559600830078
34.19858169555664
33.0706901550293
35.62104415893555
34.88451385498047
37.90407943725586
35.592491149902344
32.6826057434082
35.52880859375
35.52880859375
35.52880859375
36.967376708984375
38.57046890258789
40.092079162597656
33.96665573120117
35.52880859375
35.52880859375
35.52880859375
35.52880859375
35.52880859375
35.957061767578125
34.84622573852539
34.5440673828125
35.22212600708008
49.67639923095703
44.053165435791016
33.78195571899414
37.17791748046875
36.432743072509766
46.641380310058594
34.90108871459961
67.08472442626953
46.641380310058594
67.08472442626953
72.19664764404297
73.94800567626953
67.08472442626953
67.08472442626953
67.08472442626953
67.08472442626953
40.927669525146484
67.08472442626953
67.08472442626953
67.08472442626953
67.08472442626953
67.08472442626953
67.08472442626953
67.08472442626953
67.08472442626953
67.08472442626953
67.08472442626953
36.6285514831543
72.46141052246094
46.641380310058594
67.08472442626953
67.08472442626953
36.6285514831543
67.08472442626953
67.08472442626953
67.08472442626953
36.6285514831543
67.08472442626953
67.08472442626953
36.63253402709961
67.08472442626953
67.08472442626953
36.6285514831543
40.960575103759766
34.86103057861328
67.08472442626953
67.08472442626953
36.6285514831543
67.08472442626953
67.08472442626953
67.08472442626953
36.6285514831543
67.08472442626953
67.08472442626953
67.08472442626953
67.08472442626953
36.6285514831543
36.25202178955078
33.96614456176758
67.08472442626953
34.315956115722656
35.99129104614258
67.08472442626953
36.6285514831543
67.08472442626953
67.08472442626953
67.08472442626953
67.08472442626953
36.6285514831543
38.62773513793945
34.92681121826172
67.08472442626953
67.08472442626953
36.6285514831543
32.51702117919922
67.08472442626953
67.08472442626953
33.462589263916016
33.63266372680664
47.497840881347656
35.559200286865234
67.08472442626953
67.08472442626953
36.6285514831543
44.004032135009766
44.004032135009766
38.70856857299805
34.401710510253906
44.004032135009766
36.6285514831543
44.004032135009766
44.004032135009766
36.6285514831543
42.7021598815918
42.7021598815918
40.960575103759766
35.599117279052734
42.7021598815918
42.7021598815918
41.55470657348633
35.23291015625
41.55470657348633
36.059715270996094
36.6285514831543
41.96305465698242
41.96305465698242
40.29347610473633
34.49882888793945
36.6285514831543
41.96305465698242
41.96305465698242
38.20143127441406
33.74581527709961
34.70424270629883
41.96305465698242
41.894710540771484
36.6285514831543
38.62773513793945
34.27855682373047
35.986732482910156
40.01555252075195
41.463294982910156
37.88914489746094
33.5322265625
40.29347610473633
32.91675567626953
38.14183044433594
34.488704681396484
33.3714485168457
41.463294982910156
32.73307800292969
41.55470657348633
34.414085388183594
33.616092681884766
33.616092681884766
33.30655288696289
33.6391716003418
47.497840881347656
34.77762985229492
33.39301300048828
33.81046676635742
33.26248550415039
36.6285514831543
33.52976608276367
41.55470657348633
34.28761672973633
41.463294982910156
33.62662124633789
33.749263763427734
33.75160217285156
41.05891036987305
33.6391716003418
34.788230895996094
33.99449920654297
33.59735870361328
33.257164001464844
33.435577392578125
41.05891036987305
33.051124572753906
41.05891036987305
36.6285514831543
41.05891036987305
47.497840881347656
33.47437286376953
41.05891036987305
41.447845458984375
32.57229232788086
33.22776412963867
41.05820846557617
41.44727325439453
34.36086654663086
36.02649688720703
35.41278076171875
49.63072204589844
40.85944366455078
37.74738311767578
35.97161102294922
37.74738311767578
35.97161102294922
65.83281707763672
65.96678924560547
65.3292465209961
61.667572021484375
35.681312561035156
39.38087844848633
33.89809799194336
33.712276458740234
36.02649688720703
35.00636672973633
34.84622573852539
34.5440673828125
39.38087844848633
34.67680358886719
34.84622573852539
34.216644287109375
35.50733184814453
34.351619720458984
36.10984420776367
36.019561767578125
39.38087844848633
34.719459533691406
32.05485534667969
37.74738311767578
35.97161102294922
35.5020866394043
37.74738311767578
35.97161102294922
35.5020866394043
34.32870864868164
39.02081298828125
38.37338638305664
35.43708419799805
34.84622573852539
34.5440673828125
35.27912521362305
39.02081298828125
38.37338638305664
36.53860092163086
39.02081298828125
38.37338638305664
36.53860092163086
38.31919479370117
39.30216598510742
39.30216598510742
39.30216598510742
37.98447799682617
37.86442184448242
39.02081298828125
38.37338638305664
36.53860092163086
34.84622573852539
34.5440673828125
35.22212600708008
39.02081298828125
38.37338638305664
36.53860092163086
39.02081298828125
35.8930778503418
34.211238861083984
34.89372634887695
35.48234176635742
34.63382339477539
35.5179557800293
32.89418029785156
35.48234176635742
34.63382339477539
49.67639923095703
44.053165435791016
49.67639923095703
49.67639923095703
44.053165435791016
84.80355834960938
36.88175964355469
33.438697814941406
35.34187698364258
38.37338638305664
36.53860092163086
32.6826057434082
38.636085510253906
38.059722900390625
38.636085510253906
36.496360778808594
40.91107177734375
39.643924713134766
35.44442367553711
40.91107177734375
39.643924713134766
40.91107177734375
38.04606628417969
38.15472412109375
35.81229782104492
37.648624420166016
34.27646255493164
36.436279296875
35.181644439697266
35.85641098022461
36.37563705444336
36.66559600830078
36.37563705444336
36.6795654296875
36.47895050048828
36.6795654296875
37.91671371459961
35.66999053955078
37.91671371459961
39.3476676940918
38.10603713989258
39.3476676940918
35.48234176635742
34.63382339477539
32.91400909423828
37.89331817626953
60.028953552246094
42.54863739013672
47.87148666381836
42.54863739013672
34.06973648071289
37.38041687011719
33.551361083984375
35.62104415893555
37.64717483520508
37.90407943725586
40.91107177734375
39.643924713134766
52.24576950073242
37.82887649536133
39.68910598754883
36.33950424194336
35.10482406616211
61.43912124633789
32.679969787597656
35.3794059753418
38.872432708740234
36.19411849975586
41.231021881103516
40.384521484375
40.922943115234375
39.925621032714844
63.360443115234375
33.59968566894531
32.808067321777344
33.38851547241211
33.77775192260742
34.436344146728516
38.0281867980957
35.802635192871094
38.0281867980957
39.03413009643555
32.23363494873047
36.7283821105957
36.28146743774414
36.06929397583008
34.29459762573242
55.19196701049805
40.139198303222656
39.747554779052734
34.738895416259766
33.8492546081543
36.6818733215332
35.14616775512695
36.6818733215332
34.66335678100586
41.569740295410156
38.1099739074707
41.569740295410156
41.569740295410156
38.1099739074707
41.4308967590332
41.33067321777344
41.4308967590332
41.569740295410156
38.1099739074707
41.569740295410156
36.18839645385742
35.015045166015625
36.1556282043457
41.569740295410156
38.1099739074707
54.53126525878906
41.569740295410156
38.1099739074707
41.569740295410156
43.00813293457031
32.96879959106445
43.00813293457031
41.569740295410156
38.1099739074707
41.569740295410156
38.1099739074707
41.569740295410156
54.53044891357422
36.21277618408203
35.666099548339844
35.72698211669922
46.22317886352539
42.1297492980957
42.3742790222168
34.33935546875
56.84078598022461
34.77767562866211
37.0526123046875
42.851844787597656
41.34307098388672
42.851844787597656
43.60050582885742
42.18776321411133
43.60050582885742
39.79936218261719
37.80303955078125
39.79936218261719
37.72488784790039
53.62880325317383
35.18428421020508
35.79875946044922
36.288482666015625
35.79875946044922
60.93681335449219
41.569740295410156
38.1099739074707
37.74738311767578
35.97161102294922
39.541717529296875
41.569740295410156
38.1099739074707
39.79936218261719
37.80303955078125
39.79936218261719
53.52595520019531
39.663429260253906
38.51765060424805
39.663429260253906
38.15472412109375
35.81229782104492
37.648624420166016
33.86165237426758
39.663429260253906
38.51765060424805
39.663429260253906
39.663429260253906
38.51765060424805
41.569740295410156
38.1099739074707
32.288848876953125
38.80147933959961
38.6607666015625
35.20611572265625
38.66088104248047
32.81684494018555
34.14202117919922
42.850494384765625
41.34314727783203
64.76998901367188
35.63258361816406
38.05111312866211
45.53144454956055
37.388999938964844
64.59886932373047
46.64137649536133
37.55563735961914
41.55470657348633
34.19853973388672
37.438568115234375
33.88876724243164
36.25202178955078
34.48870086669922
55.77136993408203
40.960575103759766
62.25387954711914
54.84619903564453
59.47884750366211
37.88914489746094
35.915794372558594
36.25202178955078
40.927669525146484
40.29347610473633
53.34229278564453
47.49783706665039
33.35360336303711
41.55470657348633
33.81318664550781
41.55470657348633
33.28041458129883
33.60725784301758
41.55470657348633
35.29757308959961
34.877689361572266
34.247318267822266
41.447845458984375
34.03151321411133
50.65536117553711
37.24982833862305
41.275630950927734
41.21025848388672
47.49783706665039
33.475425720214844
33.90845489501953
34.3549919128418
65.45165252685547
40.927669525146484
33.510589599609375
40.927669525146484
47.49783706665039
47.49783706665039
33.61201095581055
33.61201095581055
34.650455474853516
33.61201095581055
36.71004867553711
34.51903533935547
40.960575103759766
34.05905532836914
43.21772384643555
64.14694213867188
36.25202178955078
34.61341857910156
36.25202178955078
34.27263641357422
34.34917068481445
81.63971710205078
41.447845458984375
34.187320709228516
33.541419982910156
36.25202178955078
33.173431396484375
40.29347610473633
35.24304962158203
35.24304962158203
34.850067138671875
35.24304962158203
41.55470657348633
34.70424270629883
35.89759826660156
36.71855545043945
41.447845458984375
33.38573455810547
37.24982833862305
34.978309631347656
33.39569091796875
34.48870086669922
36.01305389404297
40.29347610473633
35.10175323486328
33.3339958190918
36.093475341796875
41.55470657348633
32.56669616699219
36.63253402709961
41.447845458984375
38.14183044433594
41.447845458984375
33.468685150146484
33.514320373535156
33.90959930419922
33.514320373535156
35.10175323486328
35.152015686035156
34.724571228027344
35.152015686035156
35.152015686035156
35.152015686035156
35.152015686035156
35.152015686035156
38.01795196533203
35.152015686035156
40.29347610473633
35.013694763183594
35.152015686035156
32.78092956542969
47.49783706665039
33.009429931640625
47.49783706665039
33.388832092285156
35.152015686035156
33.591773986816406
35.152015686035156
35.152015686035156
35.152015686035156
34.724571228027344
35.152015686035156
35.151546478271484
35.151546478271484
35.151546478271484
35.151546478271484
35.151546478271484
35.151546478271484
35.151546478271484
35.151546478271484
34.72433853149414
33.715572357177734
35.151546478271484
33.29187774658203
35.151546478271484
33.1329345703125
35.151546478271484
35.151546478271484
33.29612350463867
35.151546478271484
33.1329345703125
34.72433853149414
36.073875427246094
33.26375198364258
33.78157043457031
33.1329345703125
33.1329345703125
