32.604766845703125
35.529090881347656
36.59196090698242
34.82368850708008
34.36279296875
34.8392333984375
30.18498420715332
46.28845977783203
36.00285339355469
34.09514236450195
31.192455291748047
31.474180221557617
35.69886016845703
31.583471298217773
33.66587829589844
31.52336311340332
36.86180114746094
34.01586151123047
30.054595947265625
35.46471405029297
39.10231018066406
39.51128005981445
40.42036819458008
36.00285339355469
32.7582893371582
30.96088981628418
31.001617431640625
38.848243713378906
37.116554260253906
32.14274597167969
30.751005172729492
35.173213958740234
35.34660339355469
34.196556091308594
34.29209518432617
32.58538818359375
36.00285339355469
47.958984375
44.5412712097168
37.19841766357422
33.47093963623047
34.42420959472656
34.5629997253418
30.526447296142578
31.157962799072266
32.251956939697266
31.667268753051758
32.37518310546875
33.23918533325195
35.1230354309082
32.65618896484375
39.33266067504883
33.59250259399414
37.95003890991211
35.50138854980469
31.6981143951416
34.29209518432617
35.173213958740234
34.87718963623047
40.15174102783203
30.997432708740234
42.847381591796875
35.120094299316406
35.529090881347656
39.95482635498047
33.65211868286133
34.44635009765625
44.43785858154297
37.37987518310547
34.29209518432617
35.257408142089844
39.901485443115234
40.837886810302734
34.417728424072266
34.10145950317383
34.89061737060547
53.703582763671875
33.702247619628906
37.65589904785156
47.57736587524414
31.96282196044922
35.51567840576172
39.676334381103516
33.98433303833008
39.95482635498047
34.20472717285156
30.383813858032227
33.04011535644531
38.88069534301758
38.940093994140625
33.25558090209961
46.28845977783203
35.810184478759766
42.847381591796875
37.564186096191406
33.66532897949219
38.459266662597656
35.120094299316406
39.51128005981445
39.10231018066406
35.12593460083008
31.899450302124023
36.98832321166992
33.66527557373047
38.58189392089844
34.832557678222656
31.255027770996094
31.99219512939453
34.555545806884766
31.263671875
53.61491012573242
34.20472717285156
33.20399475097656
32.44183349609375
42.62416458129883
36.73698043823242
33.20399475097656
34.05134582519531
32.896209716796875
30.924354553222656
36.140113830566406
38.940093994140625
31.336002349853516
34.71408462524414
40.42036819458008
37.54298782348633
30.930912017822266
39.10231018066406
37.23356246948242
33.43732452392578
32.71086883544922
31.070476531982422
35.34660339355469
32.016014099121094
34.70922088623047
34.21918487548828
33.337223052978516
35.885093688964844
33.41453552246094
33.22383117675781
36.9456901550293
30.1622257232666
36.42882537841797
33.66532897949219
37.518890380859375
30.770282745361328
33.98433303833008
46.32319259643555
34.00680923461914
32.251956939697266
34.07708740234375
40.42036819458008
33.9420280456543
36.73698043823242
38.828773498535156
39.55885314941406
34.48011779785156
31.6981143951416
30.405773162841797
33.25577163696289
34.05134582519531
36.754730224609375
34.84511947631836
36.98832321166992
33.63176727294922
31.532394409179688
30.798187255859375
34.832550048828125
35.173213958740234
42.847381591796875
32.4256591796875
35.34660339355469
31.292240142822266
35.029537200927734
38.940093994140625
37.56105041503906
34.64701843261719
49.87095642089844
40.19768142700195
32.36873245239258
38.744327545166016
33.52287292480469
37.852882385253906
39.33266067504883
46.28845977783203
45.41200256347656
39.79542541503906
42.847381591796875
38.6729850769043
46.28845977783203
30.770282745361328
35.12593460083008
30.57411003112793
32.44652557373047
33.70208740234375
30.679981231689453
40.19768142700195
35.01518249511719
34.29209518432617
34.8436393737793
34.29209518432617
32.313533782958984
34.84825134277344
36.98832321166992
33.340354919433594
33.66532897949219
46.28845977783203
45.81108856201172
31.6981143951416
45.485374450683594
33.703224182128906
38.940093994140625
31.522085189819336
33.40357971191406
33.698936462402344
32.101295471191406
39.64051818847656
38.6729850769043
35.4320182800293
33.94108963012695
31.70859146118164
42.847381591796875
38.32353591918945
34.62069320678711
32.092552185058594
39.16180419921875
39.95482635498047
44.49864196777344
35.42381286621094
33.22383117675781
32.04423904418945
34.05134582519531
35.34660339355469
37.212100982666016
30.75041961669922
36.02166748046875
38.330116271972656
38.294185638427734
34.15654754638672
39.64051818847656
33.61994552612305
31.6981143951416
41.995567321777344
30.790929794311523
31.50811004638672
39.95482635498047
30.83657455444336
35.257408142089844
51.98146057128906
30.769916534423828
30.924354553222656
39.01848602294922
31.779817581176758
31.586458206176758
32.19121551513672
32.604766845703125
33.66532897949219
33.66527557373047
35.99052429199219
36.9073600769043
40.17884063720703
37.6021614074707
31.05982780456543
33.40357971191406
39.95482635498047
30.9741153717041
35.06822204589844
38.44293212890625
34.124794006347656
31.498714447021484
36.00285339355469
39.51761245727539
30.9008731842041
31.170272827148438
33.66527557373047
33.305259704589844
33.337223052978516
32.800941467285156
40.15174102783203
33.375484466552734
34.29209518432617
36.98252487182617
39.55885314941406
31.114133834838867
31.436363220214844
31.96872329711914
32.604766845703125
32.251956939697266
33.375484466552734
35.7940673828125
34.84825134277344
40.42036819458008
34.71408462524414
37.518890380859375
33.20399475097656
34.110843658447266
36.91285705566406
31.99219512939453
33.57697296142578
31.443302154541016
33.781822204589844
37.293609619140625
33.25939178466797
33.88852310180664
32.74283981323242
33.61994552612305
35.029537200927734
38.618431091308594
36.86180114746094
32.14274597167969
32.7582893371582
33.70208740234375
30.770282745361328
35.12593460083008
34.292701721191406
35.529090881347656
33.20399475097656
33.66527557373047
30.191730499267578
31.170272827148438
39.33266067504883
40.42036819458008
33.376991271972656
30.360780715942383
39.55885314941406
36.00285339355469
37.95003890991211
36.21397018432617
46.28845977783203
31.170272827148438
40.077999114990234
33.702247619628906
37.72710418701172
36.86180114746094
31.516847610473633
35.12593460083008
38.10516357421875
34.196556091308594
33.66587829589844
32.22727966308594
35.4320182800293
39.95482635498047
38.459266662597656
36.91285705566406
40.42036819458008
34.76100540161133
39.95482635498047
38.44293212890625
34.27827453613281
34.48011779785156
35.173213958740234
31.522085189819336
37.17387771606445
34.86590576171875
40.16573715209961
31.681915283203125
31.586458206176758
33.66527557373047
40.84380340576172
35.173213958740234
35.12593460083008
40.84380340576172
34.94777297973633
30.469497680664062
37.80594253540039
36.02166748046875
39.55885314941406
38.6468620300293
30.757610321044922
38.44816970825195
35.348846435546875
38.80995178222656
33.05595779418945
35.173213958740234
36.389434814453125
40.96900177001953
31.816736221313477
30.888065338134766
32.14274597167969
34.08024597167969
29.846572875976562
35.11500549316406
34.29209518432617
36.42882537841797
41.46221160888672
39.207881927490234
35.50130844116211
35.172813415527344
37.56399917602539
39.954994201660156
40.843814849853516
34.61286926269531
31.12759780883789
38.940391540527344
39.55946350097656
37.16996765136719
37.97676086425781
45.596519470214844
32.758583068847656
33.665225982666016
39.1507453918457
33.717838287353516
33.717838287353516
39.612892150878906
39.612892150878906
39.612892150878906
37.03073501586914
38.867889404296875
50.05682373046875
35.98079299926758
45.3780403137207
49.30441665649414
56.406925201416016
64.59071350097656
36.05502700805664
39.15812683105469
38.931724548339844
39.72562789916992
38.150089263916016
39.37850570678711
39.19564437866211
38.561405181884766
38.561405181884766
37.36491012573242
38.561405181884766
36.16653823852539
38.057525634765625
40.5307502746582
56.33465576171875
41.397071838378906
51.694252014160156
56.019222259521484
41.8028564453125
56.010704040527344
101.37691497802734
101.38304901123047
101.35301208496094
32.17998123168945
55.59199905395508
56.00979995727539
92.84334564208984
101.38304901123047
41.22575378417969
101.38304901123047
41.94551467895508
101.38304901123047
101.38304901123047
101.38304901123047
101.38304901123047
101.38304901123047
101.38304901123047
101.38304901123047
101.38304901123047
101.38304901123047
101.38304901123047
101.38304901123047
101.38304901123047
101.38304901123047
101.38304901123047
101.38304901123047
101.38304901123047
101.38304901123047
101.38304901123047
55.95664596557617
55.970394134521484
55.92608642578125
56.019134521484375
51.39783477783203
55.93651580810547
56.012699127197266
56.0575065612793
38.510772705078125
33.01113510131836
33.01113510131836
36.441646575927734
58.91733932495117
44.65492248535156
44.45915222167969
36.82593536376953
44.51800537109375
44.45915222167969
34.74569320678711
44.344566345214844
33.78388214111328
34.48426055908203
31.072385787963867
30.980091094970703
34.976417541503906
40.15174102783203
40.15174102783203
30.59047508239746
30.755573272705078
30.71647071838379
37.32941818237305
37.32941818237305
34.976417541503906
47.83826446533203
31.189205169677734
34.17982482910156
31.41570281982422
65.92284393310547
30.947589874267578
35.98079299926758
41.1558723449707
43.6093635559082
36.98645782470703
44.45915222167969
44.618804931640625
44.43785858154297
44.459476470947266
45.14649963378906
44.551963806152344
45.14649963378906
41.32585144042969
46.560001373291016
40.76154708862305
43.32164764404297
42.19076919555664
42.22067642211914
47.38986587524414
44.0659065246582
46.351707458496094
41.1614875793457
34.49471664428711
35.63939666748047
32.729896545410156
34.85443878173828
52.44740676879883
32.179656982421875
35.925445556640625
42.294281005859375
35.84099578857422
31.434110641479492
32.694740295410156
32.70960235595703
33.08820724487305
34.196624755859375
45.75925827026367
33.61266326904297
49.221309661865234
32.46907043457031
31.814538955688477
38.44578170776367
34.91340637207031
32.567039489746094
31.767459869384766
30.59994888305664
34.215850830078125
33.51230239868164
33.51230239868164
33.51230239868164
34.215850830078125
34.215850830078125
41.00600814819336
41.00600814819336
32.73161315917969
32.73161315917969
34.215850830078125
41.37959289550781
45.42498779296875
36.345767974853516
32.38166427612305
33.51230239868164
30.816844940185547
43.962059020996094
39.664955139160156
31.534282684326172
31.62459945678711
33.045433044433594
31.676677703857422
32.38166427612305
31.56570816040039
31.21166229248047
31.555091857910156
32.567039489746094
32.567039489746094
32.567039489746094
32.70960235595703
33.773033142089844
32.82518005371094
32.28511047363281
34.215850830078125
32.875152587890625
30.59994888305664
30.59994888305664
34.215850830078125
49.43958282470703
49.28440856933594
51.31363296508789
32.567039489746094
32.70960235595703
35.28801345825195
32.567039489746094
32.38166427612305
31.390779495239258
33.84004211425781
33.81883239746094
34.32263946533203
32.70960235595703
33.06489181518555
51.201805114746094
32.94169616699219
43.813453674316406
31.90292739868164
44.24744415283203
31.758024215698242
31.585607528686523
38.35858917236328
32.70960235595703
32.567039489746094
33.10562515258789
35.40177917480469
32.118385314941406
37.535762786865234
37.1687126159668
31.28290557861328
32.70960235595703
31.54595947265625
34.38793182373047
44.44927215576172
39.07982635498047
44.736854553222656
45.08338928222656
43.259822845458984
39.880916595458984
45.00434112548828
45.20132827758789
39.26938247680664
43.6093635559082
33.61302185058594
39.611515045166016
41.1614875793457
42.294281005859375
35.84099578857422
35.925445556640625
35.84099578857422
34.85443878173828
32.729896545410156
34.85443878173828
32.957862854003906
32.769901275634766
31.537424087524414
35.63939666748047
34.49471664428711
35.63939666748047
51.75937271118164
43.962059020996094
66.88553619384766
35.16598892211914
33.11188507080078
35.16598892211914
31.590892791748047
35.16598892211914
33.11188507080078
35.16598892211914
31.33101463317871
33.375770568847656
31.132585525512695
30.3919677734375
36.69438171386719
36.85016632080078
37.576255798339844
38.298179626464844
35.49699401855469
38.298179626464844
38.298179626464844
35.49699401855469
29.746566772460938
35.42152786254883
32.75196838378906
35.42152786254883
54.62480926513672
54.25954818725586
54.303932189941406
53.48714065551758
53.98896408081055
35.7940673828125
32.3059196472168
35.7940673828125
35.38302993774414
38.88546371459961
35.38302993774414
49.03520584106445
31.348575592041016
40.992305755615234
36.77748489379883
34.29515075683594
32.73161315917969
32.73161315917969
32.73161315917969
41.00600814819336
41.00600814819336
41.00600814819336
41.00600814819336
32.73161315917969
41.00600814819336
32.73161315917969
32.73161315917969
32.73161315917969
32.73161315917969
41.00600814819336
41.00600814819336
41.00600814819336
30.243518829345703
32.79325485229492
35.42152786254883
32.75196838378906
35.42152786254883
51.60201644897461
32.1419792175293
38.298179626464844
35.49699401855469
38.298179626464844
46.186580657958984
38.298179626464844
35.49699401855469
40.28135299682617
39.568702697753906
40.28135299682617
32.55194091796875
35.92265319824219
36.7798957824707
36.7798957824707
31.240589141845703
38.298179626464844
35.49699401855469
38.298179626464844
35.49699401855469
38.298179626464844
39.16155242919922
31.840091705322266
30.83000946044922
40.83361053466797
39.37248229980469
31.123371124267578
36.167266845703125
33.96310806274414
36.167266845703125
37.564186096191406
34.95325469970703
37.564186096191406
31.99524688720703
34.85913848876953
32.996910095214844
34.837032318115234
32.21316146850586
36.167266845703125
33.96310806274414
36.167266845703125
40.60743713378906
40.15174102783203
40.60743713378906
38.055450439453125
32.39453125
37.564186096191406
34.95325469970703
37.564186096191406
37.564186096191406
34.95325469970703
38.298179626464844
35.49699401855469
32.572837829589844
32.94689178466797
40.83361053466797
39.37248229980469
40.83361053466797
38.298179626464844
32.0085563659668
35.354793548583984
33.172279357910156
35.354793548583984
35.71858215332031
32.18555450439453
35.71858215332031
35.71858215332031
45.42498779296875
41.37959289550781
45.42498779296875
45.42498779296875
41.37959289550781
39.75326156616211
33.895755767822266
33.15605545043945
35.09215545654297
34.284854888916016
35.09215545654297
39.664955139160156
43.962059020996094
39.664955139160156
32.166072845458984
32.921241760253906
34.12046432495117
34.13943099975586
35.16148376464844
32.68356704711914
33.2822265625
33.6796989440918
33.15605545043945
33.19705581665039
31.522640228271484
30.002878189086914
32.28511047363281
31.174072265625
34.77167892456055
32.48456573486328
29.65676498413086
32.73161315917969
32.73161315917969
32.73161315917969
35.013240814208984
35.197662353515625
37.13040542602539
30.777116775512695
32.73161315917969
32.73161315917969
32.73161315917969
32.73161315917969
32.73161315917969
34.976417541503906
32.443359375
32.10438919067383
33.61907196044922
45.42498779296875
41.37959289550781
30.879796981811523
35.885093688964844
35.027442932128906
42.54887771606445
32.368160247802734
53.692298889160156
42.54887771606445
53.692298889160156
59.56261444091797
62.54597091674805
53.692298889160156
53.692298889160156
53.692298889160156
53.692298889160156
38.55162811279297
53.692298889160156
53.692298889160156
53.692298889160156
53.692298889160156
53.692298889160156
53.692298889160156
53.692298889160156
53.692298889160156
53.692298889160156
53.692298889160156
34.78227615356445
58.869781494140625
42.54887771606445
53.692298889160156
53.692298889160156
34.78227615356445
53.692298889160156
53.692298889160156
53.692298889160156
34.78227615356445
53.692298889160156
53.692298889160156
35.8902587890625
53.692298889160156
53.692298889160156
34.78227615356445
38.747013092041016
32.313873291015625
53.692298889160156
53.692298889160156
34.78227615356445
53.692298889160156
53.692298889160156
53.692298889160156
34.78227615356445
53.692298889160156
53.692298889160156
53.692298889160156
53.692298889160156
34.78227615356445
33.37179183959961
31.370698928833008
53.692298889160156
31.387149810791016
33.13300323486328
53.692298889160156
34.78227615356445
53.692298889160156
53.692298889160156
53.692298889160156
53.692298889160156
34.78227615356445
35.89639663696289
32.196510314941406
53.692298889160156
53.692298889160156
34.78227615356445
30.470457077026367
53.692298889160156
53.692298889160156
31.054025650024414
31.001323699951172
45.50698471069336
33.18209457397461
53.692298889160156
53.692298889160156
34.78227615356445
39.55436706542969
39.55436706542969
34.68837356567383
32.20813751220703
39.55436706542969
34.78227615356445
39.55436706542969
39.55436706542969
34.78227615356445
38.63578796386719
38.63578796386719
38.747013092041016
32.84085464477539
38.63578796386719
38.63578796386719
38.617034912109375
33.5093994140625
38.617034912109375
33.83391571044922
34.78227615356445
38.19371032714844
38.19371032714844
37.62451934814453
33.01125717163086
34.78227615356445
38.19371032714844
38.19371032714844
34.36979293823242
32.03438949584961
32.42155456542969
38.19371032714844
39.10812759399414
34.78227615356445
35.89639663696289
31.56184196472168
34.59797668457031
37.464332580566406
37.90977478027344
34.44986343383789
30.9422607421875
37.62451934814453
30.897846221923828
35.98079299926758
32.91870880126953
31.057233810424805
37.90977478027344
30.36669158935547
38.617034912109375
32.61750411987305
31.318145751953125
31.318145751953125
31.0152645111084
31.263465881347656
45.50698471069336
32.48249435424805
30.94101333618164
31.44500160217285
30.967857360839844
34.78227615356445
31.320011138916016
38.617034912109375
31.810081481933594
37.90977478027344
31.30605697631836
31.309661865234375
31.373384475708008
37.65950393676758
31.263465881347656
32.59884262084961
31.625389099121094
31.28931427001953
30.984384536743164
30.99939727783203
37.65950393676758
30.713563919067383
37.65950393676758
34.78227615356445
37.65950393676758
45.50698471069336
31.76500701904297
37.65950393676758
38.80393981933594
30.185089111328125
30.884082794189453
37.658992767333984
38.803314208984375
31.47102165222168
32.78129959106445
31.99654769897461
47.83826446533203
39.23386764526367
36.53300857543945
34.373653411865234
36.53300857543945
34.373653411865234
53.469322204589844
53.59143829345703
53.11262130737305
50.913631439208984
33.3296012878418
36.73920440673828
30.506290435791016
30.4027099609375
32.78129959106445
31.565513610839844
32.443359375
32.10438919067383
36.73920440673828
31.464637756347656
32.443359375
32.183570861816406
33.25638198852539
31.921579360961914
34.37362289428711
35.36563491821289
36.73920440673828
31.400800704956055
29.553295135498047
36.53300857543945
34.373653411865234
33.030052185058594
36.53300857543945
34.373653411865234
33.030052185058594
32.7707633972168
37.02033996582031
36.55373001098633
31.94856071472168
32.443363189697266
32.10438919067383
32.8304443359375
37.02033996582031
36.55373001098633
34.38911437988281
37.02033996582031
36.55373001098633
34.38911437988281
36.83049011230469
37.32941818237305
37.32941818237305
37.32941818237305
34.08024597167969
34.007869720458984
37.02033996582031
36.55373001098633
34.38911437988281
32.443363189697266
32.10438919067383
33.61907196044922
37.02033996582031
36.55373001098633
34.38911437988281
37.02033996582031
33.21587371826172
31.830459594726562
32.896629333496094
33.25577163696289
32.210235595703125
32.8738899230957
29.929641723632812
33.25577163696289
32.210235595703125
45.42498779296875
41.37959289550781
45.42498779296875
45.42498779296875
41.37959289550781
74.57681274414062
33.550758361816406
30.447490692138672
32.44581604003906
36.55373001098633
34.38911437988281
29.65676498413086
36.877159118652344
35.94325637817383
36.877159118652344
33.765174865722656
39.266326904296875
37.425392150878906
33.279239654541016
39.266326904296875
37.425392150878906
39.266326904296875
34.64875030517578
34.85913848876953
32.996910095214844
34.837032318115234
31.29694175720215
33.89575958251953
32.66360092163086
33.6796989440918
33.15605545043945
33.19705581665039
33.15605545043945
35.09215545654297
34.284854888916016
35.09215545654297
34.85443878173828
32.729896545410156
34.85443878173828
35.63939666748047
34.49471664428711
35.63939666748047
33.25577163696289
32.210235595703125
29.842260360717773
35.67300796508789
56.03684616088867
39.664955139160156
43.962059020996094
39.664955139160156
30.82728385925293
34.07205581665039
30.47150421142578
32.28511047363281
34.17809295654297
34.77167892456055
39.266326904296875
37.425392150878906
44.22142791748047
35.31730651855469
37.49580764770508
33.71619415283203
31.689659118652344
51.07400131225586
29.680505752563477
32.04853820800781
34.75758361816406
32.783111572265625
37.35121154785156
38.208038330078125
39.517189025878906
37.831520080566406
52.72468566894531
30.690547943115234
30.035675048828125
30.297624588012695
30.907684326171875
31.37352752685547
35.42152786254883
32.75196838378906
35.42152786254883
35.63764572143555
29.2982234954834
35.16148376464844
34.40928649902344
34.12046432495117
31.135204315185547
46.724334716796875
37.535762786865234
37.1687126159668
32.289031982421875
30.53314208984375
35.16598892211914
33.11188507080078
35.16598892211914
31.557579040527344
38.298179626464844
35.49699401855469
38.298179626464844
38.298179626464844
35.49699401855469
38.2464599609375
38.23159408569336
38.2464599609375
38.298179626464844
35.49699401855469
38.298179626464844
33.44242858886719
32.35390853881836
33.43144989013672
38.298179626464844
35.49699401855469
46.053443908691406
38.298179626464844
35.49699401855469
38.298179626464844
41.69123077392578
30.662424087524414
41.69123077392578
38.298179626464844
35.49699401855469
38.298179626464844
35.49699401855469
38.298179626464844
46.33506774902344
33.9378776550293
33.32799530029297
33.405120849609375
42.294281005859375
38.704193115234375
38.72083282470703
30.947242736816406
47.70167922973633
31.511272430419922
35.44593811035156
40.8336067199707
39.37248229980469
40.8336067199707
40.60743713378906
40.15174102783203
40.60743713378906
36.167266845703125
33.96310806274414
36.167266845703125
34.38945388793945
47.94160461425781
31.771800994873047
33.30075454711914
34.78756332397461
33.30075454711914
50.89735412597656
38.298179626464844
35.49699401855469
36.53300857543945
34.373653411865234
36.85387420654297
38.298179626464844
35.49699401855469
36.167266845703125
33.96310806274414
36.167266845703125
46.77109909057617
37.564186096191406
34.95325469970703
37.564186096191406
34.85913848876953
32.996910095214844
34.837032318115234
30.79990577697754
37.564186096191406
34.95325469970703
37.564186096191406
37.564186096191406
34.95325469970703
38.298179626464844
35.49699401855469
29.680994033813477
35.48489761352539
35.354793548583984
33.172279357910156
35.35491180419922
29.81931495666504
31.073875427246094
40.832157135009766
39.37246322631836
60.416114807128906
34.41690444946289
35.89753341674805
40.111270904541016
35.23127365112305
62.064022064208984
42.54887771606445
37.01311111450195
38.617034912109375
31.556987762451172
35.50456237792969
31.216651916503906
33.37179183959961
32.91870880126953
48.10503005981445
38.747013092041016
52.84016418457031
47.701271057128906
50.55186080932617
34.449859619140625
33.39656448364258
33.37179183959961
38.55162811279297
37.62451934814453
46.820762634277344
45.50698471069336
31.072444915771484
38.617034912109375
31.27466583251953
38.617034912109375
31.104293823242188
31.218345642089844
38.617034912109375
33.86001205444336
32.80198669433594
31.93524932861328
38.80393981933594
31.556884765625
43.470489501953125
34.18553161621094
39.99978256225586
39.85413360595703
45.50698471069336
31.09738540649414
31.458574295043945
32.01512145996094
55.493289947509766
38.55162811279297
31.144351959228516
38.55162811279297
45.50698471069336
45.50698471069336
31.763153076171875
31.763153076171875
32.93637466430664
31.763153076171875
33.74043273925781
32.134578704833984
38.747013092041016
31.514772415161133
41.579925537109375
61.084739685058594
33.37179183959961
33.04238510131836
33.37179183959961
31.878726959228516
33.00133514404297
71.42716979980469
38.80393981933594
31.636783599853516
31.26856231689453
33.37179183959961
30.878273010253906
37.62451934814453
33.00677490234375
33.00677490234375
32.5133171081543
33.00677490234375
38.617034912109375
32.42155456542969
33.744476318359375
34.80293273925781
38.80393981933594
31.134939193725586
34.18553161621094
32.51876449584961
31.06028938293457
32.91870880126953
33.185096740722656
37.62451934814453
32.74327087402344
31.210622787475586
34.128700256347656
38.617034912109375
30.53546142578125
35.8902587890625
38.80393981933594
35.98079299926758
38.80393981933594
31.40899085998535
31.29747772216797
31.64841651916504
31.29747772216797
32.74327087402344
32.828514099121094
32.60866165161133
32.828514099121094
32.828514099121094
32.828514099121094
32.828514099121094
32.828514099121094
35.510128021240234
32.828514099121094
37.62451934814453
32.714786529541016
32.828514099121094
30.48737907409668
45.50698471069336
30.951763153076172
45.50698471069336
31.142724990844727
32.828514099121094
31.420028686523438
32.828514099121094
32.828514099121094
32.828514099121094
32.60866165161133
32.828514099121094
32.82817459106445
32.82817459106445
32.82817459106445
32.82817459106445
32.82817459106445
32.82817459106445
32.82817459106445
32.82817459106445
32.60848617553711
31.582561492919922
32.82817459106445
30.956409454345703
32.82817459106445
30.722387313842773
32.82817459106445
32.82817459106445
30.981801986694336
32.82817459106445
30.722387313842773
32.60848617553711
33.826927185058594
30.875244140625
31.65911293029785
30.722387313842773
30.722387313842773
