23.09402084350586
25.34728240966797
30.761693954467773
27.25057601928711
26.739612579345703
28.00702476501465
17.751028060913086
33.86743927001953
26.57498550415039
26.309375762939453
19.156017303466797
21.253976821899414
37.1428337097168
18.26021385192871
22.090595245361328
24.87773895263672
28.937908172607422
24.642383575439453
19.954082489013672
22.814321517944336
30.266834259033203
29.59463119506836
29.685626983642578
26.57498550415039
23.455549240112305
18.243850708007812
21.9908504486084
30.085716247558594
31.190509796142578
22.292221069335938
18.320392608642578
23.376707077026367
25.512784957885742
21.988574981689453
21.613082885742188
25.024803161621094
26.57498550415039
25.833906173706055
27.70556640625
39.37882995605469
27.4179744720459
30.456939697265625
21.967792510986328
21.304176330566406
18.251773834228516
21.876956939697266
18.79021453857422
21.35346794128418
21.342111587524414
24.912445068359375
24.13308334350586
30.32607078552246
29.32806968688965
28.543842315673828
27.82599639892578
21.683490753173828
21.613082885742188
23.376707077026367
29.204496383666992
32.46917724609375
18.51643943786621
31.871131896972656
22.64919662475586
25.34728240966797
30.066516876220703
25.02059555053711
25.28066062927246
36.8868522644043
33.721683502197266
21.613082885742188
26.327234268188477
36.64155960083008
31.161151885986328
21.903688430786133
25.81588363647461
23.540538787841797
24.585071563720703
24.834918975830078
28.5808048248291
23.83179473876953
26.314014434814453
30.032840728759766
35.02068328857422
26.386558532714844
30.066516876220703
27.813735961914062
18.133708953857422
24.11172103881836
31.030906677246094
29.485551834106445
25.597463607788086
33.86743927001953
28.147464752197266
31.871131896972656
29.63589859008789
28.35320472717285
29.26490592956543
22.64919662475586
29.59463119506836
30.266834259033203
24.191082000732422
19.942853927612305
31.047927856445312
23.76744842529297
31.943592071533203
25.129444122314453
21.245412826538086
23.93768882751465
27.72531509399414
18.29911231994629
27.382736206054688
27.813735961914062
23.26805877685547
23.761186599731445
31.12310791015625
29.49650764465332
23.26805877685547
25.33361053466797
27.26978874206543
17.529407501220703
31.002399444580078
29.485551834106445
20.369319915771484
25.968830108642578
29.685626983642578
27.798934936523438
22.229990005493164
30.266834259033203
26.61843490600586
23.915172576904297
22.44788360595703
18.28789710998535
25.512784957885742
24.248573303222656
31.45062828063965
25.133541107177734
22.943286895751953
32.23109436035156
22.485008239746094
26.044015884399414
25.386497497558594
20.55191421508789
28.937591552734375
28.35320472717285
27.070167541503906
20.71164321899414
26.386558532714844
32.205875396728516
23.399673461914062
21.876956939697266
24.110637664794922
29.685626983642578
24.90072250366211
29.49650764465332
29.27268409729004
28.828014373779297
25.27633285522461
21.683490753173828
18.854633331298828
24.932270050048828
25.33361053466797
28.259584426879883
23.594987869262695
31.047927856445312
21.11968421936035
18.62224578857422
22.18520736694336
26.0645694732666
23.376707077026367
31.871131896972656
24.69887924194336
25.512784957885742
19.044313430786133
28.75802993774414
29.485551834106445
28.702072143554688
25.508405685424805
27.880796432495117
30.653438568115234
21.03934669494629
28.60374641418457
20.609819412231445
29.271135330200195
30.32607078552246
33.86743927001953
23.369525909423828
33.97441482543945
31.871131896972656
31.163143157958984
33.86743927001953
20.71164321899414
24.191082000732422
19.180025100708008
20.284893035888672
23.774627685546875
19.702756881713867
30.653438568115234
25.48837661743164
21.613082885742188
24.93096160888672
21.613082885742188
26.80347442626953
22.336090087890625
31.047927856445312
23.966123580932617
28.35320472717285
33.86743927001953
28.26907730102539
21.683490753173828
27.372989654541016
23.762296676635742
29.485551834106445
21.486034393310547
28.275447845458984
29.372900009155273
25.963115692138672
29.6812801361084
31.163143157958984
27.380916595458984
25.395132064819336
21.83246612548828
31.871131896972656
27.482120513916016
27.778732299804688
22.327869415283203
32.394065856933594
30.066516876220703
46.378936767578125
28.879222869873047
26.044015884399414
21.36453628540039
25.33361053466797
25.512784957885742
28.552858352661133
17.951574325561523
28.335113525390625
41.832237243652344
28.266061782836914
27.40851593017578
29.6812801361084
23.601551055908203
21.683490753173828
30.845945358276367
19.457164764404297
20.041011810302734
30.066516876220703
18.705646514892578
26.327234268188477
23.28693389892578
18.546417236328125
17.529407501220703
35.222076416015625
21.96435546875
20.32682991027832
22.48956298828125
23.09402084350586
28.35320472717285
23.76744842529297
25.799394607543945
27.605043411254883
33.2645149230957
27.29947280883789
26.361740112304688
28.275447845458984
30.066516876220703
21.240463256835938
22.942916870117188
32.11986541748047
27.84213638305664
22.64910888671875
26.57498550415039
29.478500366210938
17.675500869750977
23.35274887084961
23.76744842529297
27.025436401367188
22.943286895751953
26.15131378173828
32.46917724609375
25.203449249267578
21.613082885742188
31.15353775024414
28.828014373779297
19.860132217407227
18.85222625732422
23.623594284057617
23.09402084350586
21.876956939697266
25.203449249267578
23.72756004333496
22.336090087890625
29.685626983642578
25.968830108642578
27.070167541503906
23.26805877685547
24.652507781982422
29.675872802734375
23.93768882751465
23.676013946533203
20.496335983276367
30.037662506103516
26.70676040649414
22.381649017333984
26.76410675048828
22.495107650756836
23.601551055908203
28.75802993774414
29.231075286865234
28.937908172607422
22.292221069335938
23.455549240112305
23.774627685546875
20.71164321899414
24.191082000732422
27.387317657470703
25.34728240966797
23.26805877685547
23.76744842529297
17.414905548095703
23.35274887084961
30.32607078552246
29.685626983642578
25.58990478515625
18.664003372192383
28.828014373779297
26.57498550415039
28.543842315673828
27.23991584777832
33.86743927001953
23.35274887084961
33.369075775146484
24.834918975830078
29.351627349853516
28.937908172607422
21.66702651977539
24.191082000732422
28.545358657836914
21.988574981689453
22.090595245361328
21.9427490234375
27.380916595458984
30.066516876220703
29.26490592956543
29.675872802734375
29.685626983642578
29.625341415405273
30.066516876220703
32.11986541748047
21.847187042236328
25.27633285522461
23.376707077026367
21.486034393310547
26.899494171142578
25.963228225708008
30.780580520629883
20.481470108032227
20.32682991027832
23.76744842529297
32.93046569824219
23.376707077026367
24.191082000732422
32.93046569824219
27.32875633239746
19.556291580200195
29.1424560546875
28.335113525390625
28.828014373779297
34.58659362792969
19.191038131713867
30.568603515625
25.338756561279297
30.975170135498047
21.957256317138672
23.376707077026367
37.99589157104492
31.951318740844727
21.994735717773438
22.204784393310547
22.292221069335938
22.265987396240234
19.508419036865234
23.582931518554688
21.613082885742188
28.937591552734375
29.5512752532959
27.96985626220703
34.18206787109375
23.376211166381836
29.635589599609375
30.066478729248047
32.930274963378906
23.27851104736328
19.578872680664062
29.485973358154297
28.828954696655273
32.533721923828125
34.2391471862793
27.296703338623047
23.455787658691406
28.35331916809082
37.631622314453125
26.817811965942383
26.817811965942383
33.33370590209961
33.33370590209961
33.33370590209961
32.425907135009766
36.986392974853516
42.851593017578125
27.281845092773438
31.867826461791992
40.03266906738281
46.81571578979492
55.124820709228516
32.374961853027344
31.987361907958984
31.95037078857422
33.181861877441406
30.604530334472656
33.30247497558594
32.573707580566406
36.98922348022461
36.98922348022461
30.70526123046875
36.98922348022461
30.82524299621582
32.336116790771484
40.76772689819336
36.06575012207031
47.82750701904297
39.935523986816406
35.20586395263672
42.37411880493164
35.146915435791016
50.50706481933594
50.278568267822266
50.24720764160156
22.209415435791016
33.59126281738281
35.17919158935547
53.48828887939453
50.278568267822266
41.196533203125
50.278568267822266
39.04068374633789
50.278568267822266
50.278568267822266
50.278568267822266
50.278568267822266
50.278568267822266
50.278568267822266
50.278568267822266
50.278568267822266
50.278568267822266
50.278568267822266
50.278568267822266
50.278568267822266
50.278568267822266
50.278568267822266
50.278568267822266
50.278568267822266
50.278568267822266
50.278568267822266
34.93670654296875
35.32061767578125
35.1954231262207
35.15650177001953
38.08320236206055
35.16720962524414
35.22594451904297
35.32044982910156
39.371524810791016
26.633268356323242
26.633268356323242
25.6173038482666
47.59522247314453
34.79546356201172
34.216102600097656
26.183738708496094
34.22242736816406
34.216102600097656
25.67890167236328
34.070831298828125
23.15861701965332
25.28042984008789
20.906496047973633
19.213014602661133
31.93156623840332
32.46917724609375
32.46917724609375
21.100313186645508
21.15955352783203
20.848674774169922
31.97702407836914
31.97702407836914
31.93156623840332
36.99635696411133
21.38623809814453
29.115100860595703
22.54820442199707
68.84848022460938
23.171201705932617
27.281845092773438
35.98970031738281
33.469696044921875
29.88125991821289
34.216102600097656
34.63303756713867
36.8868522644043
34.13251495361328
35.62914276123047
34.54075241088867
35.62914276123047
33.249656677246094
37.86260986328125
30.295066833496094
32.66518020629883
30.957075119018555
34.69630432128906
41.81818771362305
35.86481857299805
37.5521354675293
30.0659122467041
22.526424407958984
23.437007904052734
24.186227798461914
23.802841186523438
26.68096351623535
22.351173400878906
27.447738647460938
31.64690399169922
27.335102081298828
18.62679100036621
20.36322593688965
26.56400489807129
20.69858169555664
22.238052368164062
29.0108642578125
21.636402130126953
28.68923568725586
23.688364028930664
20.150476455688477
31.967924118041992
25.14482879638672
22.801834106445312
19.540979385375977
20.652254104614258
27.43065643310547
25.493152618408203
25.493152618408203
25.493152618408203
27.43065643310547
27.43065643310547
31.936267852783203
31.936267852783203
22.206809997558594
22.206809997558594
27.43065643310547
31.481788635253906
32.56730270385742
24.68678855895996
21.89363670349121
25.493152618408203
18.345787048339844
32.224266052246094
29.305397033691406
19.53900909423828
19.844520568847656
20.687381744384766
19.925880432128906
21.89363670349121
19.913454055786133
19.41851043701172
23.328121185302734
22.801834106445312
22.801834106445312
22.801834106445312
26.56400489807129
22.30911636352539
21.746990203857422
21.31433868408203
27.43065643310547
22.11202049255371
20.652254104614258
20.652254104614258
27.43065643310547
30.510936737060547
26.681684494018555
24.067707061767578
22.801834106445312
26.56400489807129
26.81633758544922
22.801834106445312
21.89363670349121
18.411334991455078
23.16473388671875
25.121763229370117
25.72066307067871
26.56400489807129
22.63578987121582
24.011417388916016
22.652950286865234
28.44565200805664
20.59976577758789
26.263574600219727
22.724105834960938
18.950546264648438
31.031330108642578
26.56400489807129
22.801834106445312
20.640703201293945
27.547964096069336
23.032772064208984
28.603242874145508
27.977834701538086
20.829723358154297
26.56400489807129
20.06527328491211
30.057098388671875
35.74763488769531
29.738710403442383
34.91303634643555
35.150814056396484
34.21282196044922
32.187400817871094
35.023590087890625
35.783870697021484
30.589807510375977
33.469696044921875
23.227706909179688
32.163597106933594
30.0659122467041
31.64690399169922
27.335102081298828
27.447738647460938
27.335102081298828
23.802841186523438
24.186227798461914
23.802841186523438
21.47416877746582
21.02627182006836
20.50701141357422
23.437007904052734
22.526424407958984
23.437007904052734
38.786766052246094
32.224266052246094
58.0858154296875
28.226634979248047
24.80257797241211
28.226634979248047
19.931577682495117
28.226634979248047
24.80257797241211
28.226634979248047
21.06917381286621
29.74243927001953
23.326107025146484
20.232097625732422
28.511680603027344
27.001079559326172
26.76882553100586
28.260059356689453
25.706926345825195
28.260059356689453
28.260059356689453
25.706926345825195
18.197200775146484
25.79791259765625
22.97088050842285
25.79791259765625
27.19305992126465
26.642398834228516
26.700340270996094
27.47388458251953
26.5579833984375
23.72756004333496
22.41979217529297
23.72756004333496
28.59635353088379
31.756473541259766
28.59635353088379
25.347068786621094
21.923179626464844
30.451152801513672
26.346338272094727
23.645618438720703
22.206809997558594
22.206809997558594
22.206809997558594
31.936267852783203
31.936267852783203
31.936267852783203
31.936267852783203
22.206809997558594
31.936267852783203
22.206809997558594
22.206809997558594
22.206809997558594
22.206809997558594
31.936267852783203
31.936267852783203
31.936267852783203
19.266460418701172
22.13642120361328
25.79791259765625
22.97088050842285
25.79791259765625
25.46347427368164
23.648944854736328
28.260059356689453
25.706926345825195
28.260059356689453
26.27080535888672
28.260059356689453
25.706926345825195
32.01838684082031
31.171724319458008
32.01838684082031
21.6461124420166
29.888137817382812
31.7836971282959
31.7836971282959
22.06782341003418
28.260059356689453
25.706926345825195
28.260059356689453
25.706926345825195
28.260059356689453
24.278640747070312
23.909282684326172
20.46152114868164
29.873376846313477
29.61188507080078
19.229381561279297
26.120521545410156
22.387939453125
26.120521545410156
29.63589859008789
23.178972244262695
29.63589859008789
19.426158905029297
23.949344635009766
24.40305519104004
24.48340606689453
24.435569763183594
26.120521545410156
22.387939453125
26.120521545410156
31.851242065429688
32.46917724609375
31.851242065429688
24.259740829467773
25.046772003173828
29.63589859008789
23.178972244262695
29.63589859008789
29.63589859008789
23.178972244262695
28.260059356689453
25.706926345825195
25.904926300048828
22.064302444458008
29.873376846313477
29.61188507080078
29.873376846313477
28.260059356689453
23.735328674316406
25.481929779052734
29.155643463134766
25.481929779052734
30.414772033691406
25.194534301757812
30.414772033691406
30.414772033691406
32.56730270385742
31.481788635253906
32.56730270385742
32.56730270385742
31.481788635253906
39.257755279541016
25.067340850830078
23.19353485107422
28.068042755126953
25.2482852935791
28.068042755126953
29.305397033691406
32.224266052246094
29.305397033691406
23.221216201782227
22.157203674316406
25.667621612548828
26.968786239624023
28.492883682250977
21.28801727294922
33.15336608886719
26.349056243896484
23.19353485107422
22.362205505371094
22.77876853942871
18.7684383392334
21.31433868408203
19.591020584106445
23.349660873413086
21.824981689453125
18.94430160522461
22.206809997558594
22.206809997558594
22.206809997558594
29.355220794677734
24.189762115478516
28.398242950439453
19.945520401000977
22.206809997558594
22.206809997558594
22.206809997558594
22.206809997558594
22.206809997558594
31.93156623840332
25.77800750732422
24.406803131103516
27.128894805908203
32.56730270385742
31.481788635253906
20.196548461914062
32.23109436035156
29.944076538085938
31.219364166259766
21.80428123474121
20.848379135131836
31.219364166259766
20.848379135131836
38.742713928222656
53.67445373535156
20.848379135131836
20.848379135131836
20.848379135131836
20.848379135131836
27.919918060302734
20.848379135131836
20.848379135131836
20.848379135131836
20.848379135131836
20.848379135131836
20.848379135131836
20.848379135131836
20.848379135131836
20.848379135131836
20.848379135131836
26.30573081970215
36.59152603149414
31.219364166259766
20.848379135131836
20.848379135131836
26.30573081970215
20.848379135131836
20.848379135131836
20.848379135131836
26.30573081970215
20.848379135131836
20.848379135131836
35.49029541015625
20.848379135131836
20.848379135131836
26.30573081970215
29.982635498046875
21.9421329498291
20.848379135131836
20.848379135131836
26.30573081970215
20.848379135131836
20.848379135131836
20.848379135131836
26.30573081970215
20.848379135131836
20.848379135131836
20.848379135131836
20.848379135131836
26.30573081970215
22.39496612548828
20.851293563842773
20.848379135131836
21.52621841430664
21.778457641601562
20.848379135131836
26.30573081970215
20.848379135131836
20.848379135131836
20.848379135131836
20.848379135131836
26.30573081970215
25.03213882446289
20.959115982055664
20.848379135131836
20.848379135131836
26.30573081970215
26.80506134033203
20.848379135131836
20.848379135131836
22.161775588989258
20.18868637084961
35.7587890625
22.839866638183594
20.848379135131836
20.848379135131836
26.30573081970215
28.409894943237305
28.409894943237305
21.893583297729492
23.429706573486328
28.409894943237305
26.30573081970215
28.409894943237305
28.409894943237305
26.30573081970215
27.475372314453125
27.475372314453125
29.982635498046875
22.611732482910156
27.475372314453125
27.475372314453125
28.386455535888672
25.826576232910156
28.386455535888672
26.543155670166016
26.30573081970215
27.628765106201172
27.628765106201172
26.937938690185547
28.111719131469727
26.30573081970215
27.628765106201172
27.628765106201172
22.804431915283203
26.21509552001953
22.25303840637207
27.628765106201172
33.204627990722656
26.30573081970215
25.03213882446289
20.683170318603516
30.06407928466797
30.048057556152344
27.92046356201172
22.242015838623047
20.193397521972656
26.937938690185547
23.077770233154297
27.281845092773438
27.999303817749023
21.65392303466797
27.92046356201172
21.016830444335938
28.386455535888672
25.291122436523438
22.42899513244629
22.42899513244629
21.57855987548828
21.459518432617188
35.7587890625
22.751407623291016
21.061050415039062
21.837196350097656
21.58598518371582
26.30573081970215
22.36423110961914
28.386455535888672
21.588029861450195
27.92046356201172
21.600784301757812
21.419784545898438
21.357032775878906
28.1567325592041
21.459518432617188
22.87994956970215
21.970678329467773
22.093902587890625
21.998626708984375
21.16258430480957
28.1567325592041
21.270761489868164
28.1567325592041
26.30573081970215
28.1567325592041
35.7587890625
25.057266235351562
28.1567325592041
30.290733337402344
20.297855377197266
20.88706398010254
28.156414031982422
30.289981842041016
22.176185607910156
22.096424102783203
18.897735595703125
36.99635696411133
32.0864143371582
32.09121322631836
28.241498947143555
32.09121322631836
28.241498947143555
25.35619354248047
24.50771141052246
23.655973434448242
27.31634521484375
23.219135284423828
26.59587287902832
17.671762466430664
18.70878028869629
22.096424102783203
18.429298400878906
25.77800750732422
24.406803131103516
26.59587287902832
20.488353729248047
25.77800750732422
25.379728317260742
23.87185287475586
23.548458099365234
27.420989990234375
38.88700866699219
26.59587287902832
19.693492889404297
19.71784210205078
32.09121322631836
28.241498947143555
24.9549503326416
32.09121322631836
28.241498947143555
24.9549503326416
29.75580596923828
28.429607391357422
28.876657485961914
19.04741859436035
25.77800750732422
24.40680503845215
24.688146591186523
28.429607391357422
28.876657485961914
29.051979064941406
28.429607391357422
28.876657485961914
29.051979064941406
33.06778335571289
31.97702407836914
31.97702407836914
31.97702407836914
22.265987396240234
22.278459548950195
28.429607391357422
28.876657485961914
29.051979064941406
25.77800750732422
24.40680503845215
27.128890991210938
28.429607391357422
28.876657485961914
29.051979064941406
28.429607391357422
23.563640594482422
23.01531982421875
25.454391479492188
24.932270050048828
23.41560173034668
22.662261962890625
19.02776336669922
24.932270050048828
23.41560173034668
32.56730270385742
31.481788635253906
32.56730270385742
32.56730270385742
31.481788635253906
59.6639404296875
22.036273956298828
19.769668579101562
22.65830421447754
28.876657485961914
29.051979064941406
18.94430160522461
29.46411895751953
27.162242889404297
29.46411895751953
24.942148208618164
31.371618270874023
27.8831787109375
25.470870971679688
31.371618270874023
27.8831787109375
31.371618270874023
23.750343322753906
23.949344635009766
24.40305519104004
24.48340606689453
20.427715301513672
25.067340850830078
23.568138122558594
26.34905242919922
23.19353485107422
22.362205505371094
23.19353485107422
28.068042755126953
25.2482852935791
28.068042755126953
23.802839279174805
24.186227798461914
23.802839279174805
23.437007904052734
22.526424407958984
23.437007904052734
24.932270050048828
23.41560173034668
18.625577926635742
28.35402488708496
55.99909210205078
29.305397033691406
32.224266052246094
29.305397033691406
19.020645141601562
22.43500328063965
19.62590789794922
21.31433868408203
22.067750930786133
23.349660873413086
31.371618270874023
27.8831787109375
25.031883239746094
26.23914337158203
29.367534637451172
24.247522354125977
19.513076782226562
27.32626724243164
19.412384033203125
20.252824783325195
22.061307907104492
22.661964416503906
25.367591857910156
27.180755615234375
34.67332458496094
27.72783660888672
26.986499786376953
20.332107543945312
19.98334503173828
19.163410186767578
21.40973663330078
21.191070556640625
25.79791259765625
22.97088050842285
25.79791259765625
25.310047149658203
18.737957000732422
28.492883682250977
25.733291625976562
25.667621612548828
19.642223358154297
26.26543617248535
28.603242874145508
27.977834701538086
23.560043334960938
18.229949951171875
28.226634979248047
24.80257797241211
28.226634979248047
20.900693893432617
28.260059356689453
25.706926345825195
28.260059356689453
28.260059356689453
25.706926345825195
30.383792877197266
30.553333282470703
30.383792877197266
28.260059356689453
25.706926345825195
28.260059356689453
23.296737670898438
25.749164581298828
24.523380279541016
28.260059356689453
25.706926345825195
25.172210693359375
28.260059356689453
25.706926345825195
28.260059356689453
36.72282409667969
22.000919342041016
36.72282409667969
28.260059356689453
25.706926345825195
28.260059356689453
25.706926345825195
28.260059356689453
27.18082046508789
26.32855796813965
25.193199157714844
25.318355560302734
31.646907806396484
29.854846954345703
28.515789031982422
18.60791778564453
25.976137161254883
20.49878692626953
29.612266540527344
29.873376846313477
29.61188507080078
29.873376846313477
31.851242065429688
32.46917724609375
31.851242065429688
26.120521545410156
22.387939453125
26.120521545410156
23.656808853149414
35.79571533203125
18.88429832458496
24.017379760742188
32.159934997558594
24.017379760742188
27.577392578125
28.260059356689453
25.706926345825195
32.09121322631836
28.241498947143555
28.98685073852539
28.260059356689453
25.706926345825195
26.120521545410156
22.387939453125
26.120521545410156
36.06359100341797
29.63589859008789
23.178972244262695
29.63589859008789
23.949344635009766
24.40305519104004
24.48340606689453
19.09046173095703
29.63589859008789
23.178972244262695
29.63589859008789
29.63589859008789
23.178972244262695
28.260059356689453
25.706926345825195
20.387710571289062
25.2835693359375
25.481931686401367
29.155643463134766
25.482036590576172
18.9245662689209
19.668603897094727
29.872238159179688
29.611282348632812
58.02730178833008
30.845457077026367
26.03357696533203
27.370342254638672
26.231473922729492
64.333984375
31.21936798095703
38.28315734863281
28.386455535888672
20.655715942382812
27.31886863708496
20.840009689331055
22.39496612548828
27.99930191040039
34.521202087402344
29.982635498046875
37.429813385009766
33.19033432006836
35.53923797607422
22.242015838623047
22.511186599731445
22.39496612548828
27.919918060302734
26.937938690185547
34.602272033691406
35.7587890625
22.709556579589844
28.386455535888672
20.857025146484375
28.386455535888672
22.577558517456055
21.217857360839844
28.386455535888672
26.579036712646484
24.694202423095703
22.429119110107422
30.290733337402344
21.109861373901367
29.47550392150879
26.229625701904297
36.72505569458008
36.21961975097656
35.7587890625
20.957996368408203
21.489059448242188
22.27004051208496
36.15557098388672
27.919918060302734
21.513946533203125
27.919918060302734
35.7587890625
35.7587890625
25.92739486694336
25.92739486694336
25.504749298095703
25.92739486694336
23.58873748779297
22.20831298828125
29.982635498046875
21.282649993896484
37.434967041015625
57.07600402832031
22.39496612548828
25.484661102294922
22.39496612548828
22.001434326171875
29.402053833007812
73.27012634277344
30.290733337402344
21.64999008178711
21.97719955444336
22.39496612548828
22.283926010131836
26.937938690185547
22.871322631835938
22.871322631835938
22.22230339050293
22.871322631835938
28.386455535888672
22.25303840637207
24.852331161499023
26.809005737304688
30.290733337402344
22.155296325683594
26.229625701904297
22.486156463623047
21.537343978881836
27.99930191040039
22.92578887939453
26.937938690185547
22.40972328186035
22.375911712646484
25.66988754272461
28.386455535888672
21.89551544189453
35.49029541015625
30.290733337402344
27.281845092773438
30.290733337402344
22.738576889038086
22.119186401367188
22.03483772277832
22.119186401367188
22.40972328186035
22.565357208251953
23.049816131591797
22.565357208251953
22.565357208251953
22.565357208251953
22.565357208251953
22.565357208251953
26.645185470581055
22.565357208251953
26.937938690185547
22.50418472290039
22.565357208251953
21.616649627685547
35.7587890625
22.03466033935547
35.7587890625
22.41964340209961
22.565357208251953
23.762283325195312
22.565357208251953
22.565357208251953
22.565357208251953
23.049816131591797
22.565357208251953
22.565319061279297
22.565319061279297
22.565319061279297
22.565319061279297
22.565319061279297
22.565319061279297
22.565319061279297
22.565319061279297
23.0498104095459
23.020526885986328
22.565319061279297
21.67265510559082
22.565319061279297
21.24677276611328
22.565319061279297
22.565319061279297
21.853042602539062
22.565319061279297
21.24677276611328
23.0498104095459
24.36432456970215
21.220291137695312
23.631160736083984
21.24677276611328
21.24677276611328
