6.229694366455078
6.709400177001953
20.069854736328125
11.374700546264648
10.275089263916016
12.386329650878906
-1.5721206665039062
14.095890045166016
9.24441909790039
9.598628997802734
2.1815528869628906
5.469011306762695
35.214073181152344
-2.0551223754882812
3.1558380126953125
8.745433807373047
20.814411163330078
5.628368377685547
2.9911956787109375
5.261940002441406
11.644269943237305
12.275856018066406
8.761405944824219
9.24441909790039
7.136745452880859
-2.8668136596679688
6.328529357910156
11.863784790039062
25.64227294921875
5.221645355224609
-1.0572547912597656
3.0450515747070312
7.200431823730469
3.01080322265625
4.090679168701172
9.533309936523438
9.24441909790039
9.822967529296875
12.794486999511719
27.92395782470703
13.782432556152344
19.44643783569336
7.253978729248047
4.771112442016602
-2.705097198486328
6.618633270263672
-1.150604248046875
3.8444976806640625
3.4697608947753906
7.9331512451171875
6.465118408203125
12.420696258544922
15.228023529052734
10.66976547241211
11.907661437988281
5.746967315673828
4.090679168701172
3.0450515747070312
14.559427261352539
14.123884201049805
-0.8472213745117188
15.535770416259766
3.680217742919922
6.709400177001953
11.083831787109375
8.124740600585938
8.304637908935547
26.918415069580078
28.36963653564453
4.090679168701172
8.808019638061523
24.4934024810791
12.007766723632812
4.093498229980469
10.989860534667969
11.634624481201172
4.921833038330078
9.099933624267578
13.5899658203125
6.208278656005859
13.644161224365234
20.69892120361328
17.179279327392578
10.752805709838867
11.083831787109375
13.969913482666016
-1.1747856140136719
6.99675178527832
12.571870803833008
11.398677825927734
10.862335205078125
14.095890045166016
13.946704864501953
15.535770416259766
11.175146102905273
18.294567108154297
13.108104705810547
3.680217742919922
12.275856018066406
11.644269943237305
4.846168518066406
0.38416290283203125
18.39560890197754
5.7492828369140625
16.420642852783203
8.761592864990234
5.087827682495117
7.473781585693359
13.349872589111328
-3.1515960693359375
8.02276611328125
13.969913482666016
6.8587799072265625
6.034595489501953
14.375123977661133
13.02800178527832
6.8587799072265625
9.520223617553711
14.552894592285156
-3.652446746826172
15.2232666015625
11.398677825927734
0.9016304016113281
15.045713424682617
8.761405944824219
10.604293823242188
5.710201263427734
11.644269943237305
8.24151611328125
9.450630187988281
5.871303558349609
-0.9453506469726562
7.200431823730469
10.484329223632812
19.133270263671875
9.343795776367188
5.6995391845703125
22.10406494140625
2.8842239379882812
12.005741119384766
8.815471649169922
3.310129165649414
10.927947998046875
18.294567108154297
10.368789672851562
2.1532135009765625
10.752805709838867
23.99106216430664
3.1879539489746094
6.618633270263672
7.797569274902344
8.761405944824219
9.129796981811523
13.02800178527832
12.262323379516602
12.410669326782227
9.177499771118164
5.746967315673828
0.7329826354980469
8.555950164794922
9.520223617553711
17.00732421875
3.0631980895996094
18.39560890197754
2.6007080078125
-3.3300514221191406
6.912868499755859
11.393024444580078
3.0450515747070312
15.535770416259766
8.541358947753906
7.200431823730469
-0.8740615844726562
13.073787689208984
11.398677825927734
11.974002838134766
7.390674591064453
14.353485107421875
12.888317108154297
0.9963722229003906
11.84982681274414
1.5462455749511719
12.412330627441406
12.420696258544922
14.095890045166016
8.021221160888672
17.118846893310547
15.535770416259766
13.802902221679688
14.095890045166016
2.1532135009765625
4.846168518066406
0.94171142578125
0.7724494934082031
6.654745101928711
3.3225021362304688
12.888317108154297
8.756567001342773
4.090679168701172
5.38323974609375
4.090679168701172
14.228229522705078
5.644824981689453
18.39560890197754
6.5469207763671875
18.294567108154297
14.095890045166016
13.30350112915039
5.746967315673828
18.03545379638672
7.191972732543945
11.398677825927734
3.8661632537841797
15.227487564086914
15.46152114868164
9.238845825195312
10.944087982177734
13.802902221679688
12.132930755615234
8.538991928100586
5.80072021484375
15.535770416259766
12.823022842407227
19.406522750854492
7.140621185302734
12.88934326171875
11.083831787109375
64.04629516601562
26.913402557373047
12.005741119384766
4.115129470825195
9.520223617553711
7.200431823730469
11.545722961425781
-2.4776229858398438
16.067705154418945
48.12971496582031
9.071428298950195
12.766334533691406
10.944087982177734
5.535318374633789
5.746967315673828
10.202125549316406
2.4709396362304688
3.1140594482421875
11.083831787109375
-0.6314697265625
8.808019638061523
3.090770721435547
0.26624298095703125
-3.652446746826172
29.933881759643555
5.139675140380859
1.2836456298828125
5.262962341308594
6.229694366455078
18.294567108154297
5.7492828369140625
6.219184875488281
10.437007904052734
22.306060791015625
10.780210494995117
12.6343994140625
15.227487564086914
11.083831787109375
4.356729507446289
3.5266265869140625
20.570207595825195
16.35049819946289
6.729593276977539
9.24441909790039
11.820117950439453
-4.053932189941406
8.405414581298828
5.7492828369140625
12.206336975097656
5.6995391845703125
11.803474426269531
14.123884201049805
9.505851745605469
4.090679168701172
15.329896926879883
12.410669326782227
4.501186370849609
-1.6475944519042969
12.195602416992188
6.229694366455078
6.618633270263672
9.505851745605469
4.603092193603516
5.644824981689453
8.761405944824219
15.045713424682617
10.368789672851562
6.8587799072265625
7.25616455078125
15.236839294433594
7.473781585693359
7.030826568603516
3.4150314331054688
18.627384185791016
13.179885864257812
4.85455322265625
17.30670166015625
6.774768829345703
5.535318374633789
13.073787689208984
19.699981689453125
20.814411163330078
5.221645355224609
7.136745452880859
6.654745101928711
2.1532135009765625
4.846168518066406
11.736114501953125
6.709400177001953
6.8587799072265625
5.7492828369140625
-0.8477439880371094
8.405414581298828
12.420696258544922
8.761405944824219
40.37846755981445
0.0520477294921875
12.410669326782227
9.24441909790039
10.66976547241211
9.929290771484375
14.095890045166016
8.405414581298828
23.12714958190918
9.099933624267578
13.01190185546875
20.814411163330078
6.150524139404297
4.846168518066406
11.677434921264648
3.01080322265625
3.1558380126953125
4.9649810791015625
12.132930755615234
11.083831787109375
13.108104705810547
15.236839294433594
8.761405944824219
15.835927963256836
11.083831787109375
20.570207595825195
6.8304595947265625
9.177499771118164
3.0450515747070312
3.8661632537841797
9.52421760559082
11.345043182373047
16.928783416748047
6.547626495361328
1.2836456298828125
5.7492828369140625
22.310440063476562
3.0450515747070312
4.846168518066406
22.310440063476562
12.894275665283203
1.2106895446777344
12.226146697998047
16.067705154418945
12.410669326782227
18.86054229736328
2.1779747009277344
13.158309936523438
6.573169708251953
13.52311897277832
5.027589797973633
3.0450515747070312
32.343040466308594
14.0921630859375
7.5250701904296875
8.43914794921875
5.221645355224609
5.12498664855957
2.4858627319335938
3.0888023376464844
4.090679168701172
10.927947998046875
19.94573211669922
9.15311050415039
23.921974182128906
3.0443477630615234
11.175357818603516
11.083629608154297
22.310138702392578
3.7756500244140625
2.7659950256347656
11.398929595947266
12.411256790161133
21.01363182067871
20.506210327148438
13.134658813476562
7.136539459228516
18.295135498046875
28.75373077392578
19.434497833251953
19.434497833251953
16.500286102294922
16.500286102294922
16.500286102294922
17.70081329345703
24.73995590209961
44.36982345581055
11.95566177368164
21.244232177734375
37.33808898925781
50.34071350097656
49.13423538208008
20.711666107177734
13.486621856689453
13.812519073486328
16.534175872802734
11.150619506835938
15.042755126953125
13.987724304199219
21.884063720703125
21.884063720703125
13.421512603759766
21.884063720703125
14.703157424926758
14.456413269042969
34.58219528198242
13.186702728271484
46.354740142822266
25.59137725830078
12.04025650024414
32.86930847167969
12.001956939697266
17.100299835205078
16.796607971191406
16.877460479736328
2.7931594848632812
10.888664245605469
12.00478744506836
25.544246673583984
16.796607971191406
38.018463134765625
16.796607971191406
24.951156616210938
16.796607971191406
16.796607971191406
16.796607971191406
16.796607971191406
16.796607971191406
16.796607971191406
16.796607971191406
16.796607971191406
16.796607971191406
16.796607971191406
16.796607971191406
16.796607971191406
16.796607971191406
16.796607971191406
16.796607971191406
16.796607971191406
16.796607971191406
16.796607971191406
11.787040710449219
12.224796295166016
12.10860824584961
12.02804946899414
19.787933349609375
11.913597106933594
12.195415496826172
12.159839630126953
35.32272720336914
12.593711853027344
12.593711853027344
5.7258148193359375
41.17205047607422
9.75503921508789
9.105831146240234
9.922103881835938
9.103900909423828
9.105831146240234
10.692962646484375
9.034347534179688
5.573478698730469
12.434350967407227
5.861789703369141
0.6508903503417969
20.981775283813477
14.123884201049805
14.123884201049805
1.7230758666992188
6.077667236328125
1.6972427368164062
21.097084045410156
21.097084045410156
20.981775283813477
17.28403091430664
2.036396026611328
15.303699493408203
6.8453369140625
58.421234130859375
7.057746887207031
11.95566177368164
56.09272003173828
9.729789733886719
15.00361442565918
9.105831146240234
9.561473846435547
26.918415069580078
9.105670928955078
10.881847381591797
9.62392807006836
10.881847381591797
16.557708740234375
15.358169555664062
14.668773651123047
10.788894653320312
9.53347396850586
19.471145629882812
21.975250244140625
14.157352447509766
14.667457580566406
13.394737243652344
1.8252487182617188
4.183616638183594
9.727947235107422
5.236661911010742
4.557868957519531
4.343772888183594
12.049873352050781
14.666709899902344
11.63815689086914
-1.7896537780761719
0.038257598876953125
9.07086181640625
2.853973388671875
6.062732696533203
18.605056762695312
4.163276672363281
12.97268295288086
9.646049499511719
0.8824386596679688
16.924598693847656
7.698219299316406
5.926609039306641
-0.3847846984863281
2.49932861328125
11.703125
8.405010223388672
8.405010223388672
8.405010223388672
11.703125
11.703125
11.905647277832031
11.905647277832031
4.845142364501953
4.845142364501953
11.703125
10.643253326416016
14.76890754699707
10.980762481689453
4.6314697265625
8.405010223388672
-0.5469093322753906
12.905736923217773
10.023670196533203
0.853546142578125
0.6712989807128906
1.5308609008789062
1.6864242553710938
4.6314697265625
0.9047698974609375
-0.4342308044433594
6.951671600341797
5.926609039306641
5.926609039306641
5.926609039306641
9.07086181640625
4.9931793212890625
3.869304656982422
3.4256668090820312
11.703125
8.087104797363281
2.49932861328125
2.49932861328125
11.703125
17.902503967285156
11.441307067871094
4.628730773925781
5.926609039306641
9.07086181640625
21.121463775634766
5.926609039306641
4.6314697265625
-0.6929168701171875
5.5592498779296875
8.37491226196289
8.524833679199219
9.07086181640625
4.546649932861328
5.124431610107422
8.49698257446289
13.206069946289062
2.173004150390625
11.425865173339844
6.868232727050781
-0.8142204284667969
19.67032241821289
9.07086181640625
5.926609039306641
2.7105674743652344
11.129955291748047
6.962686538696289
14.405277252197266
11.192550659179688
7.0142822265625
9.07086181640625
0.7693710327148438
18.595853805541992
13.244293212890625
10.292352676391602
9.885551452636719
10.226036071777344
11.909263610839844
12.86773681640625
9.936912536621094
10.812999725341797
15.396385192871094
9.729789733886719
7.127891540527344
14.448196411132812
13.394737243652344
14.666709899902344
11.63815689086914
12.049873352050781
11.63815689086914
5.236661911010742
9.727947235107422
5.236661911010742
4.783302307128906
6.00701904296875
1.3819427490234375
4.183616638183594
1.8252487182617188
4.183616638183594
30.061304092407227
12.905736923217773
45.90502166748047
11.191421508789062
9.052499771118164
11.191421508789062
2.37213134765625
11.191421508789062
9.052499771118164
11.191421508789062
1.3458328247070312
20.083065032958984
9.358999252319336
1.8273200988769531
11.358081817626953
9.260868072509766
8.176856994628906
13.2652587890625
8.64413070678711
13.2652587890625
13.2652587890625
8.64413070678711
-0.06285858154296875
9.418603897094727
6.328409194946289
9.418603897094727
5.337268829345703
4.855243682861328
10.040122985839844
5.277927398681641
9.24936294555664
4.603092193603516
7.218814849853516
4.603092193603516
12.378015518188477
14.592063903808594
12.378015518188477
4.405342102050781
3.994129180908203
12.49034309387207
13.747325897216797
3.229106903076172
4.845142364501953
4.845142364501953
4.845142364501953
11.905647277832031
11.905647277832031
11.905647277832031
11.905647277832031
4.845142364501953
11.905647277832031
4.845142364501953
4.845142364501953
4.845142364501953
4.845142364501953
11.905647277832031
11.905647277832031
11.905647277832031
1.3442001342773438
3.6151351928710938
9.418603897094727
6.328409194946289
9.418603897094727
2.666248321533203
10.216758728027344
13.2652587890625
8.64413070678711
13.2652587890625
9.316337585449219
13.2652587890625
8.64413070678711
16.826282501220703
15.295482635498047
16.826282501220703
2.212177276611328
18.388912200927734
16.348344802856445
16.348344802856445
8.122535705566406
13.2652587890625
8.64413070678711
13.2652587890625
8.64413070678711
13.2652587890625
17.522144317626953
7.25715446472168
2.9599075317382812
8.719764709472656
10.566722869873047
-0.9622001647949219
7.974811553955078
5.992977142333984
7.974811553955078
11.175146102905273
3.098907470703125
11.175146102905273
2.7104530334472656
5.926095962524414
8.258235931396484
8.425331115722656
9.354789733886719
7.974811553955078
5.992977142333984
7.974811553955078
14.821311950683594
14.123884201049805
14.821311950683594
14.09916877746582
13.86029052734375
11.175146102905273
3.098907470703125
11.175146102905273
11.175146102905273
3.098907470703125
13.2652587890625
8.64413070678711
11.68121337890625
2.1647567749023438
8.719764709472656
10.566722869873047
8.719764709472656
13.2652587890625
12.130172729492188
10.826166152954102
19.270423889160156
10.826166152954102
18.122982025146484
13.427913665771484
18.122982025146484
18.122982025146484
14.76890754699707
10.643253326416016
14.76890754699707
14.76890754699707
10.643253326416016
41.53715515136719
10.274444580078125
6.61053466796875
11.415599822998047
10.140052795410156
11.415599822998047
10.023670196533203
12.905736923217773
10.023670196533203
7.154754638671875
3.7099685668945312
9.06503677368164
9.773271560668945
12.755790710449219
1.3112716674804688
26.063613891601562
10.94808578491211
6.61053466796875
7.2514190673828125
10.138721466064453
-0.08222579956054688
3.4256668090820312
0.3747825622558594
6.470756530761719
7.851295471191406
0.6211280822753906
4.845142364501953
4.845142364501953
4.845142364501953
15.097484588623047
4.775005340576172
15.958641052246094
3.26483154296875
4.845142364501953
4.845142364501953
4.845142364501953
4.845142364501953
4.845142364501953
20.981775283813477
9.702857971191406
8.892818450927734
14.317691802978516
14.76890754699707
10.643253326416016
2.664966583251953
22.10406494140625
16.613088607788086
15.240840911865234
3.0247573852539062
-10.855472564697266
15.240840911865234
-10.855472564697266
26.229080200195312
49.79033660888672
-10.855472564697266
-10.855472564697266
-10.855472564697266
-10.855472564697266
10.159248352050781
-10.855472564697266
-10.855472564697266
-10.855472564697266
-10.855472564697266
-10.855472564697266
-10.855472564697266
-10.855472564697266
-10.855472564697266
-10.855472564697266
-10.855472564697266
7.406543731689453
21.78659439086914
15.240840911865234
-10.855472564697266
-10.855472564697266
7.406543731689453
-10.855472564697266
-10.855472564697266
-10.855472564697266
7.406543731689453
-10.855472564697266
-10.855472564697266
23.00147819519043
-10.855472564697266
-10.855472564697266
7.406543731689453
13.816938400268555
9.094161987304688
-10.855472564697266
-10.855472564697266
7.406543731689453
-10.855472564697266
-10.855472564697266
-10.855472564697266
7.406543731689453
-10.855472564697266
-10.855472564697266
-10.855472564697266
-10.855472564697266
7.406543731689453
4.361499786376953
2.4989471435546875
-10.855472564697266
5.270240783691406
4.926170349121094
-10.855472564697266
7.406543731689453
-10.855472564697266
-10.855472564697266
-10.855472564697266
-10.855472564697266
7.406543731689453
4.086772918701172
3.1450538635253906
-10.855472564697266
-10.855472564697266
7.406543731689453
22.40615463256836
-10.855472564697266
-10.855472564697266
3.971263885498047
1.112762451171875
20.947324752807617
2.382617950439453
-10.855472564697266
-10.855472564697266
7.406543731689453
10.280050277709961
10.280050277709961
7.123291015625
6.659521102905273
10.280050277709961
7.406543731689453
10.280050277709961
10.280050277709961
7.406543731689453
8.40505599975586
8.40505599975586
13.816938400268555
6.504322052001953
8.40505599975586
8.40505599975586
12.27874755859375
8.653011322021484
12.27874755859375
14.782291412353516
7.406543731689453
9.042243957519531
9.042243957519531
9.21826171875
14.5853271484375
7.406543731689453
9.042243957519531
9.042243957519531
6.051492691040039
10.804227828979492
2.896444320678711
9.042243957519531
18.348777770996094
7.406543731689453
4.086772918701172
3.6268386840820312
16.367786407470703
14.441295623779297
9.888946533203125
2.9012680053710938
2.227062225341797
9.21826171875
8.322334289550781
11.95566177368164
15.596809387207031
1.5635490417480469
9.888946533203125
3.6474761962890625
12.27874755859375
10.213329315185547
3.5811500549316406
3.5811500549316406
1.6578998565673828
0.9842147827148438
20.947324752807617
5.148643493652344
3.7468605041503906
2.0492782592773438
1.826690673828125
7.406543731689453
3.1531639099121094
12.27874755859375
4.901729583740234
9.888946533203125
1.249298095703125
2.030029296875
1.1401939392089844
10.827091217041016
0.9842147827148438
4.069009780883789
5.382904052734375
2.7125892639160156
2.5566482543945312
3.8390846252441406
10.827091217041016
3.5348548889160156
10.827091217041016
7.406543731689453
10.827091217041016
20.947324752807617
9.48408317565918
10.827091217041016
11.385560989379883
1.1835212707519531
1.3042621612548828
10.827476501464844
11.384578704833984
6.14869499206543
5.017311096191406
-0.421630859375
17.28403091430664
15.627904891967773
17.536638259887695
11.830133438110352
17.536638259887695
11.830133438110352
5.564056396484375
4.245090484619141
4.167560577392578
12.245014190673828
3.1698837280273438
5.779117584228516
-2.840118408203125
1.1531982421875
5.017311096191406
-0.6716880798339844
9.702857971191406
8.892818450927734
5.779117584228516
3.8838233947753906
9.702857971191406
11.755363464355469
6.026649475097656
6.936546325683594
16.577198028564453
42.283424377441406
5.779117584228516
1.0721511840820312
2.9862327575683594
17.536640167236328
11.830133438110352
7.701747894287109
17.536640167236328
11.830133438110352
7.701747894287109
27.837127685546875
12.84986686706543
15.241622924804688
-3.1346664428710938
9.702857971191406
8.892822265625
7.3812408447265625
12.84986686706543
15.241622924804688
15.781242370605469
12.84986686706543
15.241622924804688
15.781242370605469
21.46234130859375
21.097082138061523
21.097082138061523
21.097082138061523
5.124990463256836
5.066232681274414
12.84986686706543
15.241622924804688
15.781242370605469
9.702857971191406
8.892822265625
14.317691802978516
12.84986686706543
15.241622924804688
15.781242370605469
12.84986686706543
5.384941101074219
4.741519927978516
11.985252380371094
8.555950164794922
6.850444793701172
4.881328582763672
0.16098785400390625
8.555950164794922
6.850444793701172
14.768905639648438
10.64324951171875
14.768905639648438
14.768905639648438
10.64324951171875
40.62442398071289
0.9541511535644531
2.5463638305664062
6.615962982177734
15.241622924804688
15.781242370605469
0.621124267578125
15.809843063354492
11.981430053710938
15.809843063354492
27.789222717285156
16.418537139892578
11.020650863647461
9.002458572387695
16.418537139892578
11.020650863647461
16.418537139892578
3.1089935302734375
5.926095962524414
8.258235931396484
8.425334930419922
2.2525100708007812
10.274444580078125
7.808021545410156
10.948081970214844
6.61053466796875
7.251415252685547
6.61053466796875
11.415599822998047
10.140052795410156
11.415599822998047
5.236661911010742
9.727947235107422
5.236661911010742
4.183616638183594
1.8252487182617188
4.183616638183594
8.555950164794922
6.850444793701172
-0.4815826416015625
19.233993530273438
46.087764739990234
10.023670196533203
12.905736923217773
10.023670196533203
1.1007003784179688
0.6051521301269531
0.707794189453125
3.4256668090820312
2.6093902587890625
6.470756530761719
16.418537139892578
11.020650863647461
10.834087371826172
11.147754669189453
12.711685180664062
9.80141830444336
-1.3391799926757812
12.257991790771484
0.7133064270019531
0.9034614562988281
4.615901947021484
6.5787353515625
9.795398712158203
10.184684753417969
28.488842010498047
7.989831924438477
4.053722381591797
1.9514083862304688
3.2033119201660156
-0.603363037109375
5.303821563720703
3.8349075317382812
9.41860580444336
6.328409194946289
9.41860580444336
4.91436767578125
0.5420303344726562
12.755790710449219
9.046369552612305
9.06503677368164
0.5507926940917969
8.05606460571289
14.405277252197266
11.192546844482422
14.581550598144531
-1.6140594482421875
11.191425323486328
9.052499771118164
11.191425323486328
4.887519836425781
13.2652587890625
8.64413070678711
13.2652587890625
13.2652587890625
8.64413070678711
15.41032600402832
16.255516052246094
15.41032600402832
13.2652587890625
8.64413070678711
13.2652587890625
7.110446929931641
10.251880645751953
7.564687728881836
13.2652587890625
8.64413070678711
6.723682403564453
13.2652587890625
8.64413070678711
13.2652587890625
26.437824249267578
9.882255554199219
26.437824249267578
13.2652587890625
8.64413070678711
13.2652587890625
8.64413070678711
13.2652587890625
10.17507553100586
11.924671173095703
9.441473007202148
9.453224182128906
14.66671371459961
11.731586456298828
9.869956970214844
-1.5630416870117188
12.985298156738281
1.8539199829101562
11.685005187988281
8.719764709472656
10.56672477722168
8.719764709472656
14.821313858032227
14.123882293701172
14.821313858032227
7.974811553955078
5.99298095703125
7.974811553955078
2.425800323486328
25.437583923339844
-2.5349388122558594
7.024097442626953
17.33910369873047
7.024097442626953
10.502182006835938
13.2652587890625
8.64413070678711
17.536640167236328
11.830133438110352
18.585662841796875
13.2652587890625
8.64413070678711
7.974811553955078
5.99298095703125
7.974811553955078
34.17145538330078
11.17514419555664
3.098905563354492
11.17514419555664
5.926095962524414
8.258235931396484
8.425334930419922
-0.7328147888183594
11.17514419555664
3.098905563354492
11.17514419555664
11.17514419555664
3.098905563354492
13.2652587890625
8.64413070678711
2.8050289154052734
4.687660217285156
10.826166152954102
19.27042007446289
10.826160430908203
0.06306838989257812
1.3909797668457031
8.7186279296875
10.564889907836914
51.36225128173828
44.86046600341797
9.18929672241211
17.817596435546875
5.0048828125
90.20964813232422
15.240839004516602
31.203365325927734
12.27874755859375
1.0655517578125
12.024600982666016
5.192756652832031
4.361503601074219
15.596811294555664
19.28588104248047
13.816940307617188
20.51331329345703
17.915847778320312
19.474746704101562
2.901275634765625
4.077056884765625
4.361503601074219
10.159244537353516
9.218267440795898
20.78805160522461
20.94732666015625
6.602088928222656
12.27874755859375
2.3600921630859375
12.27874755859375
5.777750015258789
2.798847198486328
12.27874755859375
10.721733093261719
13.08462142944336
4.635478973388672
11.385560989379883
3.7805442810058594
20.212390899658203
9.6806640625
42.86719512939453
39.50428771972656
20.94732666015625
2.172687530517578
2.7172012329101562
4.094921112060547
16.251258850097656
10.159244537353516
2.788043975830078
10.159244537353516
20.94732666015625
20.94732666015625
12.608781814575195
12.608781814575195
9.789173126220703
12.608781814575195
5.9024810791015625
3.8760414123535156
13.816940307617188
1.3138694763183594
38.79668426513672
55.97663879394531
4.361503601074219
9.232870101928711
4.361503601074219
3.689281463623047
18.885839462280273
55.64379119873047
11.385560989379883
2.8659820556640625
2.5755157470703125
4.361503601074219
4.7941741943359375
9.218267440795898
2.3956680297851562
2.3956680297851562
1.8059463500976562
2.3956680297851562
12.27874755859375
2.896444320678711
6.447288513183594
9.201309204101562
11.385560989379883
4.395351409912109
9.6806640625
4.1173095703125
2.074726104736328
15.596811294555664
6.937232971191406
9.218267440795898
2.162517547607422
4.693273544311523
8.17220687866211
12.27874755859375
4.900548934936523
23.001476287841797
11.385560989379883
11.955665588378906
11.385560989379883
5.404090881347656
3.5306358337402344
2.7558135986328125
3.5306358337402344
2.162517547607422
2.2418479919433594
3.5429954528808594
2.2418479919433594
2.2418479919433594
2.2418479919433594
2.2418479919433594
2.2418479919433594
11.97900390625
2.2418479919433594
9.218267440795898
2.0768775939941406
2.2418479919433594
4.752281188964844
20.94732666015625
4.462787628173828
20.94732666015625
4.857784271240234
2.2418479919433594
9.19643783569336
2.2418479919433594
2.2418479919433594
2.2418479919433594
3.5429954528808594
2.2418479919433594
2.2419509887695312
2.2419509887695312
2.2419509887695312
2.2419509887695312
2.2419509887695312
2.2419509887695312
2.2419509887695312
2.2419509887695312
3.542573928833008
6.287662506103516
2.2419509887695312
2.671184539794922
2.2419509887695312
1.7042655944824219
2.2419509887695312
2.2419509887695312
2.993549346923828
2.2419509887695312
1.7042655944824219
3.542573928833008
5.967893600463867
1.349609375
7.588665008544922
1.7042655944824219
1.7042655944824219
