11.402275085449219
13.124641418457031
23.13783073425293
16.71349334716797
15.503192901611328
17.189544677734375
4.148979187011719
20.512338638305664
14.450176239013672
15.387725830078125
7.281990051269531
10.546121597290039
37.61696243286133
3.9137496948242188
9.05006217956543
14.359088897705078
22.262645721435547
10.984203338623047
8.66571044921875
10.314596176147461
18.236465454101562
18.69085693359375
15.292886734008789
14.450176239013672
12.559791564941406
3.3643341064453125
11.269430160522461
18.376346588134766
26.99953842163086
10.834253311157227
4.724369049072266
9.587972640991211
12.731033325195312
8.770927429199219
8.93505859375
14.531164169311523
14.450176239013672
15.05167007446289
16.76218032836914
32.876434326171875
18.67596435546875
23.545894622802734
10.855140686035156
10.153186798095703
3.5033111572265625
11.400688171386719
4.797290802001953
9.58169937133789
9.050090789794922
12.268939971923828
11.94900131225586
18.929603576660156
20.263181686401367
16.232067108154297
17.603271484375
11.10611343383789
8.93505859375
9.587972640991211
19.009862899780273
20.64645004272461
4.820135116577148
21.134864807128906
9.45567512512207
13.124641418457031
17.100252151489258
14.040393829345703
12.998922348022461
29.317575454711914
28.519550323486328
8.93505859375
13.286548614501953
29.159465789794922
17.483619689941406
9.236528396606445
15.688701629638672
13.919059753417969
8.593700408935547
14.462162017822266
17.8655948638916
9.923591613769531
17.791351318359375
23.399261474609375
22.998146057128906
16.01846694946289
17.100252151489258
18.540069580078125
4.632221221923828
12.446590423583984
18.97391700744629
17.845169067382812
15.085193634033203
20.512338638305664
18.52074432373047
21.134864807128906
16.905153274536133
22.03782844543457
16.219818115234375
9.45567512512207
18.69085693359375
18.236465454101562
11.457904815673828
6.282978057861328
22.962230682373047
11.227958679199219
21.502586364746094
13.651443481445312
10.453563690185547
12.497230529785156
19.214935302734375
3.251789093017578
11.048858642578125
18.540069580078125
12.186544418334961
11.894424438476562
19.484729766845703
18.59693717956543
12.186544418334961
15.07989501953125
18.82220458984375
2.667032241821289
20.63616180419922
17.845169067382812
6.723537445068359
19.429092407226562
15.292886734008789
15.23250961303711
10.790931701660156
18.236465454101562
13.857551574707031
13.770441055297852
10.874279022216797
4.573644638061523
12.731033325195312
14.736228942871094
24.162609100341797
14.464889526367188
11.024032592773438
25.642696380615234
8.564872741699219
16.945466995239258
13.649436950683594
8.55160140991211
16.632308959960938
22.03782844543457
15.324472427368164
8.145206451416016
16.01846694946289
25.65011215209961
9.226301193237305
11.400688171386719
13.148670196533203
15.292886734008789
14.27358627319336
18.59693717956543
17.538583755493164
17.390853881835938
14.512500762939453
11.10611343383789
6.3627166748046875
13.741802215576172
15.07989501953125
20.788650512695312
9.41033935546875
22.962230682373047
7.904335021972656
3.129568099975586
12.056354522705078
16.256271362304688
9.587972640991211
21.134864807128906
13.738126754760742
12.731033325195312
5.292121887207031
19.018861770629883
17.845169067382812
17.266742706298828
12.922430038452148
16.404090881347656
18.685625076293945
7.030345916748047
17.827407836914062
7.020198822021484
17.841094970703125
18.929603576660156
20.512338638305664
10.4891357421875
22.90144920349121
21.134864807128906
19.42678451538086
20.512338638305664
8.145206451416016
11.457904815673828
6.518180847167969
6.767498016357422
12.095102310180664
8.163032531738281
18.685625076293945
13.720382690429688
8.93505859375
11.523948669433594
8.93505859375
18.902801513671875
10.43138313293457
22.962230682373047
12.153043746948242
22.03782844543457
20.512338638305664
16.614225387573242
11.10611343383789
18.637142181396484
12.196382522583008
17.845169067382812
9.15654182434082
19.683303833007812
20.727405548095703
14.661714553833008
16.832477569580078
19.42678451538086
17.125038146972656
13.95516586303711
11.0850830078125
21.134864807128906
14.928924560546875
22.060522079467773
12.019758224487305
19.194002151489258
17.100252151489258
51.58501434326172
27.50040626525879
16.945466995239258
9.465774536132812
15.07989501953125
12.731033325195312
16.971088409423828
3.5443878173828125
19.87872886657715
46.034515380859375
15.15064811706543
17.835878372192383
16.832477569580078
10.974151611328125
11.10611343383789
16.35199737548828
7.270229339599609
8.460460662841797
17.100252151489258
5.285896301269531
13.286548614501953
6.739841461181641
5.682647705078125
2.667032241821289
32.95158386230469
10.545967102050781
7.129953384399414
10.673894882202148
11.402275085449219
22.03782844543457
11.227958679199219
12.47426986694336
15.745492935180664
26.837194442749023
14.48202133178711
17.37156867980957
19.683303833007812
17.100252151489258
9.449811935424805
9.484512329101562
24.49296760559082
20.395734786987305
11.94240951538086
14.450176239013672
18.26850128173828
2.3334388732910156
13.277286529541016
11.227958679199219
16.915708541870117
11.024032592773438
16.208656311035156
20.64645004272461
14.671894073486328
8.93505859375
21.010005950927734
17.390853881835938
8.768779754638672
4.5415496826171875
16.016799926757812
11.402275085449219
11.400688171386719
14.671894073486328
10.502574920654297
10.43138313293457
15.292886734008789
19.429092407226562
15.324472427368164
12.186544418334961
12.928070068359375
19.577484130859375
12.497230529785156
12.272239685058594
8.363243103027344
23.37765121459961
17.204309463500977
10.141912460327148
19.8343505859375
12.084705352783203
10.974151611328125
19.018861770629883
19.96233367919922
22.262645721435547
10.834253311157227
12.559791564941406
12.095102310180664
8.145206451416016
11.457904815673828
16.640451431274414
13.124641418457031
12.186544418334961
11.227958679199219
4.522054672241211
13.277286529541016
18.929603576660156
15.292886734008789
30.47575569152832
5.945667266845703
17.390853881835938
14.450176239013672
16.232067108154297
15.48868179321289
20.512338638305664
13.277286529541016
25.905275344848633
14.462162017822266
18.042587280273438
22.262645721435547
10.821540832519531
11.457904815673828
17.181182861328125
8.770927429199219
9.05006217956543
10.15216064453125
17.125038146972656
17.100252151489258
16.219818115234375
19.577484130859375
15.292886734008789
21.161285400390625
17.100252151489258
24.49296760559082
10.432096481323242
14.512500762939453
9.587972640991211
9.15654182434082
14.80279541015625
16.152667999267578
19.015060424804688
11.628864288330078
7.129953384399414
11.227958679199219
26.403547286987305
9.587972640991211
11.457904815673828
26.403547286987305
17.126571655273438
6.545648574829102
17.650415420532227
19.87872886657715
17.390853881835938
24.197324752807617
7.315332412719727
18.679927825927734
12.960023880004883
19.0645751953125
10.11037826538086
9.587972640991211
35.23812484741211
19.824546813964844
12.827722549438477
13.446910858154297
10.834253311157227
10.122140884399414
7.682147979736328
9.419477462768555
8.93505859375
16.632308959960938
22.04624366760254
14.936874389648438
28.75666046142578
9.587244033813477
16.905101776123047
17.100093841552734
26.40313720703125
9.460636138916016
7.52589225769043
17.845565795898438
17.391483306884766
25.67855453491211
25.67955207824707
16.143508911132812
12.559701919555664
22.03832244873047
31.685945510864258
22.11557388305664
22.11557388305664
21.806217193603516
21.806217193603516
21.806217193603516
23.348670959472656
29.054569244384766
42.82074737548828
16.739459991455078
23.135486602783203
36.09461975097656
46.358333587646484
50.62535858154297
24.881484985351562
19.24518585205078
19.611923217773438
21.981531143188477
17.224355697631836
20.959850311279297
19.87590789794922
27.82046127319336
27.82046127319336
19.522977828979492
27.82046127319336
20.23782730102539
20.910144805908203
39.376686096191406
17.597076416015625
49.408485412597656
28.41617202758789
16.54320526123047
37.510772705078125
16.523242950439453
23.13370132446289
22.560138702392578
22.64830780029297
9.135673522949219
15.691158294677734
16.5126953125
30.024333953857422
22.560138702392578
42.22210693359375
22.560138702392578
30.621456146240234
22.560138702392578
22.560138702392578
22.560138702392578
22.560138702392578
22.560138702392578
22.560138702392578
22.560138702392578
22.560138702392578
22.560138702392578
22.560138702392578
22.560138702392578
22.560138702392578
22.560138702392578
22.560138702392578
22.560138702392578
22.560138702392578
22.560138702392578
22.560138702392578
16.316272735595703
16.707603454589844
16.578628540039062
16.570369720458984
24.057756423950195
16.399951934814453
16.836238861083984
16.669174194335938
37.175106048583984
17.507003784179688
17.507003784179688
12.228464126586914
43.096797943115234
17.35228729248047
16.590829849243164
14.427240371704102
16.696800231933594
16.590829849243164
15.217729568481445
16.4995174407959
11.217119216918945
16.019977569580078
10.670074462890625
6.402288436889648
24.83169174194336
20.64645004272461
20.64645004272461
7.884574890136719
10.574361801147461
7.739810943603516
25.798643112182617
25.798643112182617
24.83169174194336
22.755401611328125
8.165990829467773
20.331378936767578
11.700288772583008
61.8521728515625
12.329830169677734
16.739459991455078
41.534088134765625
16.749927520751953
19.735267639160156
16.590829849243164
17.163978576660156
29.317575454711914
16.657747268676758
18.32294273376465
17.15589141845703
18.32294273376465
21.8375244140625
21.76943016052246
19.794034957885742
16.932226181030273
15.739885330200195
24.779983520507812
28.313756942749023
20.84288787841797
21.30301856994629
18.842710494995117
8.191825866699219
9.370372772216797
14.259883880615234
10.720741271972656
9.521080017089844
9.737506866455078
17.155092239379883
20.316593170166016
16.84980010986328
4.035297393798828
5.9000244140625
14.676204681396484
8.099796295166016
10.766532897949219
21.273021697998047
9.738447189331055
15.852130889892578
14.248573303222656
6.82465934753418
22.145751953125
12.976226806640625
11.52096939086914
5.657886505126953
8.36052131652832
17.007892608642578
13.88187026977539
13.88187026977539
13.88187026977539
17.007892608642578
17.007892608642578
18.351974487304688
18.351974487304688
10.139972686767578
10.139972686767578
17.007892608642578
17.583145141601562
20.463176727294922
14.671260833740234
10.146108627319336
13.88187026977539
4.986789703369141
19.200820922851562
16.461727142333984
6.2771148681640625
6.416004180908203
7.591949462890625
7.004985809326172
10.146108627319336
6.648380279541016
5.6317291259765625
12.207563400268555
11.52096939086914
11.52096939086914
11.52096939086914
14.676204681396484
10.46834945678711
9.565502166748047
9.343338012695312
17.007892608642578
12.435274124145508
8.36052131652832
8.36052131652832
17.007892608642578
21.099918365478516
15.764034271240234
8.997261047363281
11.52096939086914
14.676204681396484
22.50877571105957
11.52096939086914
10.146108627319336
4.819860458374023
10.657970428466797
13.942150115966797
14.27593994140625
14.676204681396484
10.105670928955078
8.67721939086914
13.279232025146484
16.240577697753906
7.966968536376953
14.253860473632812
12.140239715576172
5.062128067016602
22.493581771850586
14.676204681396484
11.52096939086914
8.028404235839844
17.048465728759766
11.938913345336914
18.568307876586914
16.289995193481445
10.525074005126953
14.676204681396484
6.571599960327148
22.669151306152344
20.09710693359375
16.21946144104004
17.488990783691406
17.727581024169922
19.238548278808594
18.82924461364746
17.508472442626953
18.342863082885742
20.090667724609375
16.749927520751953
12.361320495605469
19.751689910888672
18.842710494995117
20.316593170166016
16.84980010986328
17.155092239379883
16.84980010986328
10.720741271972656
14.259883880615234
10.720741271972656
9.153520584106445
9.338516235351562
7.188068389892578
9.370372772216797
8.191825866699219
9.370372772216797
31.43062400817871
19.200820922851562
48.81355285644531
16.68480110168457
14.129505157470703
16.68480110168457
7.438188552856445
16.68480110168457
14.129505157470703
16.68480110168457
7.495929718017578
24.673921585083008
14.250822067260742
7.668910980224609
16.911195755004883
14.67202377319336
13.757293701171875
17.624629974365234
13.774137496948242
17.624629974365234
17.624629974365234
13.774137496948242
5.463958740234375
14.809427261352539
11.97921371459961
14.809427261352539
9.972877502441406
9.499767303466797
13.359260559082031
10.135066986083984
12.86993408203125
10.502574920654297
11.612848281860352
10.502574920654297
17.767066955566406
20.01841163635254
17.767066955566406
9.713829040527344
9.733760833740234
17.72333526611328
16.857784271240234
9.938457489013672
10.139972686767578
10.139972686767578
10.139972686767578
18.351974487304688
18.351974487304688
18.351974487304688
18.351974487304688
10.139972686767578
18.351974487304688
10.139972686767578
10.139972686767578
10.139972686767578
10.139972686767578
18.351974487304688
18.351974487304688
18.351974487304688
6.7664794921875
9.230464935302734
14.809427261352539
11.97921371459961
14.809427261352539
7.835636138916016
14.73172378540039
17.624629974365234
13.774137496948242
17.624629974365234
13.4208984375
17.624629974365234
13.774137496948242
21.492774963378906
20.252368927001953
21.492774963378906
7.91278076171875
21.449174880981445
21.62533187866211
21.62533187866211
13.0147705078125
17.624629974365234
13.774137496948242
17.624629974365234
13.774137496948242
17.624629974365234
18.54296875
12.77431869506836
8.227113723754883
15.37320327758789
16.538877487182617
5.034812927246094
13.275371551513672
10.683433532714844
13.275371551513672
16.905153274536133
9.636445999145508
16.905153274536133
5.718666076660156
11.612037658691406
14.052106857299805
13.316755294799805
14.476104736328125
13.275371551513672
10.683433532714844
13.275371551513672
20.69292449951172
20.64645004272461
20.69292449951172
16.36832046508789
18.296703338623047
16.905153274536133
9.636445999145508
16.905153274536133
16.905153274536133
9.636445999145508
17.624629974365234
13.774137496948242
17.002696990966797
8.454973220825195
15.37320327758789
16.538877487182617
15.37320327758789
17.624629974365234
15.706104278564453
14.335155487060547
23.824562072753906
14.335155487060547
23.290740966796875
17.85095977783203
23.290740966796875
23.290740966796875
20.463176727294922
17.583145141601562
20.463176727294922
20.463176727294922
17.583145141601562
38.41560363769531
15.201297760009766
11.283466339111328
16.75497055053711
14.829671859741211
16.75497055053711
16.461727142333984
19.200820922851562
16.461727142333984
12.425983428955078
9.294361114501953
14.493202209472656
15.191370010375977
17.980649948120117
7.648311614990234
29.87381362915039
16.587820053100586
11.283466339111328
11.302902221679688
13.978546142578125
5.611560821533203
9.343338012695312
6.007001876831055
11.46993637084961
12.21278190612793
6.25550651550293
10.139972686767578
10.139972686767578
10.139972686767578
19.68386459350586
11.41511344909668
20.477581024169922
8.34463119506836
10.139972686767578
10.139972686767578
10.139972686767578
10.139972686767578
10.139972686767578
24.83169174194336
15.328191757202148
14.05264663696289
18.202728271484375
20.463176727294922
17.583145141601562
7.9580841064453125
25.642696380615234
21.19091796875
20.579315185546875
8.663475036621094
-3.469928741455078
20.579315185546875
-3.469928741455078
27.000823974609375
55.87158203125
-3.469928741455078
-3.469928741455078
-3.469928741455078
-3.469928741455078
15.168514251708984
-3.469928741455078
-3.469928741455078
-3.469928741455078
-3.469928741455078
-3.469928741455078
-3.469928741455078
-3.469928741455078
-3.469928741455078
-3.469928741455078
-3.469928741455078
13.440502166748047
23.567543029785156
20.579315185546875
-3.469928741455078
-3.469928741455078
13.440502166748047
-3.469928741455078
-3.469928741455078
-3.469928741455078
13.440502166748047
-3.469928741455078
-3.469928741455078
28.63589096069336
-3.469928741455078
-3.469928741455078
13.440502166748047
18.437442779541016
11.555400848388672
-3.469928741455078
-3.469928741455078
13.440502166748047
-3.469928741455078
-3.469928741455078
-3.469928741455078
13.440502166748047
-3.469928741455078
-3.469928741455078
-3.469928741455078
-3.469928741455078
13.440502166748047
9.786613464355469
8.443347930908203
-3.469928741455078
10.63932991027832
9.758609771728516
-3.469928741455078
13.440502166748047
-3.469928741455078
-3.469928741455078
-3.469928741455078
-3.469928741455078
13.440502166748047
10.177022933959961
8.299715042114258
-3.469928741455078
-3.469928741455078
13.440502166748047
24.173580169677734
-3.469928741455078
-3.469928741455078
9.923690795898438
6.82606315612793
26.111801147460938
8.748355865478516
-3.469928741455078
-3.469928741455078
13.440502166748047
15.730894088745117
15.730894088745117
10.88998794555664
12.100982666015625
15.730894088745117
13.440502166748047
15.730894088745117
15.730894088745117
13.440502166748047
14.137882232666016
14.137882232666016
18.437442779541016
11.759777069091797
14.137882232666016
14.137882232666016
17.029218673706055
14.41259765625
17.029218673706055
18.150711059570312
13.440502166748047
14.726207733154297
14.726207733154297
14.461151123046875
19.730815887451172
13.440502166748047
14.726207733154297
14.726207733154297
10.78917121887207
16.60054588317871
8.917770385742188
14.726207733154297
23.27991485595703
13.440502166748047
10.177022933959961
8.773859024047852
21.407672882080078
20.272422790527344
15.464736938476562
8.782112121582031
7.403438568115234
14.461151123046875
13.390413284301758
16.739459991455078
19.70981216430664
7.884916305541992
15.464736938476562
9.423248291015625
17.029218673706055
15.195341110229492
9.491249084472656
9.491249084472656
7.930732727050781
7.4043121337890625
26.111801147460938
10.634410858154297
9.241487503051758
8.075119018554688
8.078191757202148
13.440502166748047
9.245410919189453
17.029218673706055
10.114849090576172
15.464736938476562
7.611116409301758
7.865495681762695
7.383382797241211
16.25642204284668
7.4043121337890625
9.808944702148438
10.720417022705078
8.767757415771484
8.789091110229492
9.415746688842773
16.25642204284668
9.251958847045898
16.25642204284668
13.440502166748047
16.25642204284668
26.111801147460938
15.010034561157227
16.25642204284668
17.628543853759766
7.244594573974609
7.468284606933594
16.25640106201172
17.627670288085938
11.49178695678711
10.44955825805664
5.239906311035156
22.755401611328125
20.499645233154297
22.622379302978516
17.390398025512695
22.622379302978516
17.390398025512695
10.098636627197266
8.201461791992188
7.935207366943359
14.518218994140625
9.416872024536133
11.971267700195312
3.227306365966797
6.4453125
10.44955825805664
4.944103240966797
15.328191757202148
14.05264663696289
11.971267700195312
9.154979705810547
15.328191757202148
16.596755981445312
11.92561149597168
12.277217864990234
19.549243927001953
42.19847869873047
11.971267700195312
6.797939300537109
8.0670166015625
22.622379302978516
17.390398025512695
13.757993698120117
22.622379302978516
17.390398025512695
13.757993698120117
29.365055084228516
17.561904907226562
19.43218994140625
3.488525390625
15.328191757202148
14.052644729614258
13.221641540527344
17.561904907226562
19.43218994140625
21.612579345703125
17.561904907226562
19.43218994140625
21.612579345703125
24.523347854614258
25.798641204833984
25.798641204833984
25.798641204833984
10.122140884399414
10.03380012512207
17.561904907226562
19.43218994140625
21.612579345703125
15.328191757202148
14.052644729614258
18.20272445678711
17.561904907226562
19.43218994140625
21.612579345703125
17.561904907226562
11.020767211914062
10.35713005065918
16.309810638427734
13.741802215576172
11.955160140991211
10.250572204589844
6.072233200073242
13.741802215576172
11.955160140991211
20.463176727294922
17.583145141601562
20.463176727294922
20.463176727294922
17.583145141601562
45.550872802734375
7.74882698059082
7.856462478637695
11.284431457519531
19.43218994140625
21.612579345703125
6.25550651550293
19.956632614135742
16.5888671875
19.956632614135742
21.84663200378418
19.295177459716797
16.053936004638672
14.129201889038086
19.295177459716797
16.053936004638672
19.295177459716797
9.331714630126953
11.612039566040039
14.052106857299805
13.316751480102539
7.692708969116211
15.201297760009766
13.022445678710938
16.587820053100586
11.283470153808594
11.302902221679688
11.283470153808594
16.75497055053711
14.829675674438477
16.75497055053711
10.720741271972656
14.259883880615234
10.720741271972656
9.370372772216797
8.191825866699219
9.370372772216797
13.741802215576172
11.955160140991211
5.355836868286133
21.937456130981445
49.7943000793457
16.461727142333984
19.200820922851562
16.461727142333984
6.741250991821289
7.370901107788086
6.449115753173828
9.343341827392578
8.547933578491211
11.46993637084961
19.295177459716797
16.053936004638672
13.947336196899414
15.010774612426758
17.390657424926758
13.47297477722168
5.107049942016602
15.151191711425781
6.524480819702148
6.965282440185547
9.636722564697266
10.981620788574219
14.249095916748047
13.994352340698242
31.151264190673828
14.207456588745117
9.256473541259766
7.878124237060547
8.686347961425781
5.557811737060547
10.84583854675293
9.429054260253906
14.809427261352539
11.97921371459961
14.809427261352539
11.70643424987793
6.055734634399414
17.980649948120117
14.376693725585938
14.493202209472656
6.456533432006836
12.353408813476562
18.568307876586914
16.289995193481445
16.889049530029297
4.383533477783203
16.68480110168457
14.129505157470703
16.68480110168457
10.081197738647461
17.624629974365234
13.774133682250977
17.624629974365234
17.624629974365234
13.774133682250977
19.62696075439453
20.07598114013672
19.62696075439453
17.624629974365234
13.774133682250977
17.624629974365234
12.399505615234375
15.871585845947266
13.267467498779297
17.624629974365234
13.774133682250977
10.95901107788086
17.624629974365234
13.774133682250977
17.624629974365234
30.390649795532227
13.066123962402344
30.390649795532227
17.624629974365234
13.774133682250977
17.624629974365234
13.774133682250977
17.624629974365234
14.106266021728516
16.464683532714844
14.622335433959961
14.601409912109375
20.316593170166016
17.272010803222656
15.54178237915039
4.4788970947265625
16.70812225341797
7.6980743408203125
17.40288734436035
15.373207092285156
16.538877487182617
15.373207092285156
20.69292449951172
20.646448135375977
20.69292449951172
13.275371551513672
10.68343734741211
13.275371551513672
9.030502319335938
27.37630271911621
3.801332473754883
12.5504150390625
22.627290725708008
12.5504150390625
14.926876068115234
17.624629974365234
13.774133682250977
22.622379302978516
17.390398025512695
21.91349220275879
17.624629974365234
13.774133682250977
13.275371551513672
10.68343734741211
13.275371551513672
34.87531280517578
16.905153274536133
9.636445999145508
16.905153274536133
11.612039566040039
14.052106857299805
13.316751480102539
5.243648529052734
16.905153274536133
9.636445999145508
16.905153274536133
16.905153274536133
9.636445999145508
17.624629974365234
13.774133682250977
8.633861541748047
11.23959732055664
14.335155487060547
23.824562072753906
14.335126876831055
5.809940338134766
7.182964324951172
15.371833801269531
16.53757095336914
52.774688720703125
34.75798797607422
13.996814727783203
19.755168914794922
11.3369140625
88.33250427246094
20.579315185546875
33.84044647216797
17.029212951660156
6.933645248413086
16.80155372619629
9.981327056884766
9.786617279052734
19.709806442260742
24.20476722717285
18.437435150146484
25.642261505126953
22.138296127319336
24.38372802734375
8.782112121582031
9.368099212646484
9.786617279052734
15.16851806640625
14.461151123046875
24.344541549682617
26.111804962158203
12.587779998779297
17.029212951660156
8.107433319091797
17.029212951660156
11.310592651367188
8.659061431884766
17.029212951660156
16.091772079467773
16.513446807861328
10.22437858581543
17.6285457611084
9.123796463012695
21.888086318969727
14.499448776245117
38.849998474121094
37.02896499633789
26.111804962158203
8.20052719116211
8.619743347167969
9.906497955322266
19.942543029785156
15.16851806640625
8.665428161621094
15.16851806640625
26.111804962158203
26.111804962158203
17.905099868774414
17.905099868774414
14.919483184814453
17.905099868774414
11.755126953125
9.617128372192383
18.437435150146484
7.580654144287109
36.99038314819336
52.508460998535156
9.786617279052734
14.815914154052734
9.786617279052734
9.431447982788086
23.26460838317871
58.787986755371094
17.6285457611084
8.605001449584961
8.662567138671875
9.786617279052734
10.510746002197266
14.461151123046875
8.778926849365234
8.778926849365234
8.16530990600586
8.778926849365234
17.029212951660156
8.917770385742188
11.997398376464844
14.550861358642578
17.6285457611084
10.23171615600586
14.499448776245117
9.80966567993164
8.294557571411133
19.709806442260742
12.049575805664062
14.461151123046875
8.532176971435547
10.432485580444336
13.867412567138672
17.029212951660156
10.205806732177734
28.635896682739258
17.6285457611084
16.739459991455078
17.6285457611084
10.884437561035156
9.536590576171875
8.751762390136719
9.536590576171875
8.532176971435547
8.616865158081055
9.619836807250977
8.616865158081055
8.616865158081055
8.616865158081055
8.616865158081055
8.616865158081055
15.91038703918457
8.616865158081055
14.461151123046875
8.484661102294922
8.616865158081055
10.412508010864258
26.111804962158203
10.189075469970703
26.111804962158203
10.53194808959961
8.616865158081055
14.487613677978516
8.616865158081055
8.616865158081055
8.616865158081055
9.619836807250977
8.616865158081055
8.616886138916016
8.616886138916016
8.616886138916016
8.616886138916016
8.616886138916016
8.616886138916016
8.616886138916016
8.616886138916016
9.61956787109375
11.688940048217773
8.616886138916016
8.77365493774414
8.616886138916016
8.027507781982422
8.616886138916016
8.616886138916016
9.116477966308594
8.616886138916016
8.027507781982422
9.61956787109375
11.870437622070312
7.675067901611328
12.749763488769531
8.027507781982422
8.027507781982422
