20.180606842041016
22.255191802978516
28.777393341064453
24.61106300354004
23.786170959472656
25.32182502746582
14.238431930541992
30.45010757446289
23.526689529418945
23.824295043945312
16.034013748168945
18.40349578857422
38.126678466796875
14.53451919555664
18.571861267089844
22.435768127441406
27.032291412353516
21.261653900146484
17.31308937072754
19.37697982788086
27.51712417602539
26.763824462890625
26.092546463012695
23.526689529418945
20.68158721923828
14.424947738647461
19.411113739013672
27.328933715820312
29.702484130859375
19.45315170288086
14.85074234008789
19.895431518554688
22.19237518310547
18.405384063720703
18.2261905670166
22.411245346069336
23.526689529418945
22.65477180480957
23.862024307250977
38.94345474243164
25.626373291015625
29.002910614013672
18.713186264038086
18.637462615966797
14.41409683227539
18.983972549438477
15.181020736694336
18.468900680541992
17.895875930786133
21.525907516479492
20.988065719604492
27.59882164001465
27.45889663696289
25.395566940307617
25.634260177612305
18.989072799682617
18.2261905670166
19.895431518554688
26.73638916015625
29.218223571777344
14.894950866699219
29.02589988708496
19.0634822845459
22.255191802978516
27.02364158630371
22.343120574951172
22.361555099487305
34.81352996826172
32.4376220703125
18.2261905670166
22.89337158203125
33.943572998046875
27.670116424560547
18.452960968017578
23.07839584350586
20.78799819946289
20.018630981445312
22.203166961669922
25.58595085144043
19.715999603271484
24.19921112060547
27.897184371948242
32.30854797363281
23.71485710144043
27.02364158630371
25.3544864654541
14.667083740234375
21.346471786499023
28.16741180419922
26.61126136779785
23.017955780029297
30.45010757446289
25.535314559936523
29.02589988708496
26.344879150390625
26.74494171142578
25.57162857055664
19.0634822845459
26.763824462890625
27.51712417602539
21.002685546875
16.412839889526367
28.680566787719727
20.586437225341797
29.54027557373047
22.079599380493164
18.41390609741211
21.057693481445312
25.858352661132812
14.433094024658203
22.245960235595703
25.3544864654541
20.316492080688477
21.028657913208008
27.877681732177734
26.71364974975586
20.316492080688477
22.765174865722656
25.529376983642578
13.619140625
28.645734786987305
26.61126136779785
17.00931167602539
24.579620361328125
26.092546463012695
24.35713768005371
19.334209442138672
27.51712417602539
23.349620819091797
21.29888916015625
19.303258895874023
14.674917221069336
22.19237518310547
21.852066040039062
30.333698272705078
22.247623443603516
19.631305694580078
30.580821990966797
18.992843627929688
23.81644058227539
22.16019058227539
17.525373458862305
25.65508270263672
26.74494171142578
24.018028259277344
17.733543395996094
23.71485710144043
29.93061637878418
20.023664474487305
18.983972549438477
21.128055572509766
26.092546463012695
22.061786651611328
26.71364974975586
26.37818145751953
25.61443519592285
22.442405700683594
18.989072799682617
15.641969680786133
22.00942611694336
22.765174865722656
26.52880096435547
20.091835021972656
28.680566787719727
17.530324935913086
14.659309387207031
19.649669647216797
23.405614852905273
19.895431518554688
29.02589988708496
21.95802116394043
22.19237518310547
15.538642883300781
26.584558486938477
26.61126136779785
25.743770599365234
22.387805938720703
23.341949462890625
27.8128719329834
17.595008850097656
25.716018676757812
16.971477508544922
26.481910705566406
27.59882164001465
30.45010757446289
20.081636428833008
31.323261260986328
29.02589988708496
28.25255584716797
30.45010757446289
17.733543395996094
21.002685546875
15.930295944213867
16.894460678100586
20.623350143432617
16.611743927001953
27.8128719329834
22.383277893066406
18.2261905670166
21.586910247802734
18.2261905670166
25.191923141479492
18.994136810302734
28.680566787719727
21.329526901245117
26.74494171142578
30.45010757446289
25.506929397583008
18.989072799682617
24.235553741455078
20.747493743896484
26.61126136779785
18.33254623413086
26.15350914001465
28.0470027923584
23.25432014465332
26.65590476989746
28.25255584716797
24.649152755737305
22.39456558227539
19.05230712890625
29.02589988708496
23.94561004638672
26.447887420654297
19.670734405517578
28.918180465698242
27.02364158630371
46.79563522338867
28.128677368164062
23.81644058227539
18.237730026245117
22.765174865722656
22.19237518310547
25.595970153808594
14.228496551513672
26.317394256591797
43.31577682495117
25.088085174560547
25.459945678710938
26.65590476989746
20.385461807250977
18.989072799682617
27.127593994140625
16.212528228759766
17.012126922607422
27.02364158630371
15.264404296875
22.89337158203125
18.721385955810547
15.191276550292969
13.619140625
34.924625396728516
19.143463134765625
16.91347885131836
19.685062408447266
20.180606842041016
26.74494171142578
20.586437225341797
22.450096130371094
24.43345069885254
32.157135009765625
23.959754943847656
24.458343505859375
26.15350914001465
27.02364158630371
18.246585845947266
19.35894012451172
29.752685546875
25.93605613708496
19.83856201171875
23.526689529418945
26.51601791381836
13.742944717407227
20.772239685058594
20.586437225341797
24.41310691833496
19.631305694580078
23.456266403198242
29.218223571777344
22.494197845458984
18.2261905670166
28.659217834472656
25.61443519592285
16.78728485107422
15.20486831665039
21.70903778076172
20.180606842041016
18.983972549438477
22.494197845458984
20.17239761352539
18.994136810302734
26.092546463012695
24.579620361328125
24.018028259277344
20.316492080688477
21.68973731994629
27.124717712402344
21.057693481445312
20.673927307128906
17.34046745300293
28.893022537231445
23.68890380859375
18.92447853088379
24.863454818725586
19.680072784423828
20.385461807250977
26.584558486938477
26.40670394897461
27.032291412353516
19.45315170288086
20.68158721923828
20.623350143432617
17.733543395996094
21.002685546875
24.73472023010254
22.255191802978516
20.316492080688477
20.586437225341797
13.926082611083984
20.772239685058594
27.59882164001465
26.092546463012695
24.878314971923828
15.487699508666992
25.61443519592285
23.526689529418945
25.395566940307617
24.513124465942383
30.45010757446289
20.772239685058594
31.00871467590332
22.203166961669922
26.412817001342773
27.032291412353516
18.837236404418945
21.002685546875
25.478775024414062
18.405384063720703
18.571861267089844
18.955028533935547
24.649152755737305
27.02364158630371
25.57162857055664
27.124717712402344
26.092546463012695
28.038721084594727
27.02364158630371
29.752685546875
18.58157730102539
22.442405700683594
19.895431518554688
18.33254623413086
23.920440673828125
23.271631240844727
27.393583297729492
18.040271759033203
16.91347885131836
20.586437225341797
31.671207427978516
19.895431518554688
21.002685546875
31.671207427978516
24.554981231689453
16.240127563476562
26.339088439941406
26.317394256591797
25.61443519592285
32.433265686035156
15.983449935913086
27.597023010253906
22.182750701904297
27.993144989013672
18.601490020751953
19.895431518554688
38.202423095703125
29.07013702392578
19.808727264404297
20.16878890991211
19.45315170288086
19.027328491210938
16.565893173217773
20.05101776123047
18.2261905670166
25.65508270263672
27.051977157592773
24.821109771728516
33.519805908203125
19.894901275634766
26.344615936279297
27.023582458496094
31.670873641967773
19.903900146484375
16.26787567138672
26.61172103881836
25.615394592285156
31.338680267333984
32.60878372192383
24.071796417236328
20.68172836303711
26.745168685913086
36.56217956542969
25.06546401977539
25.06546401977539
30.172136306762695
30.172136306762695
30.172136306762695
30.558109283447266
34.9604377746582
41.037513732910156
24.50560760498047
29.064481735229492
37.73267364501953
45.56852722167969
55.09815979003906
30.878877639770508
28.827970504760742
28.998153686523438
30.62096405029297
27.212486267089844
30.333738327026367
29.387121200561523
35.299339294433594
35.299339294433594
28.208078384399414
35.299339294433594
28.432071685791016
29.81081771850586
41.090553283691406
30.500568389892578
50.29412078857422
35.95734405517578
29.693681716918945
42.006500244140625
29.653884887695312
41.79170608520508
41.30603790283203
41.42213439941406
19.058040618896484
28.504535675048828
29.668079376220703
45.33097839355469
41.30603790283203
41.88356018066406
41.30603790283203
37.548675537109375
41.30603790283203
41.30603790283203
41.30603790283203
41.30603790283203
41.30603790283203
41.30603790283203
41.30603790283203
41.30603790283203
41.30603790283203
41.30603790283203
41.30603790283203
41.30603790283203
41.30603790283203
41.30603790283203
41.30603790283203
41.30603790283203
41.30603790283203
41.30603790283203
29.46745491027832
29.784542083740234
29.67038917541504
29.68068504333496
34.0048828125
29.58538818359375
29.78420639038086
29.803308486938477
38.76255416870117
24.25824546813965
24.25824546813965
22.361804962158203
46.33527374267578
30.490772247314453
29.795644760131836
22.620609283447266
29.85923194885254
29.795644760131836
22.821727752685547
29.660511016845703
20.291786193847656
22.920757293701172
18.40455436706543
15.980382919311523
30.102294921875
29.218223571777344
29.218223571777344
17.890182495117188
18.35990333557129
17.598291397094727
30.904417037963867
30.904417037963867
30.102294921875
32.913848876953125
18.126808166503906
27.123008728027344
19.876602172851562
65.61973571777344
20.582435607910156
24.50560760498047
35.66656494140625
29.303525924682617
27.571651458740234
29.795644760131836
30.31230926513672
34.81352996826172
29.77197265625
31.35987663269043
30.22560691833496
31.35987663269043
30.013639450073242
33.846527099609375
27.02056884765625
28.444133758544922
26.841215133666992
32.219783782958984
38.6656494140625
32.31438064575195
33.504859924316406
27.050777435302734
18.98293113708496
19.781139373779297
21.861513137817383
20.453088760375977
21.665966033935547
19.28874397277832
24.679792404174805
28.863525390625
24.579833984375
14.709209442138672
16.439279556274414
23.911029815673828
17.177257537841797
18.853160858154297
26.324893951416016
18.28463363647461
24.75908660888672
21.612064361572266
16.8447265625
29.882816314697266
22.216045379638672
20.212238311767578
15.999813079833984
17.763900756835938
24.94900131225586
22.6094913482666
22.6094913482666
22.6094913482666
24.94900131225586
24.94900131225586
28.599853515625
28.599853515625
18.986679077148438
18.986679077148438
24.94900131225586
28.14603042602539
29.62586212158203
21.57485008239746
19.077709197998047
22.6094913482666
14.801555633544922
29.175003051757812
26.212671279907227
15.995950698852539
16.360151290893555
17.27996253967285
16.466035842895508
19.077709197998047
16.502132415771484
16.010557174682617
20.721296310424805
20.212238311767578
20.212238311767578
20.212238311767578
23.911029815673828
19.096529006958008
18.636676788330078
18.356552124023438
24.94900131225586
19.482635498046875
17.763900756835938
17.763900756835938
24.94900131225586
27.068906784057617
23.841754913330078
20.316972732543945
20.212238311767578
23.911029815673828
25.397632598876953
20.212238311767578
19.077709197998047
14.835006713867188
19.780595779418945
22.473072052001953
22.996826171875
23.911029815673828
19.45377540588379
19.85395622253418
20.127460479736328
25.220815658569336
17.52975845336914
22.58933448791504
20.32135009765625
15.33940315246582
29.016353607177734
23.911029815673828
20.212238311767578
17.11990737915039
24.99086570739746
20.21297836303711
25.917415618896484
24.965715408325195
17.805612564086914
23.911029815673828
16.655574798583984
28.149738311767578
31.836767196655273
26.345705032348633
30.620098114013672
30.839988708496094
30.435657501220703
29.011335372924805
30.6922550201416
31.50711441040039
28.1944522857666
29.303525924682617
20.392343521118164
28.967241287231445
27.050777435302734
28.863525390625
24.579833984375
24.679792404174805
24.579833984375
20.453088760375977
21.861513137817383
20.453088760375977
18.00396728515625
17.668283462524414
17.049026489257812
19.781139373779297
18.98293113708496
19.781139373779297
36.55189895629883
29.175003051757812
55.96489715576172
25.399641036987305
22.012720108032227
25.399641036987305
16.519765853881836
25.399641036987305
22.012720108032227
25.399641036987305
17.84744644165039
29.328754425048828
21.460796356201172
17.20281219482422
25.679363250732422
23.73890495300293
23.175729751586914
25.335987091064453
22.50531578063965
25.335987091064453
25.335987091064453
22.50531578063965
14.9140625
22.874496459960938
20.265790939331055
22.874496459960938
21.426769256591797
20.89912986755371
21.935901641845703
21.908496856689453
21.63695526123047
20.17239761352539
19.589139938354492
20.17239761352539
25.753604888916016
29.03476333618164
25.753604888916016
20.99834632873535
19.03727149963379
27.339588165283203
23.364097595214844
20.355018615722656
18.986679077148438
18.986679077148438
18.986679077148438
28.599853515625
28.599853515625
28.599853515625
28.599853515625
18.986679077148438
28.599853515625
18.986679077148438
18.986679077148438
18.986679077148438
18.986679077148438
28.599853515625
28.599853515625
28.599853515625
16.1386775970459
18.852527618408203
22.874496459960938
20.265790939331055
22.874496459960938
20.34024429321289
21.61336898803711
25.335987091064453
22.50531578063965
25.335987091064453
22.892099380493164
25.335987091064453
22.50531578063965
29.343923568725586
28.45816421508789
29.343923568725586
18.121295928955078
27.74911880493164
29.499858856201172
29.499858856201172
19.72299575805664
25.335987091064453
22.50531578063965
25.335987091064453
22.50531578063965
25.335987091064453
21.810270309448242
21.32734489440918
17.2188720703125
26.16863441467285
26.477006912231445
15.458240509033203
22.821718215942383
19.23978042602539
22.821718215942383
26.344879150390625
19.755945205688477
26.344879150390625
15.491832733154297
20.790847778320312
21.90423583984375
21.462617874145508
22.119857788085938
22.821718215942383
19.23978042602539
22.821718215942383
29.222143173217773
29.218223571777344
29.222143173217773
21.72491455078125
23.385061264038086
26.344879150390625
19.755945205688477
26.344879150390625
26.344879150390625
19.755945205688477
25.335987091064453
22.50531578063965
24.076993942260742
18.625492095947266
26.16863441467285
26.477006912231445
26.16863441467285
25.335987091064453
21.53241729736328
22.490015029907227
28.656272888183594
22.490015029907227
28.967695236206055
23.458473205566406
28.967695236206055
28.967695236206055
29.62586212158203
28.14603042602539
29.62586212158203
29.62586212158203
28.14603042602539
39.307762145996094
22.565868377685547
20.02458953857422
25.202388763427734
22.345582962036133
25.202388763427734
26.212671279907227
29.175003051757812
26.212671279907227
20.804580688476562
18.85091781616211
22.788818359375
24.06768226623535
25.930837631225586
17.85126304626465
33.10481262207031
23.94782066345215
20.02458953857422
19.283615112304688
20.613773345947266
15.415340423583984
18.356552124023438
16.209226608276367
20.019927978515625
19.258943557739258
15.751523971557617
18.986679077148438
18.986679077148438
18.986679077148438
26.74427604675293
20.993408203125
26.08905029296875
16.858745574951172
18.986679077148438
18.986679077148438
18.986679077148438
18.986679077148438
18.986679077148438
30.102294921875
23.33948516845703
21.757070541381836
24.787216186523438
29.62586212158203
28.14603042602539
17.04866600036621
30.580821990966797
27.536609649658203
28.251556396484375
18.296422958374023
14.09405517578125
28.251556396484375
14.09405517578125
34.99648666381836
49.93471145629883
14.09405517578125
14.09405517578125
14.09405517578125
14.09405517578125
24.423072814941406
14.09405517578125
14.09405517578125
14.09405517578125
14.09405517578125
14.09405517578125
14.09405517578125
14.09405517578125
14.09405517578125
14.09405517578125
14.09405517578125
23.148303985595703
35.781494140625
28.251556396484375
14.09405517578125
14.09405517578125
23.148303985595703
14.09405517578125
14.09405517578125
14.09405517578125
23.148303985595703
14.09405517578125
14.09405517578125
34.094085693359375
14.09405517578125
14.09405517578125
23.148303985595703
26.90975570678711
18.86515235900879
14.09405517578125
14.09405517578125
23.148303985595703
14.09405517578125
14.09405517578125
14.09405517578125
23.148303985595703
14.09405517578125
14.09405517578125
14.09405517578125
14.09405517578125
23.148303985595703
18.860931396484375
17.744455337524414
14.09405517578125
18.766244888305664
18.489744186401367
14.09405517578125
23.148303985595703
14.09405517578125
14.09405517578125
14.09405517578125
14.09405517578125
23.148303985595703
21.2914981842041
17.54671859741211
14.09405517578125
14.09405517578125
23.148303985595703
25.68462371826172
14.09405517578125
14.09405517578125
19.16473388671875
16.71015739440918
33.462642669677734
19.254417419433594
14.09405517578125
14.09405517578125
23.148303985595703
25.249034881591797
25.249034881591797
18.726728439331055
20.666942596435547
25.249034881591797
23.148303985595703
25.249034881591797
25.249034881591797
23.148303985595703
24.165508270263672
24.165508270263672
26.90975570678711
19.70641326904297
24.165508270263672
24.165508270263672
25.284069061279297
23.163423538208008
25.284069061279297
24.299991607666016
23.148303985595703
24.48180389404297
24.48180389404297
23.74453353881836
26.634727478027344
23.148303985595703
24.48180389404297
24.48180389404297
19.58457374572754
24.449190139770508
18.85688018798828
24.48180389404297
30.99403953552246
23.148303985595703
21.2914981842041
17.552303314208984
28.343929290771484
27.77231788635254
24.91421890258789
18.625709533691406
16.627099990844727
23.74453353881836
20.815446853637695
24.50560760498047
26.264476776123047
18.2559814453125
24.91421890258789
18.259262084960938
25.284069061279297
22.941679000854492
19.20356559753418
19.20356559753418
18.237640380859375
17.94335174560547
33.462642669677734
19.6214599609375
18.04833221435547
18.35021209716797
18.275663375854492
23.148303985595703
19.114168167114258
25.284069061279297
18.44601058959961
24.91421890258789
18.13677978515625
17.907163619995117
17.87323760986328
25.26869773864746
17.94335174560547
19.54830551147461
19.116117477416992
18.778226852416992
18.740522384643555
18.204723358154297
25.26869773864746
18.241519927978516
25.26869773864746
23.148303985595703
25.26869773864746
33.462642669677734
22.999252319335938
25.26869773864746
27.350210189819336
17.067787170410156
17.574556350708008
25.268327713012695
27.349393844604492
19.474599838256836
19.00907325744629
15.184900283813477
32.913848876953125
28.937301635742188
29.93149185180664
26.052770614624023
29.93149185180664
26.052770614624023
20.217193603515625
19.392169952392578
19.03553581237793
23.744647979736328
19.731000900268555
23.022754669189453
13.867795944213867
15.509746551513672
19.00907325744629
14.840349197387695
23.33948516845703
21.757070541381836
23.022754669189453
17.450454711914062
23.33948516845703
23.33147621154785
20.8444766998291
21.064878463745117
25.23225975036621
39.164119720458984
23.022754669189453
16.365497589111328
16.73900604248047
29.93149185180664
26.052770614624023
22.43199348449707
29.93149185180664
26.052770614624023
22.43199348449707
29.278762817382812
25.704164505004883
26.468271255493164
15.094650268554688
23.33948516845703
21.757070541381836
22.14574432373047
25.704164505004883
26.468271255493164
27.71544647216797
25.704164505004883
26.468271255493164
27.71544647216797
30.540985107421875
30.9044189453125
30.9044189453125
30.9044189453125
19.027328491210938
19.02874755859375
25.704164505004883
26.468271255493164
27.71544647216797
23.33948516845703
21.757070541381836
24.78721809387207
25.704164505004883
26.468271255493164
27.71544647216797
25.704164505004883
20.305194854736328
19.971149444580078
23.135417938232422
22.009429931640625
20.463468551635742
19.356496810913086
15.85744857788086
22.009429931640625
20.463468551635742
29.62586212158203
28.14603042602539
29.62586212158203
29.62586212158203
28.14603042602539
53.430015563964844
18.481163024902344
16.80467414855957
19.733623504638672
26.468271255493164
27.71544647216797
15.751527786254883
27.114906311035156
24.496091842651367
27.114906311035156
22.86248779296875
27.94413948059082
24.801475524902344
22.773487091064453
27.94413948059082
24.801475524902344
27.94413948059082
20.142208099365234
20.790847778320312
21.904239654541016
21.462617874145508
17.22884750366211
22.565868377685547
20.877906799316406
23.94782066345215
20.02458953857422
19.283613204956055
20.02458953857422
25.202392578125
22.345584869384766
25.202392578125
20.453086853027344
21.861509323120117
20.453086853027344
19.781139373779297
18.98293113708496
19.781139373779297
22.009429931640625
20.463468551635742
15.312175750732422
26.839792251586914
52.669883728027344
26.212675094604492
29.175003051757812
26.212675094604492
15.717357635498047
18.648231506347656
16.313026428222656
18.35655403137207
18.49713897705078
20.019927978515625
27.94413948059082
24.801475524902344
21.29837989807129
23.137344360351562
26.437305450439453
21.432966232299805
15.870756149291992
23.4045467376709
16.27589988708496
16.75540542602539
18.631807327270508
19.540475845336914
22.22832489013672
23.577272415161133
33.644962310791016
24.32604217529297
21.655847549438477
17.364225387573242
17.273855209350586
15.756929397583008
19.089176177978516
18.31399917602539
22.874500274658203
20.265790939331055
22.874500274658203
22.039657592773438
15.493377685546875
25.93083381652832
22.68501091003418
22.788820266723633
16.28721046447754
22.64077377319336
25.917415618896484
24.965721130371094
21.433433532714844
14.573619842529297
25.399641036987305
22.012718200683594
25.399641036987305
18.19269561767578
25.335988998413086
22.50531578063965
25.335988998413086
25.335988998413086
22.50531578063965
27.906532287597656
28.152908325195312
27.906532287597656
25.335988998413086
22.50531578063965
25.335988998413086
20.332868576049805
23.697969436645508
21.74164581298828
25.335988998413086
22.50531578063965
21.62022590637207
25.335988998413086
22.50531578063965
25.335988998413086
35.20442199707031
19.538084030151367
35.20442199707031
25.335988998413086
22.50531578063965
25.335988998413086
22.50531578063965
25.335988998413086
23.857852935791016
23.859699249267578
22.606868743896484
22.664871215820312
28.863525390625
26.877891540527344
25.217262268066406
14.968141555786133
23.209074020385742
17.189525604248047
27.061084747314453
26.168630599975586
26.477006912231445
26.168630599975586
29.222143173217773
29.218223571777344
29.222143173217773
22.82171630859375
19.23978042602539
22.82171630859375
20.029571533203125
33.01446533203125
14.89828872680664
21.06665802001953
30.184085845947266
21.06665802001953
23.631364822387695
25.335988998413086
22.50531578063965
29.93149185180664
26.052770614624023
27.297775268554688
25.335988998413086
22.50531578063965
22.82171630859375
19.23978042602539
22.82171630859375
35.64199447631836
26.344879150390625
19.755949020385742
26.344879150390625
20.790847778320312
21.904239654541016
21.462617874145508
15.518461227416992
26.344879150390625
19.755949020385742
26.344879150390625
26.344879150390625
19.755949020385742
25.335988998413086
22.50531578063965
17.665813446044922
21.838409423828125
22.490013122558594
28.65627670288086
22.490110397338867
15.662311553955078
16.449832916259766
26.167579650878906
26.476238250732422
55.68343734741211
30.35077476501465
22.6574649810791
24.722064971923828
22.446250915527344
67.9026107788086
28.251556396484375
36.716796875
25.284069061279297
17.085025787353516
24.60031509399414
17.888681411743164
18.860933303833008
26.264474868774414
31.39020538330078
26.90975570678711
33.775028228759766
29.81329345703125
32.175445556640625
18.625709533691406
18.89691734313965
18.860933303833008
24.423070907592773
23.74453353881836
31.562685012817383
33.46263885498047
20.615753173828125
25.284069061279297
17.504688262939453
25.284069061279297
19.92082405090332
18.12861442565918
25.284069061279297
24.031225204467773
22.286020278930664
19.412555694580078
27.350210189819336
17.86663818359375
26.654680252075195
23.36447525024414
36.464576721191406
35.73030090332031
33.46263885498047
17.75481414794922
18.249797821044922
19.190933227539062
30.527549743652344
24.423070907592773
18.284547805786133
24.423070907592773
33.46263885498047
33.46263885498047
24.6169490814209
24.6169490814209
23.05325698852539
24.6169490814209
20.52904510498047
19.05712890625
26.90975570678711
17.916015625
36.523826599121094
54.605037689208984
18.860933303833008
22.963603973388672
18.860933303833008
18.865968704223633
28.317642211914062
68.85772705078125
27.350210189819336
18.27058982849121
18.63346290588379
18.860933303833008
19.46319007873535
23.74453353881836
19.309635162353516
19.309635162353516
18.666820526123047
19.309635162353516
25.284069061279297
18.85688018798828
21.501222610473633
23.559242248535156
27.350210189819336
19.345733642578125
23.36447525024414
19.30438232421875
18.335102081298828
26.264474868774414
20.188600540161133
23.74453353881836
18.890228271484375
19.417144775390625
22.83597755432129
25.284069061279297
19.001323699951172
34.094085693359375
27.350210189819336
24.50560760498047
27.350210189819336
19.8184871673584
19.050443649291992
18.72311782836914
19.050443649291992
18.890228271484375
19.032604217529297
19.65636444091797
19.032604217529297
19.032604217529297
19.032604217529297
19.032604217529297
19.032604217529297
23.615921020507812
19.032604217529297
23.74453353881836
18.967424392700195
19.032604217529297
18.937395095825195
33.46263885498047
19.199020385742188
33.46263885498047
19.50360679626465
19.032604217529297
21.840574264526367
19.032604217529297
19.032604217529297
19.032604217529297
19.65636444091797
19.032604217529297
19.032573699951172
19.032573699951172
19.032573699951172
19.032573699951172
19.032573699951172
19.032573699951172
19.032573699951172
19.032573699951172
19.65632438659668
20.234031677246094
19.032573699951172
18.57267189025879
19.032573699951172
18.080848693847656
19.032573699951172
19.032573699951172
18.760290145874023
19.032573699951172
18.080848693847656
19.65632438659668
21.307628631591797
17.946361541748047
20.89177894592285
18.080848693847656
18.080848693847656
