17.2316837310791
19.163549423217773
26.88735580444336
21.998077392578125
21.15016746520996
22.534656524658203
10.662033081054688
27.19968605041504
20.380718231201172
21.14963722229004
13.052227020263672
15.667106628417969
39.012359619140625
10.754232406616211
15.236791610717773
19.989431381225586
25.331035614013672
17.447132110595703
14.531335830688477
16.019062042236328
24.464725494384766
23.837284088134766
22.270395278930664
20.380718231201172
18.0128173828125
10.449073791503906
16.701017379760742
24.32625961303711
28.60923194885254
16.55116844177246
11.300727844238281
16.382402420043945
18.865774154663086
14.890762329101562
14.879352569580078
19.878021240234375
20.380718231201172
19.018733978271484
21.330467224121094
37.009986877441406
23.568998336791992
27.626750946044922
15.594430923461914
15.879766464233398
10.497495651245117
16.28329086303711
11.535310745239258
15.48615837097168
14.756217956542969
17.958303451538086
17.967309951782227
24.647741317749023
25.311925888061523
22.411705017089844
23.389074325561523
16.36195182800293
14.879352569580078
16.382402420043945
24.292234420776367
26.199752807617188
11.252099990844727
26.30303955078125
15.538387298583984
19.163549423217773
23.862985610961914
19.857349395751953
19.24567222595215
32.67430114746094
31.026119232177734
14.879352569580078
19.537853240966797
32.4039192199707
24.267005920410156
15.096389770507812
20.491771697998047
18.200469970703125
14.529731750488281
19.751750946044922
22.832487106323242
15.511964797973633
22.171939849853516
26.382417678833008
29.556211471557617
21.20888900756836
23.862985610961914
23.012693405151367
11.108596801757812
18.408588409423828
25.090972900390625
23.565624237060547
20.29155158996582
27.19968605041504
23.189403533935547
26.30303955078125
23.044004440307617
25.259706497192383
22.287954330444336
15.538387298583984
23.837284088134766
24.464725494384766
17.808349609375
12.742681503295898
26.827537536621094
17.289535522460938
27.05937957763672
19.249500274658203
15.693103790283203
18.167402267456055
23.9538516998291
10.414512634277344
17.295360565185547
23.012693405151367
17.52360725402832
18.13791847229004
24.84324836730957
23.892351150512695
17.52360725402832
20.34796142578125
23.443714141845703
9.678781509399414
26.096160888671875
23.565624237060547
13.431417465209961
23.18986701965332
22.270395278930664
21.062576293945312
16.483287811279297
24.464725494384766
19.97914695739746
18.661678314208984
16.38955307006836
11.080585479736328
18.865774154663086
19.479267120361328
28.655258178710938
19.667253494262695
16.700063705444336
29.190214157104492
15.244499206542969
21.71951675415039
19.084983825683594
14.463294982910156
22.628217697143555
25.259706497192383
20.959959030151367
14.58743667602539
21.20888900756836
28.15274429321289
16.113021850585938
16.28329086303711
18.386375427246094
22.270395278930664
19.44736671447754
23.892351150512695
23.462400436401367
22.54954719543457
19.838911056518555
16.36195182800293
12.394981384277344
19.301372528076172
20.34796142578125
24.69782257080078
16.49911117553711
26.827537536621094
13.917583465576172
10.487510681152344
17.108104705810547
21.093107223510742
16.382402420043945
26.30303955078125
19.34455680847168
18.865774154663086
11.890533447265625
24.414424896240234
23.565624237060547
22.839664459228516
19.094942092895508
19.73943519592285
24.742298126220703
13.840633392333984
22.736446380615234
13.32697868347168
23.59834861755371
24.647741317749023
27.19968605041504
15.617986679077148
28.493030548095703
26.30303955078125
25.348888397216797
27.19968605041504
14.58743667602539
17.808349609375
12.612018585205078
13.29422378540039
17.763166427612305
13.60137939453125
24.742298126220703
19.317428588867188
14.879352569580078
18.199880599975586
14.879352569580078
23.078960418701172
15.759716033935547
26.827537536621094
18.35152244567871
25.259706497192383
27.19968605041504
22.084503173828125
16.36195182800293
21.876708984375
17.856781005859375
23.565624237060547
15.213184356689453
24.313373565673828
25.954187393188477
20.420307159423828
23.518449783325195
25.348888397216797
22.1935977935791
19.695537567138672
16.35174560546875
26.30303955078125
20.643226623535156
25.036842346191406
17.052566528320312
25.714441299438477
23.862985610961914
47.386959075927734
28.18364906311035
21.71951675415039
15.245222091674805
20.34796142578125
18.865774154663086
22.69179344177246
10.407598495483398
24.222951889038086
44.457069396972656
21.866451263427734
23.19464874267578
23.518449783325195
17.067787170410156
16.36195182800293
23.35399627685547
13.06204605102539
14.065876007080078
23.862985610961914
11.713157653808594
19.537853240966797
13.466171264648438
11.803272247314453
9.678781509399414
35.04738998413086
16.37052345275879
13.526277542114258
16.72895622253418
17.2316837310791
25.259706497192383
17.289535522460938
19.103412628173828
21.418325424194336
30.653886795043945
20.753877639770508
22.19393539428711
24.313373565673828
23.862985610961914
15.212770462036133
15.824859619140625
27.868261337280273
24.257583618164062
17.1116943359375
20.380718231201172
23.463796615600586
9.672657012939453
18.271949768066406
17.289535522460938
21.94581413269043
16.700063705444336
20.90360450744629
26.199752807617188
19.917997360229492
14.879352569580078
26.160255432128906
22.54954719543457
13.833854675292969
11.451347351074219
19.97441291809082
17.2316837310791
16.28329086303711
19.917997360229492
16.669376373291016
15.759716033935547
22.270395278930664
23.18986701965332
20.959959030151367
17.52360725402832
18.76836585998535
24.547731399536133
18.167402267456055
17.80596351623535
14.17532730102539
27.622297286987305
21.02267074584961
15.861927032470703
22.91371726989746
17.06407356262207
17.067787170410156
24.414424896240234
23.89531707763672
25.331035614013672
16.55116844177246
18.0128173828125
17.763166427612305
14.58743667602539
17.808349609375
21.990493774414062
19.163549423217773
17.52360725402832
17.289535522460938
10.520896911621094
18.271949768066406
24.647741317749023
22.270395278930664
24.964519500732422
12.181818008422852
22.54954719543457
20.380718231201172
22.411705017089844
21.289234161376953
27.19968605041504
18.271949768066406
29.070688247680664
19.751750946044922
23.573806762695312
25.331035614013672
16.09445571899414
17.808349609375
22.370140075683594
14.890762329101562
15.236791610717773
16.089740753173828
22.1935977935791
23.862985610961914
22.287954330444336
24.547731399536133
22.270395278930664
25.972898483276367
23.862985610961914
27.868261337280273
15.548988342285156
19.838911056518555
16.382402420043945
15.213184356689453
20.82071304321289
20.93276023864746
24.204416275024414
16.064102172851562
13.526277542114258
17.289535522460938
30.067461013793945
16.382402420043945
17.808349609375
30.067461013793945
21.913644790649414
12.972618103027344
23.424528121948242
24.222951889038086
22.54954719543457
30.02315330505371
12.983146667480469
24.624027252197266
19.009136199951172
25.051969528198242
15.613636016845703
16.382402420043945
37.56220245361328
26.03342056274414
17.725563049316406
18.302364349365234
16.55116844177246
15.78447151184082
13.507343292236328
16.471609115600586
14.879352569580078
22.628217697143555
25.051115036010742
21.518539428710938
32.74153518676758
16.381845474243164
23.043842315673828
23.86292839050293
30.067041397094727
16.4465274810791
13.177850723266602
23.566085815429688
22.550395965576172
29.943283081054688
30.12143898010254
21.103271484375
18.012928009033203
25.26004981994629
35.47512435913086
24.070180892944336
24.070180892944336
27.679702758789062
27.679702758789062
27.679702758789062
28.601499557495117
33.11932373046875
41.51239776611328
21.80594253540039
27.14389991760254
37.459712982177734
44.8947868347168
53.785892486572266
28.62845230102539
25.747989654541016
26.05991554260254
27.975032806396484
23.97260284423828
27.472522735595703
26.334089279174805
33.402374267578125
33.402374267578125
25.806365966796875
33.402374267578125
25.951364517211914
27.363834381103516
41.30839920043945
25.545883178710938
50.713172912597656
33.397159576416016
24.818994522094727
41.340885162353516
24.81287384033203
39.47062683105469
38.766788482666016
38.90744400024414
15.830982208251953
24.10980796813965
24.790569305419922
43.74214172363281
38.766788482666016
42.87506103515625
38.766788482666016
35.75958251953125
38.766788482666016
38.766788482666016
38.766788482666016
38.766788482666016
38.766788482666016
38.766788482666016
38.766788482666016
38.766788482666016
38.766788482666016
38.766788482666016
38.766788482666016
38.766788482666016
38.766788482666016
38.766788482666016
38.766788482666016
38.766788482666016
38.766788482666016
38.766788482666016
24.639890670776367
24.886627197265625
24.762310028076172
24.848533630371094
30.776865005493164
24.639575958251953
25.08441734313965
24.93663787841797
38.79066467285156
22.27017593383789
22.27017593383789
18.901321411132812
45.28722381591797
26.059160232543945
25.254192352294922
19.556663513183594
25.386661529541016
25.254192352294922
20.15420150756836
25.109785079956055
17.340782165527344
20.341691970825195
15.841129302978516
12.625986099243164
28.692699432373047
26.199752807617188
26.199752807617188
14.575580596923828
15.686098098754883
14.281776428222656
29.361473083496094
29.361473083496094
28.692699432373047
29.0496826171875
14.80599594116211
25.281923294067383
17.215206146240234
65.75424194335938
17.943470001220703
21.80594253540039
35.93659210205078
25.111923217773438
25.005064010620117
25.254192352294922
25.87527847290039
32.67430114746094
25.28951644897461
26.913389205932617
25.779964447021484
26.913389205932617
27.228313446044922
29.761089324951172
24.346466064453125
24.323305130004883
22.952056884765625
29.91688346862793
35.32073974609375
28.54707908630371
29.38088035583496
24.128955841064453
15.383291244506836
16.184160232543945
19.304397583007812
17.05945587158203
16.246082305908203
15.975667953491211
22.180219650268555
26.037330627441406
22.086971282958984
10.828315734863281
12.610652923583984
20.853130340576172
13.779125213623047
15.807413101196289
24.411548614501953
15.216434478759766
21.787975311279297
19.314041137695312
13.424942016601562
27.11907196044922
18.83188819885254
17.38369369506836
12.365806579589844
14.662080764770508
22.268611907958984
19.696006774902344
19.696006774902344
19.696006774902344
22.268611907958984
22.268611907958984
25.09906768798828
25.09906768798828
15.938735961914062
15.938735961914062
22.268611907958984
24.59016227722168
26.637203216552734
18.89955711364746
16.071086883544922
19.696006774902344
11.294475555419922
25.89287757873535
22.883745193481445
12.499210357666016
12.804924011230469
13.900215148925781
13.055082321166992
16.071086883544922
13.000724792480469
12.373748779296875
17.88327980041504
17.38369369506836
17.38369369506836
17.38369369506836
20.853130340576172
16.006189346313477
15.517515182495117
15.313543319702148
22.268611907958984
16.996734619140625
14.662080764770508
14.662080764770508
22.268611907958984
25.44900131225586
20.28583335876465
14.39975357055664
17.38369369506836
20.853130340576172
24.302030563354492
17.38369369506836
16.071086883544922
11.246360778808594
16.311607360839844
19.492656707763672
19.98984718322754
20.853130340576172
16.084545135498047
13.758968353271484
17.7182559967041
21.338876724243164
14.300643920898438
19.398292541503906
17.652122497558594
11.679107666015625
26.184995651245117
20.853130340576172
17.38369369506836
13.711309432983398
22.251115798950195
17.448427200317383
23.255008697509766
21.95094871520996
15.095111846923828
20.853130340576172
13.041393280029297
26.76605987548828
27.85512924194336
22.977807998657227
26.213497161865234
26.40346336364746
26.792762756347656
25.714820861816406
26.22381591796875
27.023738861083984
25.556943893432617
25.111923217773438
17.59754180908203
25.755802154541016
24.128955841064453
26.037330627441406
22.086971282958984
22.180219650268555
22.086971282958984
17.05945587158203
19.304397583007812
17.05945587158203
14.695171356201172
14.469266891479492
13.51882553100586
16.184160232543945
15.383291244506836
16.184160232543945
34.59496307373047
25.89287757873535
54.2835693359375
22.509790420532227
19.37636947631836
22.509790420532227
13.212099075317383
22.509790420532227
19.37636947631836
22.509790420532227
14.327880859375
28.186054229736328
19.167556762695312
13.981822967529297
22.732154846191406
20.583507537841797
19.73516082763672
22.655597686767578
19.471797943115234
22.655597686767578
22.655597686767578
19.471797943115234
11.62191390991211
20.177942276000977
17.61173439025879
20.177942276000977
17.271480560302734
16.829063415527344
19.37499237060547
17.43402862548828
19.016826629638672
16.669376373291016
16.753108978271484
16.669376373291016
23.12529182434082
26.18614387512207
23.12529182434082
16.638471603393555
15.925107955932617
24.035173416137695
20.612361907958984
16.76738929748535
15.938735961914062
15.938735961914062
15.938735961914062
25.09906768798828
25.09906768798828
25.09906768798828
25.09906768798828
15.938735961914062
25.09906768798828
15.938735961914062
15.938735961914062
15.938735961914062
15.938735961914062
25.09906768798828
25.09906768798828
25.09906768798828
12.903579711914062
15.586235046386719
20.177942276000977
17.61173439025879
20.177942276000977
15.280872344970703
19.529708862304688
22.655597686767578
19.471797943115234
22.655597686767578
19.566434860229492
22.655597686767578
19.471797943115234
26.590681076049805
25.625837326049805
26.590681076049805
14.616107940673828
25.59490966796875
27.105619430541992
27.105619430541992
17.47641372680664
22.655597686767578
19.471797943115234
22.655597686767578
19.471797943115234
22.655597686767578
20.544189453125
18.53441619873047
14.010984420776367
22.420686721801758
23.19568634033203
11.721542358398438
19.624032974243164
16.110666275024414
19.624032974243164
23.044004440307617
16.305164337158203
23.044004440307617
11.720413208007812
17.6387939453125
19.550048828125
18.567848205566406
19.614957809448242
19.624032974243164
16.110666275024414
19.624032974243164
26.421863555908203
26.199752807617188
26.421863555908203
19.659563064575195
21.8204288482666
23.044004440307617
16.305164337158203
23.044004440307617
23.044004440307617
16.305164337158203
22.655597686767578
19.471797943115234
21.97551155090332
15.150093078613281
22.420686721801758
23.19568634033203
22.420686721801758
22.655597686767578
19.31474494934082
19.59170150756836
27.42976951599121
19.59170150756836
27.300945281982422
21.635101318359375
27.300945281982422
27.300945281982422
26.637203216552734
24.59016227722168
26.637203216552734
26.637203216552734
24.59016227722168
38.71173095703125
20.157690048217773
16.950115203857422
22.40573501586914
19.67040252685547
22.40573501586914
22.883745193481445
25.89287757873535
22.883745193481445
18.201065063476562
15.6126708984375
19.999767303466797
21.13117790222168
23.33932876586914
14.272747039794922
32.25079345703125
21.6343994140625
16.950115203857422
16.392118453979492
18.392623901367188
12.002059936523438
15.313543319702148
12.681634902954102
16.896038055419922
16.753217697143555
12.504554748535156
15.938735961914062
15.938735961914062
15.938735961914062
24.244699478149414
17.79132843017578
23.887107849121094
13.789361953735352
15.938735961914062
15.938735961914062
15.938735961914062
15.938735961914062
15.938735961914062
28.692699432373047
20.767417907714844
19.156940460205078
22.71868896484375
26.637203216552734
24.59016227722168
13.788841247558594
29.190214157104492
25.767358779907227
25.45737075805664
14.925569534301758
6.892757415771484
25.45737075805664
6.892757415771484
30.293624877929688
58.752716064453125
6.892757415771484
6.892757415771484
6.892757415771484
6.892757415771484
21.046934127807617
6.892757415771484
6.892757415771484
6.892757415771484
6.892757415771484
6.892757415771484
6.892757415771484
6.892757415771484
6.892757415771484
6.892757415771484
6.892757415771484
19.718700408935547
29.16919708251953
25.45737075805664
6.892757415771484
6.892757415771484
19.718700408935547
6.892757415771484
6.892757415771484
6.892757415771484
19.718700408935547
6.892757415771484
6.892757415771484
33.22425842285156
6.892757415771484
6.892757415771484
19.718700408935547
23.969175338745117
16.10253143310547
6.892757415771484
6.892757415771484
19.718700408935547
6.892757415771484
6.892757415771484
6.892757415771484
19.718700408935547
6.892757415771484
6.892757415771484
6.892757415771484
6.892757415771484
19.718700408935547
15.72555923461914
14.647911071777344
6.892757415771484
16.036962509155273
15.328514099121094
6.892757415771484
19.718700408935547
6.892757415771484
6.892757415771484
6.892757415771484
6.892757415771484
19.718700408935547
17.43411636352539
14.258962631225586
6.892757415771484
6.892757415771484
19.718700408935547
25.79899024963379
6.892757415771484
6.892757415771484
16.158462524414062
13.280242919921875
31.05874252319336
15.660268783569336
6.892757415771484
6.892757415771484
19.718700408935547
21.860673904418945
21.860673904418945
15.759841918945312
17.819040298461914
21.860673904418945
19.718700408935547
21.860673904418945
21.860673904418945
19.718700408935547
20.72867202758789
20.72867202758789
23.969175338745117
17.07126235961914
20.72867202758789
20.72867202758789
22.2504825592041
20.30068016052246
22.2504825592041
22.071157455444336
19.718700408935547
21.18960952758789
21.18960952758789
20.46320915222168
24.649938583374023
19.718700408935547
21.18960952758789
21.18960952758789
16.355026245117188
22.204355239868164
15.438684463500977
21.18960952758789
28.356918334960938
19.718700408935547
17.43411636352539
14.498592376708984
26.4931697845459
25.63516616821289
21.76520538330078
15.049434661865234
13.276832580566406
20.46320915222168
18.451637268066406
21.80594253540039
24.064329147338867
14.811311721801758
21.76520538330078
15.385139465332031
22.2504825592041
20.367990493774414
15.96866226196289
15.96866226196289
14.803165435791016
14.40521240234375
31.05874252319336
16.492456436157227
15.036460876464844
14.865413665771484
14.887466430664062
19.718700408935547
15.827764511108398
22.2504825592041
15.53091049194336
21.76520538330078
14.58292007446289
14.433082580566406
14.302480697631836
22.259078979492188
14.40521240234375
16.221437454223633
16.248210906982422
15.436471939086914
15.459907531738281
15.226520538330078
22.259078979492188
15.237476348876953
22.259078979492188
19.718700408935547
22.259078979492188
31.05874252319336
20.571186065673828
22.259078979492188
24.192415237426758
13.791471481323242
14.168212890625
22.25880241394043
24.191509246826172
16.778141021728516
16.022075653076172
11.543296813964844
29.0496826171875
26.292238235473633
27.630023956298828
23.35976219177246
27.630023956298828
23.35976219177246
15.542675018310547
14.195125579833984
14.128520965576172
21.272357940673828
16.216228485107422
19.293527603149414
10.039588928222656
12.249603271484375
16.022075653076172
11.312389373779297
20.767417907714844
19.156940460205078
19.293527603149414
14.4791259765625
20.767417907714844
21.318836212158203
17.979578018188477
18.280969619750977
23.213623046875
41.57189178466797
19.293527603149414
12.936237335205078
13.795337677001953
27.630023956298828
23.359760284423828
19.817138671875
27.630023956298828
23.359760284423828
19.817138671875
29.691404342651367
23.01183319091797
24.259723663330078
10.949670791625977
20.767417907714844
19.156938552856445
19.292802810668945
23.01183319091797
24.259723663330078
26.25739860534668
23.01183319091797
24.259723663330078
26.25739860534668
28.558650970458984
29.361473083496094
29.361473083496094
29.361473083496094
15.784469604492188
15.800498962402344
23.01183319091797
24.259723663330078
26.25739860534668
20.767417907714844
19.156938552856445
22.71868896484375
23.01183319091797
24.259723663330078
26.25739860534668
23.01183319091797
17.091337203979492
16.774158477783203
20.84801483154297
19.301372528076172
17.607099533081055
16.23377799987793
12.517366409301758
19.301372528076172
17.607099533081055
26.63719940185547
24.590160369873047
26.63719940185547
26.63719940185547
24.590160369873047
52.42626190185547
14.695428848266602
13.757713317871094
16.699363708496094
24.259723663330078
26.25739860534668
12.504554748535156
24.840198516845703
21.898212432861328
24.840198516845703
21.415382385253906
24.859622955322266
21.9904727935791
19.88610076904297
24.859622955322266
21.9904727935791
24.859622955322266
16.32509994506836
17.638790130615234
19.550048828125
18.56785011291504
13.902275085449219
20.157686233520508
18.272794723510742
21.6343994140625
16.950115203857422
16.392118453979492
16.950115203857422
22.40573501586914
19.67040252685547
22.40573501586914
17.05945587158203
19.304397583007812
17.05945587158203
16.184160232543945
15.383291244506836
16.184160232543945
19.301372528076172
17.607099533081055
11.876001358032227
25.298046112060547
53.11348342895508
22.88374900817871
25.89287757873535
22.88374900817871
12.529407501220703
14.688882827758789
12.855356216430664
15.313543319702148
14.922662734985352
16.896038055419922
24.859622955322266
21.9904727935791
18.5499267578125
20.16815185546875
23.35480499267578
18.674341201782227
12.099285125732422
20.992555618286133
12.957563400268555
13.240676879882812
15.300403594970703
16.492115020751953
19.18061065673828
20.226619720458984
32.93141174316406
20.87848472595215
16.069061279296875
14.235628128051758
14.428022384643555
12.226919174194336
16.53203582763672
15.318565368652344
20.177942276000977
17.611730575561523
20.177942276000977
18.530059814453125
12.178966522216797
23.33932876586914
19.803314208984375
19.999767303466797
12.848670959472656
18.664087295532227
23.255008697509766
21.95094871520996
19.672805786132812
10.96212387084961
22.509790420532227
19.37636947631836
22.509790420532227
15.452953338623047
22.655597686767578
19.4717960357666
22.655597686767578
22.655597686767578
19.4717960357666
25.200374603271484
25.586164474487305
25.200374603271484
22.655597686767578
19.4717960357666
22.655597686767578
17.631160736083984
21.25810432434082
18.949718475341797
22.655597686767578
19.4717960357666
17.336973190307617
22.655597686767578
19.4717960357666
22.655597686767578
33.72673034667969
17.209327697753906
33.72673034667969
22.655597686767578
19.4717960357666
22.655597686767578
19.4717960357666
22.655597686767578
20.102249145507812
21.439590454101562
20.041343688964844
20.030210494995117
26.03732681274414
23.62797737121582
21.79944610595703
11.25883674621582
20.192344665527344
13.816926956176758
24.04485511779785
22.420686721801758
23.19568634033203
22.420686721801758
26.421863555908203
26.199752807617188
26.421863555908203
19.624032974243164
16.110666275024414
19.624032974243164
16.216304779052734
30.538557052612305
10.92654037475586
18.26372718811035
28.04861831665039
18.26372718811035
21.13640594482422
22.655597686767578
19.4717960357666
27.630023956298828
23.359760284423828
25.744197845458984
22.655597686767578
19.4717960357666
19.624032974243164
16.110666275024414
19.624032974243164
35.52509689331055
23.044004440307617
16.30516242980957
23.044004440307617
17.638790130615234
19.550048828125
18.56785011291504
11.876102447509766
23.044004440307617
16.30516242980957
23.044004440307617
23.044004440307617
16.30516242980957
22.655597686767578
19.4717960357666
14.718482971191406
18.179855346679688
19.591703414916992
27.42976951599121
19.591766357421875
12.22909164428711
13.230081558227539
22.419525146484375
23.19476890563965
55.27046203613281
30.518741607666016
19.543087005615234
22.7698974609375
18.689701080322266
82.1063232421875
25.457374572753906
36.854347229003906
22.25048065185547
13.582572937011719
21.987024307250977
15.10299301147461
15.725563049316406
24.064329147338867
29.733474731445312
23.96917724609375
32.045936584472656
27.985553741455078
30.588214874267578
15.0494384765625
15.496696472167969
15.725563049316406
21.046937942504883
20.463211059570312
29.708023071289062
31.05874252319336
18.264551162719727
22.25048065185547
14.285932540893555
22.25048065185547
17.140182495117188
14.96114730834961
22.25048065185547
21.40409278869629
20.21533966064453
16.293027877807617
24.192415237426758
14.81418228149414
25.428579330444336
20.20363426208496
36.624778747558594
35.637821197509766
31.05874252319336
14.554119110107422
15.034664154052734
16.056095123291016
28.202510833740234
21.046937942504883
15.028926849365234
21.046937942504883
31.05874252319336
31.05874252319336
22.75487518310547
22.75487518310547
20.421003341674805
22.75487518310547
17.645803451538086
15.839183807373047
23.96917724609375
14.510612487792969
35.98969650268555
53.05162811279297
15.725563049316406
20.316448211669922
15.725563049316406
15.65652847290039
26.983154296875
66.51893615722656
24.192415237426758
14.943164825439453
15.280029296875
15.725563049316406
16.55418586730957
20.463211059570312
15.718639373779297
15.718639373779297
15.082073211669922
15.718639373779297
22.25048065185547
15.438688278198242
18.327062606811523
20.553058624267578
24.192415237426758
16.392654418945312
20.20363426208496
16.043537139892578
14.994815826416016
24.064329147338867
17.504253387451172
20.463211059570312
15.346635818481445
16.401575088500977
19.775983810424805
22.25048065185547
16.020626068115234
33.224266052246094
24.192415237426758
21.80594253540039
24.192415237426758
16.776456832885742
15.878681182861328
15.329978942871094
15.878681182861328
15.346635818481445
15.474254608154297
16.223623275756836
15.474254608154297
15.474254608154297
15.474254608154297
15.474254608154297
15.474254608154297
20.836917877197266
15.474254608154297
20.463211059570312
15.393604278564453
15.474254608154297
16.193445205688477
31.05874252319336
16.23819351196289
31.05874252319336
16.495769500732422
15.474254608154297
19.623432159423828
15.474254608154297
15.474254608154297
15.474254608154297
16.223623275756836
15.474254608154297
15.474212646484375
15.474212646484375
15.474212646484375
15.474212646484375
15.474212646484375
15.474212646484375
15.474212646484375
15.474212646484375
16.223529815673828
17.335769653320312
15.474212646484375
15.320137023925781
15.474212646484375
14.774396896362305
15.474212646484375
15.474212646484375
15.566156387329102
15.474212646484375
14.774396896362305
16.223529815673828
18.0557861328125
14.5335693359375
18.21475601196289
14.774396896362305
14.774396896362305
