26.07516860961914
28.71115493774414
32.636837005615234
29.94215965270996
29.43779754638672
30.494388580322266
21.652572631835938
37.47182083129883
29.640071868896484
28.584854125976562
22.83047866821289
24.452346801757812
35.99420928955078
22.475343704223633
25.587730407714844
26.941055297851562
31.145429611206055
27.953369140625
22.964107513427734
26.612987518310547
32.956260681152344
32.689178466796875
33.42256546020508
29.640071868896484
26.307523727416992
22.336063385009766
24.761789321899414
32.813228607177734
32.98741912841797
25.222030639648438
22.21849250793457
27.118507385253906
28.865806579589844
25.783863067626953
25.304473876953125
27.594623565673828
29.640071868896484
30.853485107421875
31.13205337524414
39.38761901855469
29.149858474731445
31.795207977294922
25.951093673706055
24.19852638244629
22.456573486328125
25.13473129272461
22.849864959716797
24.551088333129883
24.957571029663086
28.52813720703125
27.156206130981445
33.08327102661133
31.01858139038086
31.616716384887695
30.01323699951172
24.673526763916016
25.304473876953125
27.118507385253906
31.388484954833984
35.49903869628906
22.525169372558594
34.778358459472656
26.444664001464844
28.71115493774414
33.318172454833984
27.621305465698242
28.343036651611328
39.164127349853516
34.86797332763672
25.304473876953125
29.63112449645996
38.71875762939453
34.56426239013672
25.64609718322754
28.663482666015625
26.684696197509766
31.760316848754883
27.60186767578125
31.67157745361328
29.714319229125977
28.08370018005371
31.879798889160156
37.08421325683594
28.937854766845703
33.318172454833984
30.219390869140625
22.00518035888672
26.928844451904297
33.650535583496094
32.426666259765625
28.23814582824707
37.47182083129883
30.629352569580078
34.778358459472656
32.83652114868164
30.078519821166992
32.731605529785156
26.444664001464844
32.689178466796875
32.956260681152344
27.679115295410156
23.69577407836914
33.067256927490234
27.021419525146484
34.10578155517578
28.301773071289062
24.30025291442871
26.47820281982422
29.541000366210938
22.46021842956543
33.1896858215332
30.219390869140625
26.384822845458984
26.501270294189453
34.421058654785156
31.95916748046875
26.384822845458984
28.037918090820312
28.894676208496094
21.79096031188965
32.87925338745117
32.426666259765625
23.874736785888672
28.237422943115234
33.42256546020508
31.338340759277344
25.13703155517578
32.956260681152344
30.095888137817383
26.75027084350586
25.757312774658203
22.347129821777344
28.865806579589844
26.742935180664062
32.58716583251953
28.11587905883789
26.269489288330078
33.75798797607422
26.26361083984375
28.303617477416992
28.957326889038086
23.758337020874023
31.833236694335938
30.078519821166992
29.98839569091797
23.90155029296875
28.937854766845703
35.2776985168457
26.77658462524414
25.13473129272461
27.27242660522461
33.42256546020508
27.87088394165039
31.95916748046875
32.30682373046875
32.27587127685547
28.07853126525879
24.673526763916016
22.458148956298828
27.786727905273438
28.037918090820312
30.377901077270508
27.289613723754883
33.067256927490234
24.857826232910156
22.85494613647461
24.85752296447754
28.72968864440918
27.118507385253906
34.778358459472656
27.363731384277344
28.865806579589844
22.809452056884766
30.61417007446289
32.426666259765625
31.723796844482422
28.59803009033203
32.55039978027344
33.630104064941406
24.632780075073242
31.787118911743164
24.477951049804688
32.048744201660156
33.08327102661133
37.47182083129883
29.187057495117188
36.185935974121094
34.778358459472656
33.89773178100586
37.47182083129883
23.90155029296875
27.679115295410156
22.73320770263672
24.045860290527344
26.93872833251953
23.161924362182617
33.630104064941406
28.681865692138672
25.304473876953125
28.392995834350586
25.304473876953125
28.61248779296875
26.054061889648438
33.067256927490234
26.87578582763672
30.078519821166992
37.47182083129883
33.058937072753906
24.673526763916016
31.99117660522461
26.9212703704834
32.426666259765625
24.749134063720703
30.068485260009766
30.55194664001465
28.336647033691406
32.958595275878906
33.89773178100586
30.015533447265625
28.224199295043945
24.917945861816406
34.778358459472656
31.169921875
29.47216033935547
25.26592254638672
35.09042739868164
33.318172454833984
45.67949676513672
30.41585350036621
28.303617477416992
24.74055290222168
28.037918090820312
28.865806579589844
31.42467498779297
22.06157684326172
30.44576072692871
40.522003173828125
31.52322769165039
29.35291862487793
32.958595275878906
26.88860321044922
24.673526763916016
34.685882568359375
22.997581481933594
23.555339813232422
33.318172454833984
22.506010055541992
29.63112449645996
30.701448440551758
22.40021324157715
21.79096031188965
36.01467514038086
25.07284164428711
23.729461669921875
25.57672691345215
26.07516860961914
30.078519821166992
27.021419525146484
29.293174743652344
30.739660263061523
34.813594818115234
30.76309585571289
28.183696746826172
30.068485260009766
33.318172454833984
24.366178512573242
26.70026397705078
34.264705657958984
29.838396072387695
25.542129516601562
29.640071868896484
32.7072868347168
21.95351791381836
25.95844268798828
27.021419525146484
29.392745971679688
26.269489288330078
28.60192108154297
35.49903869628906
27.919408798217773
25.304473876953125
33.18231964111328
32.27587127685547
23.358333587646484
22.857572555541992
26.01970672607422
26.07516860961914
25.13473129272461
27.919408798217773
27.442310333251953
26.054061889648438
33.42256546020508
28.237422943115234
29.98839569091797
26.384822845458984
27.48481559753418
32.29491424560547
26.47820281982422
26.816194534301758
23.89906883239746
31.028247833251953
29.991649627685547
25.85165786743164
29.109127044677734
25.64482879638672
26.88860321044922
30.61417007446289
32.43144989013672
31.145429611206055
25.222030639648438
26.307523727416992
26.93872833251953
23.90155029296875
27.679115295410156
29.8250732421875
28.71115493774414
26.384822845458984
27.021419525146484
21.50191879272461
25.95844268798828
33.08327102661133
33.42256546020508
27.360008239746094
22.259998321533203
32.27587127685547
29.640071868896484
31.616716384887695
29.998516082763672
37.47182083129883
25.95844268798828
35.64775466918945
27.60186767578125
32.18045425415039
31.145429611206055
24.682710647583008
27.679115295410156
31.35474967956543
25.783863067626953
25.587730407714844
25.142578125
30.015533447265625
33.318172454833984
32.731605529785156
32.29491424560547
33.42256546020508
31.23956298828125
33.318172454833984
34.264705657958984
25.496679306030273
28.07853126525879
27.118507385253906
24.749134063720703
29.735366821289062
28.698230743408203
34.06581115722656
23.632341384887695
23.729461669921875
27.021419525146484
34.7486457824707
27.118507385253906
27.679115295410156
34.7486457824707
30.124414443969727
23.058666229248047
31.965007781982422
30.44576072692871
32.27587127685547
36.06707763671875
22.84195899963379
33.39539337158203
28.73590850830078
33.77751159667969
25.402095794677734
27.118507385253906
37.64155578613281
34.72230529785156
24.697010040283203
24.744077682495117
25.222030639648438
25.835391998291016
22.732807159423828
27.351184844970703
25.304473876953125
31.833236694335938
32.554039001464844
31.172325134277344
34.45822525024414
27.118045806884766
32.83616638183594
33.31819534301758
34.748592376708984
26.92055892944336
23.342029571533203
32.427059173583984
32.276790618896484
33.67131042480469
35.56708526611328
31.575286865234375
26.307802200317383
30.07854461669922
38.1900749206543
28.775936126708984
28.775936126708984
35.860782623291016
35.860782623291016
35.860782623291016
33.87641143798828
38.34832000732422
43.967124938964844
30.202659606933594
34.44059371948242
41.863250732421875
49.9766845703125
59.710693359375
34.34305191040039
34.587738037109375
34.36988830566406
35.3189582824707
33.43479919433594
35.57725524902344
35.14463806152344
37.84709548950195
37.84709548950195
32.925445556640625
37.84709548950195
32.760887145996094
34.367820739746094
39.999820709228516
42.56983184814453
45.180206298828125
43.52431869506836
41.81755828857422
41.947593688964844
41.72175598144531
62.00871276855469
61.0819091796875
61.40985870361328
25.47298812866211
40.03162384033203
41.77815628051758
64.76985168457031
61.0819091796875
40.261260986328125
61.0819091796875
39.79778289794922
61.0819091796875
61.0819091796875
61.0819091796875
61.0819091796875
61.0819091796875
61.0819091796875
61.0819091796875
61.0819091796875
61.0819091796875
61.0819091796875
61.0819091796875
61.0819091796875
61.0819091796875
61.0819091796875
61.0819091796875
61.0819091796875
61.0819091796875
61.0819091796875
41.535831451416016
41.82709503173828
41.81553268432617
41.7137451171875
42.389068603515625
42.009334564208984
41.56000518798828
41.87333679199219
39.02226257324219
28.751758575439453
28.751758575439453
29.114730834960938
48.97479248046875
38.69329071044922
38.23352813720703
29.8472957611084
38.21985626220703
38.23352813720703
28.735925674438477
38.10839080810547
26.39670181274414
27.959930419921875
23.85152816772461
22.895824432373047
33.07413101196289
35.49903869628906
35.49903869628906
24.30095100402832
24.209667205810547
24.203903198242188
33.65643310546875
33.65643310546875
33.07413101196289
41.27961730957031
24.687145233154297
30.783052444458008
25.302947998046875
70.75491333007812
25.810253143310547
30.202659606933594
37.19105911254883
37.30250549316406
32.14678955078125
38.23352813720703
38.55262756347656
39.164127349853516
38.151268005371094
39.50990295410156
38.4870719909668
39.50990295410156
35.89656066894531
41.287654876708984
33.78070831298828
36.70777893066406
34.872283935546875
36.98566818237305
44.12560272216797
39.0113410949707
41.032554626464844
33.18062210083008
26.322959899902344
27.35662078857422
26.62099838256836
27.3089599609375
33.304779052734375
25.536405563354492
30.236907958984375
34.53816223144531
30.128559112548828
22.924667358398438
24.552383422851562
28.811086654663086
24.581418991088867
25.90692901611328
32.52987289428711
25.290889739990234
33.982444763183594
26.13580894470215
23.829992294311523
33.90933609008789
28.14269256591797
25.7825870513916
23.4666805267334
23.788002014160156
29.88823699951172
28.29761505126953
28.29761505126953
28.29761505126953
29.88823699951172
29.88823699951172
35.27794647216797
35.27794647216797
25.603164672851562
25.603164672851562
29.88823699951172
34.70744705200195
35.936927795410156
28.21129608154297
25.117717742919922
28.29761505126953
22.28185272216797
35.412986755371094
32.505043029785156
23.43325424194336
23.599796295166016
24.440853118896484
23.641704559326172
25.117717742919922
23.60158348083496
23.202327728271484
25.9969425201416
25.7825870513916
25.7825870513916
25.7825870513916
28.811086654663086
25.831329345703125
25.08371925354004
24.515886306762695
29.88823699951172
25.279726028442383
23.788002014160156
23.788002014160156
29.88823699951172
34.79057693481445
31.97888946533203
30.966915130615234
25.7825870513916
28.811086654663086
28.847211837768555
25.7825870513916
25.117717742919922
22.48866081237793
26.68731689453125
27.79708480834961
28.45607566833496
28.811086654663086
25.990266799926758
30.7918643951416
25.61602783203125
32.78888702392578
24.100692749023438
31.332229614257812
25.39832305908203
23.000625610351562
33.65019226074219
28.811086654663086
25.7825870513916
24.55168342590332
30.107803344726562
25.975780487060547
31.39118003845215
31.009727478027344
24.19942855834961
28.811086654663086
23.72467041015625
31.499248504638672
39.04391098022461
32.980613708496094
38.77689743041992
39.046669006347656
37.50614929199219
34.96385192871094
38.953575134277344
39.658050537109375
33.300453186035156
37.30250549316406
26.310317993164062
34.72582244873047
33.18062210083008
34.53816223144531
30.128559112548828
30.236907958984375
30.128559112548828
27.3089599609375
26.62099838256836
27.3089599609375
25.309707641601562
24.872241973876953
24.194515228271484
27.35662078857422
26.322959899902344
27.35662078857422
42.029624938964844
35.412986755371094
60.09675216674805
30.998897552490234
27.58535385131836
30.998897552490234
23.69415283203125
30.998897552490234
27.58535385131836
30.998897552490234
24.339174270629883
30.55398941040039
25.474853515625
23.403564453125
31.182758331298828
30.29306411743164
30.563087463378906
31.32413101196289
28.88882827758789
31.32413101196289
31.32413101196289
28.88882827758789
21.80642318725586
28.769832611083984
25.773693084716797
28.769832611083984
33.828224182128906
33.455711364746094
33.358280181884766
33.677215576171875
33.15699768066406
27.442310333251953
25.384077072143555
27.442310333251953
31.108259201049805
34.23387145996094
31.108259201049805
31.587146759033203
24.84857940673828
33.68728256225586
29.616188049316406
27.126787185668945
25.603164672851562
25.603164672851562
25.603164672851562
35.27794647216797
35.27794647216797
35.27794647216797
35.27794647216797
25.603164672851562
35.27794647216797
25.603164672851562
25.603164672851562
25.603164672851562
25.603164672851562
35.27794647216797
35.27794647216797
35.27794647216797
22.684490203857422
25.57191276550293
28.769832611083984
25.773693084716797
28.769832611083984
32.16400909423828
26.02591323852539
31.32413101196289
28.88882827758789
31.32413101196289
31.42365074157715
31.32413101196289
28.88882827758789
35.001277923583984
34.161582946777344
35.001277923583984
25.262136459350586
32.02091979980469
33.70504379272461
33.70504379272461
24.758272171020508
31.32413101196289
28.88882827758789
31.32413101196289
28.88882827758789
31.32413101196289
27.717021942138672
26.386857986450195
23.93372917175293
33.651790618896484
32.82582473754883
23.214550018310547
29.447261810302734
25.910205841064453
29.447261810302734
32.83652114868164
26.889257431030273
32.83652114868164
23.711456298828125
27.283451080322266
26.885215759277344
27.70574188232422
26.79495620727539
29.447261810302734
25.910205841064453
29.447261810302734
34.47246551513672
35.49903869628906
34.47246551513672
27.87894058227539
26.983013153076172
32.83652114868164
26.889257431030273
32.83652114868164
32.83652114868164
26.889257431030273
31.32413101196289
28.88882827758789
27.78963279724121
25.63076400756836
33.651790618896484
32.82582473754883
33.651790618896484
31.32413101196289
26.29306411743164
28.55154800415039
30.025718688964844
28.55154800415039
31.703052520751953
27.25433921813965
31.703052520751953
31.703052520751953
35.936927795410156
34.70744705200195
35.936927795410156
35.936927795410156
34.70744705200195
39.239376068115234
27.604930877685547
26.4664306640625
30.85865020751953
28.28894805908203
30.85865020751953
32.505043029785156
35.412986755371094
32.505043029785156
25.853517532348633
25.64419174194336
28.60904312133789
29.806957244873047
31.03826332092285
25.010129928588867
33.221012115478516
28.651859283447266
26.4664306640625
25.763408660888672
25.287490844726562
22.3773193359375
24.515886306762695
23.00250816345215
26.96435546875
24.894960403442383
22.36968994140625
25.603164672851562
25.603164672851562
25.603164672851562
31.750869750976562
27.69466781616211
31.235313415527344
23.341896057128906
25.603164672851562
25.603164672851562
25.603164672851562
25.603164672851562
25.603164672851562
33.07413101196289
27.964590072631836
27.002593994140625
29.34273910522461
35.936927795410156
34.70744705200195
23.57439422607422
33.75798797607422
31.90471649169922
34.36689758300781
25.480796813964844
30.18695068359375
34.36689758300781
30.18695068359375
44.510154724121094
53.33780288696289
30.18695068359375
30.18695068359375
30.18695068359375
30.18695068359375
31.709354400634766
30.18695068359375
30.18695068359375
30.18695068359375
30.18695068359375
30.18695068359375
30.18695068359375
30.18695068359375
30.18695068359375
30.18695068359375
30.18695068359375
29.717844009399414
40.67512512207031
34.36689758300781
30.18695068359375
30.18695068359375
29.717844009399414
30.18695068359375
30.18695068359375
30.18695068359375
29.717844009399414
30.18695068359375
30.18695068359375
35.729576110839844
30.18695068359375
30.18695068359375
29.717844009399414
33.103450775146484
25.36888885498047
30.18695068359375
30.18695068359375
29.717844009399414
30.18695068359375
30.18695068359375
30.18695068359375
29.717844009399414
30.18695068359375
30.18695068359375
30.18695068359375
30.18695068359375
29.717844009399414
25.92313003540039
24.245759963989258
30.18695068359375
24.575641632080078
25.470521926879883
30.18695068359375
29.717844009399414
30.18695068359375
30.18695068359375
30.18695068359375
30.18695068359375
29.717844009399414
28.725749969482422
24.645957946777344
30.18695068359375
30.18695068359375
29.717844009399414
27.384239196777344
30.18695068359375
30.18695068359375
25.18462371826172
23.780893325805664
38.539981842041016
26.524242401123047
30.18695068359375
30.18695068359375
29.717844009399414
31.889389038085938
31.889389038085938
25.588775634765625
26.342369079589844
31.889389038085938
29.717844009399414
31.889389038085938
31.889389038085938
29.717844009399414
31.009204864501953
31.009204864501953
33.103450775146484
25.792808532714844
31.009204864501953
31.009204864501953
31.734127044677734
28.555458068847656
31.734127044677734
28.804828643798828
29.717844009399414
30.98126983642578
30.98126983642578
30.395679473876953
29.52529525756836
29.717844009399414
30.98126983642578
30.98126983642578
26.36002540588379
27.950958251953125
25.8439884185791
30.98126983642578
35.356590270996094
29.717844009399414
28.725749969482422
24.18212890625
31.47929573059082
32.16817092895508
31.084156036376953
26.029932022094727
23.893756866455078
30.395679473876953
25.537322998046875
30.202659606933594
29.768198013305664
24.9199275970459
31.084156036376953
23.996429443359375
31.734127044677734
27.786087036132812
25.473350524902344
25.473350524902344
24.85708236694336
24.889644622802734
38.539981842041016
26.126415252685547
24.278541564941406
25.196319580078125
24.835824966430664
29.717844009399414
25.478479385375977
31.734127044677734
24.99959945678711
31.084156036376953
25.00615119934082
24.867786407470703
24.838512420654297
31.15911102294922
24.889644622802734
26.326366424560547
25.10512924194336
25.272743225097656
25.09189224243164
24.35344696044922
31.15911102294922
24.407806396484375
31.15911102294922
29.717844009399414
31.15911102294922
38.539981842041016
27.197425842285156
31.15911102294922
32.96635055541992
23.63567543029785
24.293296813964844
31.158761978149414
32.96571731567383
25.014291763305664
25.40587043762207
23.139375686645508
41.27961730957031
34.77821350097656
33.6750602722168
30.241451263427734
33.6750602722168
30.241451263427734
31.79075813293457
31.53400421142578
31.0411434173584
33.047119140625
26.80884552001953
30.03281021118164
21.83452606201172
22.249534606933594
25.40587043762207
22.567157745361328
27.964590072631836
27.002593994140625
30.03281021118164
23.773910522460938
27.964590072631836
27.414043426513672
27.032615661621094
26.021289825439453
29.640830993652344
37.08384704589844
30.03281021118164
23.28775405883789
22.861980438232422
33.6750602722168
30.241451263427734
27.429908752441406
33.6750602722168
30.241451263427734
27.429908752441406
30.18146514892578
31.3640193939209
31.518911361694336
23.257328033447266
27.964590072631836
27.002593994140625
27.228843688964844
31.3640193939209
31.518911361694336
30.322229385375977
31.3640193939209
31.518911361694336
30.322229385375977
34.709896087646484
33.65643310546875
33.65643310546875
33.65643310546875
25.835391998291016
25.864442825317383
31.3640193939209
31.518911361694336
30.322229385375977
27.964590072631836
27.002593994140625
29.34273910522461
31.3640193939209
31.518911361694336
30.322229385375977
31.3640193939209
26.65956687927246
25.955793380737305
27.990251541137695
27.786724090576172
26.324066162109375
26.029481887817383
22.480697631835938
27.786724090576172
26.324066162109375
35.936927795410156
34.70744705200195
35.936927795410156
35.936927795410156
34.70744705200195
64.9986343383789
25.853946685791016
23.035114288330078
25.808731079101562
31.518911361694336
30.322229385375977
22.36968994140625
32.01222610473633
30.075817108154297
32.01222610473633
27.74201202392578
34.39390563964844
30.96602439880371
28.065601348876953
34.39390563964844
30.96602439880371
34.39390563964844
27.378944396972656
27.283451080322266
26.885217666625977
27.70574188232422
23.880496978759766
27.60493278503418
26.343463897705078
28.65185546875
26.4664306640625
25.763408660888672
26.4664306640625
30.858652114868164
28.28894805908203
30.858652114868164
27.3089599609375
26.62099838256836
27.3089599609375
27.35662078857422
26.322959899902344
27.35662078857422
27.786724090576172
26.324066162109375
22.214630126953125
30.127044677734375
56.12057876586914
32.50505065917969
35.412986755371094
32.50505065917969
22.80809783935547
26.376911163330078
23.095264434814453
24.515886306762695
25.806522369384766
26.96435546875
34.39390563964844
30.96602439880371
29.860597610473633
29.397891998291016
32.19841003417969
27.283193588256836
23.487323760986328
33.01512145996094
22.669458389282227
24.157672882080078
25.83490753173828
25.94588851928711
28.94037628173828
30.891845703125
35.974491119384766
31.144807815551758
33.55394744873047
23.516685485839844
23.009525299072266
22.778247833251953
24.110490798950195
24.303756713867188
28.769832611083984
25.773693084716797
28.769832611083984
28.71845054626465
22.17692756652832
31.03826332092285
28.886213302612305
28.609041213989258
23.305070877075195
31.53271484375
31.391178131103516
31.009723663330078
26.137590408325195
22.247894287109375
30.998897552490234
27.58535385131836
30.998897552490234
24.052560806274414
31.32413101196289
28.88882827758789
31.32413101196289
31.32413101196289
28.88882827758789
32.48950958251953
32.57622528076172
32.48950958251953
31.32413101196289
28.88882827758789
31.32413101196289
26.46237564086914
27.579254150390625
27.248714447021484
31.32413101196289
28.88882827758789
30.789569854736328
31.32413101196289
28.88882827758789
31.32413101196289
38.209617614746094
24.649044036865234
38.209617614746094
31.32413101196289
28.88882827758789
31.32413101196289
28.88882827758789
31.32413101196289
32.07176208496094
28.76868438720703
27.815778732299805
27.96120834350586
34.53816223144531
32.408023834228516
31.563312530517578
22.589431762695312
31.246973037719727
24.146690368652344
31.630939483642578
33.65179443359375
32.82582473754883
33.65179443359375
34.47246551513672
35.49903869628906
34.47246551513672
29.447261810302734
25.910205841064453
29.447261810302734
27.33391761779785
39.629295349121094
23.204252243041992
27.01987648010254
33.38556671142578
27.01987648010254
33.27484893798828
31.32413101196289
28.88882827758789
33.6750602722168
30.241451263427734
31.029420852661133
31.32413101196289
28.88882827758789
29.447261810302734
25.910205841064453
29.447261810302734
37.26573944091797
32.83652114868164
26.889257431030273
32.83652114868164
27.283451080322266
26.885217666625977
27.70574188232422
22.975341796875
32.83652114868164
26.889257431030273
32.83652114868164
32.83652114868164
26.889257431030273
31.32413101196289
28.88882827758789
23.25871467590332
28.770465850830078
28.55154800415039
30.025718688964844
28.551654815673828
22.40402603149414
23.300458908081055
33.650596618652344
32.82543182373047
59.45216751098633
31.79792022705078
29.531719207763672
30.734655380249023
29.56146240234375
61.019065856933594
34.36689758300781
38.02870559692383
31.734127044677734
24.27421760559082
30.08920669555664
24.12875747680664
25.92313003540039
29.768199920654297
37.16496276855469
33.103450775146484
40.32191848754883
36.453033447265625
38.37405014038086
26.029932022094727
26.269012451171875
25.92313003540039
31.709354400634766
30.395679473876953
37.307037353515625
38.539981842041016
25.10669708251953
31.734127044677734
24.334320068359375
31.734127044677734
25.33432388305664
24.52838134765625
31.734127044677734
29.286794662475586
27.38958740234375
25.62554168701172
32.966346740722656
24.590843200683594
32.575035095214844
28.849002838134766
37.78513717651367
37.430999755859375
38.539981842041016
24.37535858154297
24.795167922973633
25.54802703857422
40.104312896728516
31.709354400634766
24.764362335205078
31.709354400634766
38.539981842041016
38.539981842041016
27.44646453857422
27.44646453857422
28.061870574951172
27.44646453857422
26.697933197021484
25.553016662597656
33.103450775146484
24.68519401550293
38.959693908691406
59.57508850097656
25.92313003540039
28.200397491455078
25.92313003540039
25.318721771240234
30.42740249633789
73.68646240234375
32.966346740722656
24.988563537597656
25.193340301513672
25.92313003540039
25.097227096557617
30.395679473876953
26.521381378173828
26.521381378173828
25.86700439453125
26.521381378173828
31.734127044677734
25.8439884185791
28.002967834472656
29.728790283203125
32.966346740722656
25.064590454101562
28.849002838134766
25.853565216064453
24.75516128540039
29.768199920654297
26.022829055786133
30.395679473876953
26.07155990600586
25.38745880126953
28.6993408203125
31.734127044677734
24.846282958984375
35.729576110839844
32.966346740722656
30.202659606933594
32.966346740722656
25.72452163696289
25.227718353271484
25.395214080810547
25.227718353271484
26.07155990600586
26.22688865661621
26.505348205566406
26.22688865661621
26.22688865661621
26.22688865661621
26.22688865661621
26.22688865661621
29.673389434814453
26.22688865661621
30.395679473876953
26.13743782043457
26.22688865661621
24.444446563720703
38.539981842041016
25.033607482910156
38.539981842041016
25.340713500976562
26.22688865661621
25.951215744018555
26.22688865661621
26.22688865661621
26.22688865661621
26.505348205566406
26.22688865661621
26.226791381835938
26.226791381835938
26.226791381835938
26.226791381835938
26.226791381835938
26.226791381835938
26.226791381835938
26.226791381835938
26.505294799804688
25.885032653808594
26.226791381835938
24.782596588134766
26.226791381835938
24.373340606689453
26.226791381835938
26.226791381835938
24.906341552734375
26.226791381835938
24.373340606689453
26.505294799804688
27.694137573242188
24.477874755859375
26.345130920410156
24.373340606689453
24.373340606689453
