29.355693817138672
32.21487045288086
34.64372253417969
32.553016662597656
32.02861785888672
32.781288146972656
25.814828872680664
41.76078414916992
32.87390899658203
31.175819396972656
26.96851921081543
27.977745056152344
35.167633056640625
27.004642486572266
29.476987838745117
28.950695037841797
33.69078826904297
30.851179122924805
26.407516479492188
30.817344665527344
35.89213562011719
36.04633331298828
37.312278747558594
32.87390899658203
29.526336669921875
26.576499938964844
27.801904678344727
35.72873306274414
34.995704650878906
28.570945739746094
26.421627044677734
31.117813110351562
32.23899459838867
29.971576690673828
29.56505012512207
30.19466781616211
32.87390899658203
38.73546600341797
36.832847595214844
38.0891227722168
31.078208923339844
33.2108268737793
30.214618682861328
27.416013717651367
26.754573822021484
28.746864318847656
27.22884178161621
28.34456443786621
28.982959747314453
31.76156234741211
29.964319229125977
36.05126190185547
32.36656188964844
34.834312438964844
32.73579406738281
28.17304801940918
29.56505012512207
31.117813110351562
33.31208038330078
38.09217834472656
26.72613525390625
38.381813049316406
30.721210479736328
32.21487045288086
36.81504821777344
30.654945373535156
31.49347496032715
41.6422004699707
36.130332946777344
29.56505012512207
32.47515869140625
39.629188537597656
38.00460433959961
29.798643112182617
31.525426864624023
30.482707977294922
41.687400817871094
30.73979377746582
34.81383514404297
37.74913024902344
29.789552688598633
33.65455627441406
38.367088317871094
31.547401428222656
36.81504821777344
32.12267303466797
26.11343765258789
29.960702896118164
36.219058990478516
35.57651901245117
30.82931137084961
41.76078414916992
33.21044921875
38.381813049316406
35.402076721191406
31.895618438720703
35.800880432128906
30.721210479736328
36.04633331298828
35.89213562011719
31.426551818847656
27.696224212646484
34.99972915649414
30.430648803710938
36.35639190673828
31.58027458190918
27.741336822509766
29.018482208251953
31.878311157226562
26.77416229248047
41.83417510986328
32.12267303466797
29.787525177001953
29.495941162109375
38.427913665771484
34.25541687011719
29.787525177001953
31.142717361450195
30.47460174560547
26.25802993774414
34.48240280151367
35.57651901245117
27.50765609741211
31.349397659301758
37.312278747558594
34.661651611328125
27.982614517211914
35.89213562011719
33.836830139160156
29.772878646850586
29.345703125
26.671337127685547
32.23899459838867
29.233463287353516
33.7053337097168
31.270008087158203
29.89541244506836
34.95088577270508
29.860998153686523
30.741315841674805
32.76045227050781
27.080158233642578
34.24222183227539
31.895618438720703
33.27332305908203
27.296764373779297
31.547401428222656
40.069908142089844
30.192428588867188
28.746864318847656
30.731338500976562
37.312278747558594
31.057144165039062
34.25541687011719
35.66062545776367
35.97391891479492
31.306787490844727
28.17304801940918
26.368938446044922
30.6204776763916
31.142717361450195
33.360252380371094
31.081708908081055
34.99972915649414
29.129276275634766
27.147052764892578
27.809844970703125
31.833885192871094
31.117813110351562
38.381813049316406
30.0158748626709
32.23899459838867
26.920209884643555
32.716739654541016
35.57651901245117
34.749488830566406
31.724401473999023
39.959625244140625
36.96303939819336
28.352954864501953
35.22712326049805
28.8572998046875
34.960060119628906
36.05126190185547
41.76078414916992
36.51930236816406
38.00419998168945
38.381813049316406
36.36457061767578
41.76078414916992
27.296764373779297
31.426551818847656
26.58688735961914
28.145912170410156
30.345073699951172
26.85700225830078
36.96303939819336
31.95772361755371
29.56505012512207
31.817909240722656
29.56505012512207
30.344303131103516
30.22630500793457
34.99972915649414
30.037811279296875
31.895618438720703
41.76078414916992
38.886592864990234
28.17304801940918
38.23811340332031
30.360898971557617
35.57651901245117
28.223682403564453
31.790069580078125
32.03219223022461
30.179885864257812
36.469112396240234
36.36457061767578
32.72334289550781
31.143341064453125
28.345523834228516
38.381813049316406
34.946998596191406
31.769725799560547
28.687179565429688
37.17047882080078
36.81504821777344
45.03343200683594
32.765316009521484
30.741315841674805
28.47568130493164
31.142717361450195
32.23899459838867
34.356956481933594
26.360130310058594
33.14231872558594
39.08374786376953
35.053070068359375
31.46377182006836
36.469112396240234
30.338367462158203
28.17304801940918
38.69868469238281
26.857620239257812
27.460546493530273
36.81504821777344
26.575939178466797
32.47515869140625
40.27748489379883
26.570280075073242
26.25802993774414
37.29463195800781
28.494007110595703
27.454883575439453
28.871227264404297
29.355693817138672
31.895618438720703
30.430648803710938
32.79034423828125
33.88441467285156
37.1981315612793
34.341224670410156
29.683103561401367
31.790069580078125
36.81504821777344
27.732418060302734
30.860443115234375
36.34834289550781
31.97416877746582
28.52056884765625
32.87390899658203
36.09910202026367
26.38057518005371
28.599199295043945
30.430648803710938
31.421592712402344
29.89541244506836
30.708953857421875
38.09217834472656
30.681121826171875
29.56505012512207
34.955135345458984
35.97391891479492
27.16312599182129
27.105300903320312
28.951637268066406
29.355693817138672
28.746864318847656
30.681121826171875
31.57837677001953
30.22630500793457
37.312278747558594
31.349397659301758
33.27332305908203
29.787525177001953
30.71487045288086
34.757652282714844
29.018482208251953
30.26811981201172
27.537914276123047
32.30500030517578
33.71941375732422
29.60088348388672
31.334407806396484
29.22223663330078
30.338367462158203
32.716739654541016
35.74540328979492
33.69078826904297
28.570945739746094
29.526336669921875
30.345073699951172
27.296764373779297
31.426551818847656
32.129730224609375
32.21487045288086
29.787525177001953
30.430648803710938
25.812339782714844
28.599199295043945
36.05126190185547
37.312278747558594
30.018985748291016
26.18258285522461
35.97391891479492
32.87390899658203
34.834312438964844
32.75624084472656
41.76078414916992
28.599199295043945
37.90140914916992
30.73979377746582
35.05770492553711
33.69078826904297
27.9885196685791
31.426551818847656
34.3917121887207
29.971576690673828
29.476987838745117
28.666893005371094
32.72334289550781
36.81504821777344
35.800880432128906
34.757652282714844
37.312278747558594
32.987823486328125
36.81504821777344
36.34834289550781
29.686603546142578
31.306787490844727
31.117813110351562
28.223682403564453
33.039310455322266
31.843212127685547
37.462249755859375
27.478363037109375
27.454883575439453
30.430648803710938
37.556087493896484
31.117813110351562
31.426551818847656
37.556087493896484
32.69121551513672
26.78572654724121
34.91787338256836
33.14231872558594
35.97391891479492
37.1233024597168
26.847787857055664
36.04747009277344
32.169158935546875
36.39178466796875
29.22194480895996
31.117813110351562
36.84325408935547
37.80340576171875
28.109716415405273
27.761943817138672
28.570945739746094
29.771053314208984
26.194095611572266
31.263700485229492
29.56505012512207
34.24222183227539
36.385459899902344
35.10111618041992
34.92469024658203
31.117401123046875
35.40180969238281
36.815147399902344
37.55609130859375
30.758121490478516
27.260339736938477
35.576873779296875
35.9747314453125
35.431976318359375
36.201332092285156
37.57837677001953
29.526630401611328
31.895565032958984
38.4727668762207
31.008216857910156
31.008216857910156
37.964473724365234
37.964473724365234
37.964473724365234
35.234432220458984
38.74754333496094
45.73687744140625
33.180755615234375
38.595298767089844
44.74116516113281
53.4277458190918
61.92486572265625
35.132930755615234
36.91709518432617
36.62860107421875
37.479122161865234
35.85877227783203
37.44003677368164
37.25506591796875
38.08402633666992
38.08402633666992
35.10287857055664
38.08402633666992
34.458431243896484
36.1512336730957
39.60316467285156
49.44053649902344
42.254093170166016
47.154396057128906
48.83933639526367
41.324806213378906
48.789573669433594
77.62225341796875
77.52639770507812
77.52256774902344
28.82757568359375
47.62950134277344
48.81038284301758
73.9748306274414
77.52639770507812
40.04966354370117
77.52639770507812
40.51414108276367
77.52639770507812
77.52639770507812
77.52639770507812
77.52639770507812
77.52639770507812
77.52639770507812
77.52639770507812
77.52639770507812
77.52639770507812
77.52639770507812
77.52639770507812
77.52639770507812
77.52639770507812
77.52639770507812
77.52639770507812
77.52639770507812
77.52639770507812
77.52639770507812
48.66318130493164
48.813446044921875
48.77884292602539
48.78767395019531
46.43754577636719
48.85398864746094
48.708675384521484
48.88825225830078
38.47705078125
30.840988159179688
30.840988159179688
32.626861572265625
52.36098861694336
41.67634201049805
41.322235107421875
33.255828857421875
41.347476959228516
41.322235107421875
31.85420799255371
41.22533416748047
30.06500244140625
31.17049789428711
27.382389068603516
26.904077529907227
34.003292083740234
38.09217834472656
38.09217834472656
27.512733459472656
27.510759353637695
27.57853126525879
35.451622009277344
35.451622009277344
34.003292083740234
44.94012451171875
28.03905487060547
32.378902435302734
28.294143676757812
68.44648742675781
28.436044692993164
33.180755615234375
38.62226486206055
40.39581298828125
34.46806335449219
41.322235107421875
41.57355499267578
41.6422004699707
41.313255310058594
42.376522064208984
41.54349899291992
42.376522064208984
38.21417236328125
43.81245803833008
37.14958190917969
39.9179573059082
38.372535705566406
39.381591796875
45.4478759765625
41.357627868652344
43.578094482421875
36.906036376953125
30.366451263427734
31.485881805419922
29.421255111694336
31.033672332763672
41.955440521240234
28.7283992767334
33.142269134521484
38.129825592041016
33.01021957397461
27.19464874267578
28.600120544433594
30.672897338867188
28.700939178466797
29.86548614501953
38.21785354614258
29.280567169189453
40.615516662597656
29.177616119384766
27.805377960205078
35.703399658203125
31.219512939453125
29.1290225982666
27.581581115722656
27.176950454711914
32.15774917602539
31.018943786621094
31.018943786621094
31.018943786621094
32.15774917602539
32.15774917602539
38.42112350463867
38.42112350463867
29.282970428466797
29.282970428466797
32.15774917602539
38.28390121459961
40.38302993774414
32.097686767578125
28.704364776611328
31.018943786621094
26.490570068359375
39.51752471923828
36.20058059692383
27.451480865478516
27.504074096679688
28.63211441040039
27.548885345458984
28.704364776611328
27.472816467285156
27.18866729736328
28.742549896240234
29.1290225982666
29.1290225982666
29.1290225982666
30.672897338867188
29.620464324951172
28.859310150146484
28.27886962890625
32.15774917602539
28.935842514038086
27.176950454711914
27.176950454711914
32.15774917602539
40.952125549316406
39.80978775024414
40.314414978027344
29.1290225982666
30.672897338867188
31.666606903076172
29.1290225982666
28.704364776611328
26.872756958007812
30.041702270507812
30.495208740234375
31.12790298461914
30.672897338867188
29.358829498291016
40.0458984375
29.080556869506836
37.63344955444336
27.96529769897461
37.34760284423828
28.515716552734375
27.260540008544922
35.54545593261719
30.672897338867188
29.1290225982666
28.689579010009766
32.44798278808594
29.085918426513672
34.417564392089844
34.10139465332031
27.74468231201172
30.672897338867188
27.48989486694336
32.928070068359375
41.51844024658203
35.85401916503906
41.72734069824219
42.02693176269531
40.12716293334961
37.2208251953125
41.96044158935547
42.46354675292969
36.201534271240234
40.39581298828125
29.81414794921875
36.76123809814453
36.906036376953125
38.129825592041016
33.01021957397461
33.142269134521484
33.01021957397461
31.033672332763672
29.421255111694336
31.033672332763672
29.176538467407227
28.85760498046875
27.835289001464844
31.485881805419922
30.366451263427734
31.485881805419922
46.53266906738281
39.51752471923828
62.37165451049805
33.42244338989258
30.399677276611328
33.42244338989258
27.590347290039062
33.42244338989258
30.399677276611328
33.42244338989258
27.751728057861328
31.68543243408203
28.08584213256836
26.72733497619629
33.88996505737305
33.63685989379883
34.31822204589844
34.75249481201172
32.23464584350586
34.75249481201172
34.75249481201172
32.23464584350586
25.645708084106445
32.185020446777344
29.209339141845703
32.185020446777344
43.00487518310547
42.730472564697266
42.873565673828125
42.32902908325195
42.589263916015625
31.57837677001953
28.701431274414062
31.57837677001953
33.256805419921875
36.617069244384766
33.256805419921875
39.66355895996094
27.95804214477539
37.46833038330078
33.299110412597656
30.535999298095703
29.282970428466797
29.282970428466797
29.282970428466797
38.42112350463867
38.42112350463867
38.42112350463867
38.42112350463867
29.282970428466797
38.42112350463867
29.282970428466797
29.282970428466797
29.282970428466797
29.282970428466797
38.42112350463867
38.42112350463867
38.42112350463867
26.383943557739258
29.079219818115234
32.185020446777344
29.209339141845703
32.185020446777344
40.84971618652344
28.94748878479004
34.75249481201172
32.23464584350586
34.75249481201172
38.167762756347656
34.75249481201172
32.23464584350586
38.01175308227539
37.220645904541016
38.01175308227539
28.810314178466797
34.10457992553711
35.34479522705078
35.34479522705078
27.798851013183594
34.75249481201172
32.23464584350586
34.75249481201172
32.23464584350586
34.75249481201172
32.72513198852539
28.991336822509766
27.344934463500977
37.581233978271484
36.291141510009766
27.140331268310547
32.66834259033203
29.77756118774414
32.66834259033203
35.402076721191406
30.902917861938477
35.402076721191406
27.948917388916016
31.019577026367188
29.859941482543945
31.342941284179688
29.26747703552246
32.66834259033203
29.77756118774414
32.66834259033203
37.456886291503906
38.09217834472656
37.456886291503906
32.4869270324707
29.364225387573242
35.402076721191406
30.902917861938477
35.402076721191406
35.402076721191406
30.902917861938477
34.75249481201172
32.23464584350586
29.986799240112305
29.18448257446289
37.581233978271484
36.291141510009766
37.581233978271484
34.75249481201172
28.920581817626953
31.763521194458008
31.307350158691406
31.763521194458008
33.50006103515625
29.654895782470703
33.50006103515625
33.50006103515625
40.38302993774414
38.28390121459961
40.38302993774414
40.38302993774414
38.28390121459961
38.9820442199707
30.697765350341797
29.71881675720215
33.27907943725586
31.424264907836914
33.27907943725586
36.20058059692383
39.51752471923828
36.20058059692383
28.867103576660156
29.189990997314453
31.549922943115234
32.301361083984375
33.338748931884766
28.78326416015625
32.904258728027344
31.114986419677734
29.71881675720215
29.385326385498047
28.253520965576172
26.13713836669922
28.27886962890625
26.88022804260254
30.888015747070312
28.507301330566406
25.926057815551758
29.282970428466797
29.282970428466797
29.282970428466797
33.396671295166016
31.460779190063477
34.17341995239258
26.90814208984375
29.282970428466797
29.282970428466797
29.282970428466797
29.282970428466797
29.282970428466797
34.003292083740234
30.045589447021484
29.510881423950195
31.500633239746094
40.38302993774414
38.28390121459961
27.1644287109375
34.95088577270508
33.6199951171875
38.14792251586914
29.054401397705078
41.33332061767578
38.14792251586914
41.33332061767578
49.62696075439453
55.073974609375
41.33332061767578
41.33332061767578
41.33332061767578
41.33332061767578
35.30244827270508
41.33332061767578
41.33332061767578
41.33332061767578
41.33332061767578
41.33332061767578
41.33332061767578
41.33332061767578
41.33332061767578
41.33332061767578
41.33332061767578
32.57016372680664
47.85610580444336
38.14792251586914
41.33332061767578
41.33332061767578
32.57016372680664
41.33332061767578
41.33332061767578
41.33332061767578
32.57016372680664
41.33332061767578
41.33332061767578
35.706722259521484
41.33332061767578
41.33332061767578
32.57016372680664
36.144996643066406
28.917781829833984
41.33332061767578
41.33332061767578
32.57016372680664
41.33332061767578
41.33332061767578
41.33332061767578
32.57016372680664
41.33332061767578
41.33332061767578
41.33332061767578
41.33332061767578
32.57016372680664
29.697986602783203
27.881662368774414
41.33332061767578
27.989364624023438
29.367849349975586
41.33332061767578
32.57016372680664
41.33332061767578
41.33332061767578
41.33332061767578
41.33332061767578
32.57016372680664
32.42494201660156
28.49712562561035
41.33332061767578
41.33332061767578
32.57016372680664
28.58740234375
41.33332061767578
41.33332061767578
28.17216682434082
27.47164535522461
42.13032150268555
30.0621337890625
41.33332061767578
41.33332061767578
32.57016372680664
35.487693786621094
35.487693786621094
29.950695037841797
29.363126754760742
35.487693786621094
32.57016372680664
35.487693786621094
35.487693786621094
32.57016372680664
34.674686431884766
34.674686431884766
36.144996643066406
29.243993759155273
34.674686431884766
34.674686431884766
35.24639129638672
31.300447463989258
35.24639129638672
31.196670532226562
32.57016372680664
34.45869445800781
34.45869445800781
34.183292388916016
31.247257232666016
32.57016372680664
34.45869445800781
34.45869445800781
30.21024513244629
30.003162384033203
29.35291862487793
34.45869445800781
37.02496337890625
32.57016372680664
32.42494201660156
27.929256439208984
33.038726806640625
34.59577941894531
34.37066650390625
30.20981788635254
27.511411666870117
34.183292388916016
28.29467010498047
33.180755615234375
31.331378936767578
28.0716552734375
34.37066650390625
27.232717514038086
35.24639129638672
30.376007080078125
28.42148208618164
28.42148208618164
28.048439025878906
28.18661117553711
42.13032150268555
29.4711856842041
27.66151237487793
28.402442932128906
27.99779510498047
32.57016372680664
28.489944458007812
35.24639129638672
28.51260757446289
34.37066650390625
28.280902862548828
28.176849365234375
28.239849090576172
34.270904541015625
28.18661117553711
29.639869689941406
28.43744659423828
28.339963912963867
28.093177795410156
27.73520851135254
34.270904541015625
27.616310119628906
34.270904541015625
32.57016372680664
34.270904541015625
42.13032150268555
29.585012435913086
34.270904541015625
35.77765655517578
27.020076751708984
27.732830047607422
34.270545959472656
35.7769889831543
28.1810302734375
29.03129768371582
27.577423095703125
44.94012451171875
37.130882263183594
35.04661178588867
32.311824798583984
35.04661178588867
32.311824798583984
41.597591400146484
41.517051696777344
41.21003723144531
40.849021911621094
30.247163772583008
33.46417999267578
26.132810592651367
26.184608459472656
29.03129768371582
27.052520751953125
30.045589447021484
29.510881423950195
33.46417999267578
27.44827651977539
30.045589447021484
29.65005874633789
30.298664093017578
28.913806915283203
31.971900939941406
35.71144485473633
33.46417999267578
27.215023040771484
26.203723907470703
35.04661178588867
32.311824798583984
30.03651237487793
35.04661178588867
32.311824798583984
30.03651237487793
31.168617248535156
34.37089538574219
34.20941162109375
27.560422897338867
30.045589447021484
29.510881423950195
29.878679275512695
34.37089538574219
34.20941162109375
31.965471267700195
34.37089538574219
34.20941162109375
31.965471267700195
35.606422424316406
35.451622009277344
35.451622009277344
35.451622009277344
29.771053314208984
29.74627113342285
34.37089538574219
34.20941162109375
31.965471267700195
30.045589447021484
29.510881423950195
31.500633239746094
34.37089538574219
34.20941162109375
31.965471267700195
34.37089538574219
29.950939178466797
28.925472259521484
30.52307891845703
30.6204776763916
29.31439971923828
29.59687042236328
26.164974212646484
30.6204776763916
29.31439971923828
40.38302993774414
38.283905029296875
40.38302993774414
40.38302993774414
38.283905029296875
70.04708862304688
29.623727798461914
26.6227970123291
29.003612518310547
34.20941162109375
31.965471267700195
25.926057815551758
34.626129150390625
33.14979553222656
34.626129150390625
30.701353073120117
36.932708740234375
34.230369567871094
30.64256477355957
36.932708740234375
34.230369567871094
36.932708740234375
30.876266479492188
31.019577026367188
29.859943389892578
31.342941284179688
27.49820899963379
30.697765350341797
29.491161346435547
31.114986419677734
29.71881675720215
29.385326385498047
29.71881675720215
33.27907943725586
31.424264907836914
33.27907943725586
31.033672332763672
29.421255111694336
31.033672332763672
31.485881805419922
30.366451263427734
31.485881805419922
30.6204776763916
29.31439971923828
25.970664978027344
32.67638397216797
55.47182846069336
36.20058059692383
39.51752471923828
36.20058059692383
26.760425567626953
30.217723846435547
26.694974899291992
28.27886962890625
29.954469680786133
30.888015747070312
36.932708740234375
34.230369567871094
36.60841751098633
32.46063995361328
34.825096130371094
30.499698638916016
27.524181365966797
41.021217346191406
26.039644241333008
28.044431686401367
30.06414222717285
29.241167068481445
32.915931701660156
34.751502990722656
37.65846252441406
34.72479248046875
42.276161193847656
27.006107330322266
26.43480682373047
26.457300186157227
27.33776092529297
27.667984008789062
32.18502426147461
29.209339141845703
32.18502426147461
31.995534896850586
25.672016143798828
33.338748931884766
31.96542739868164
31.549922943115234
27.141199111938477
38.63004684448242
34.417564392089844
34.101402282714844
29.10162925720215
26.364452362060547
33.42244338989258
30.399677276611328
33.42244338989258
27.72907257080078
34.75249481201172
32.23464584350586
34.75249481201172
34.75249481201172
32.23464584350586
35.04868698120117
35.121726989746094
35.04868698120117
34.75249481201172
32.23464584350586
34.75249481201172
30.016056060791016
29.694507598876953
30.28791046142578
34.75249481201172
32.23464584350586
37.88804626464844
34.75249481201172
32.23464584350586
34.75249481201172
39.76548385620117
27.646780014038086
39.76548385620117
34.75249481201172
32.23464584350586
34.75249481201172
32.23464584350586
34.75249481201172
38.580055236816406
31.301990509033203
30.566774368286133
30.680904388427734
38.129825592041016
35.10129928588867
34.76797866821289
26.71356201171875
38.68708038330078
27.711986541748047
33.48637008666992
37.581233978271484
36.291141510009766
37.581233978271484
37.45688247680664
38.09217834472656
37.45688247680664
32.66834259033203
29.77756118774414
32.66834259033203
30.767093658447266
43.99346923828125
27.491811752319336
30.257305145263672
33.88846969604492
30.257305145263672
41.29241943359375
34.75249481201172
32.23464584350586
35.04661178588867
32.311824798583984
33.643394470214844
34.75249481201172
32.23464584350586
32.66834259033203
29.77756118774414
32.66834259033203
40.789791107177734
35.402076721191406
30.902917861938477
35.402076721191406
31.019577026367188
29.859943389892578
31.342941284179688
26.88836669921875
35.402076721191406
30.902917861938477
35.402076721191406
35.402076721191406
30.902917861938477
34.75249481201172
32.23464584350586
26.37410545349121
31.997426986694336
31.763521194458008
31.307350158691406
31.763620376586914
26.05998420715332
27.15026092529297
37.57991409301758
36.29094696044922
59.038047790527344
32.995025634765625
32.952083587646484
35.12432098388672
32.548160552978516
60.782508850097656
38.14792251586914
37.36756134033203
35.24639129638672
27.974292755126953
32.967411041259766
27.666141510009766
29.697986602783203
31.331378936767578
41.3870964050293
36.144996643066406
44.711734771728516
41.095008850097656
42.803741455078125
30.209819793701172
29.973247528076172
29.697986602783203
35.30244827270508
34.183292388916016
41.012943267822266
42.13031768798828
28.06929588317871
35.24639129638672
27.88718605041504
35.24639129638672
28.291610717773438
27.993379592895508
35.24639129638672
31.90473747253418
30.15403175354004
28.900671005249023
35.77766036987305
28.21282958984375
36.98358917236328
31.183483123779297
38.87745666503906
38.62781524658203
42.13031768798828
27.88980484008789
28.19272232055664
28.907386779785156
46.01873779296875
35.30244827270508
28.02373504638672
35.30244827270508
42.13031768798828
42.13031768798828
29.568750381469727
29.568750381469727
30.689966201782227
29.568750381469727
30.23822784423828
28.974876403808594
36.144996643066406
28.12745475769043
40.226524353027344
60.10072326660156
29.697986602783203
30.923065185546875
29.697986602783203
28.729814529418945
31.603126525878906
68.44548797607422
35.77766036987305
28.331390380859375
28.323339462280273
29.697986602783203
28.001911163330078
34.183292388916016
29.988937377929688
29.988937377929688
29.38782501220703
29.988937377929688
35.24639129638672
29.35291862487793
30.997297286987305
32.400238037109375
35.77766036987305
28.180967330932617
31.183483123779297
29.299304962158203
27.993408203125
31.331378936767578
29.53293228149414
34.183292388916016
29.607118606567383
28.4276180267334
31.59417724609375
35.24639129638672
27.815608978271484
35.706722259521484
35.77766036987305
33.180755615234375
35.77766036987305
28.689102172851562
28.369068145751953
28.6573429107666
28.369068145751953
29.607118606567383
29.742883682250977
29.765533447265625
29.742883682250977
29.742883682250977
29.742883682250977
29.742883682250977
29.742883682250977
32.641014099121094
29.742883682250977
34.183292388916016
29.62990951538086
29.742883682250977
27.49078941345215
42.13031768798828
28.144779205322266
42.13031768798828
28.295955657958984
29.742883682250977
28.639328002929688
29.742883682250977
29.742883682250977
29.742883682250977
29.765533447265625
29.742883682250977
29.742671966552734
29.742671966552734
29.742671966552734
29.742671966552734
29.742671966552734
29.742671966552734
29.742671966552734
29.742671966552734
29.765426635742188
28.816118240356445
29.742671966552734
27.918272018432617
29.742671966552734
27.58839988708496
29.742671966552734
29.742671966552734
27.988698959350586
29.742671966552734
27.58839988708496
29.765426635742188
30.950136184692383
27.753652572631836
28.995746612548828
27.58839988708496
27.58839988708496
