14.350006103515625
16.025634765625
24.839828491210938
19.30385971069336
18.2004337310791
19.85625457763672
7.257762908935547
23.941024780273438
17.358118057250977
18.354867935180664
10.235624313354492
13.152507781982422
37.66630554199219
7.32628059387207
12.14169692993164
17.09483528137207
23.810577392578125
14.17017936706543
11.639156341552734
13.087335586547852
21.35921287536621
21.220964431762695
18.642208099365234
17.358118057250977
15.268264770507812
6.822305679321289
13.958507537841797
21.351394653320312
27.71623992919922
13.77392578125
7.98777961730957
12.900413513183594
15.777225494384766
11.652271270751953
11.985357284545898
17.142147064208984
17.358118057250977
19.71257781982422
18.611021041870117
35.30522155761719
21.213054656982422
25.611478805541992
13.106964111328125
13.125465393066406
7.037212371826172
13.888591766357422
8.199268341064453
12.530649185180664
11.930498123168945
15.114192962646484
14.99813461303711
21.851638793945312
22.993228912353516
19.34292221069336
20.533447265625
13.79322624206543
11.985357284545898
12.900413513183594
21.512981414794922
23.30899429321289
7.958498001098633
23.69461441040039
12.37746810913086
16.025634765625
20.535306930541992
17.117189407348633
16.016557693481445
30.999265670776367
29.56155014038086
11.985357284545898
16.261314392089844
30.098281860351562
20.893787384033203
12.09538459777832
17.970638275146484
16.058574676513672
15.954551696777344
17.17711639404297
20.186555862426758
15.289115905761719
19.77875518798828
24.330778121948242
26.021499633789062
18.667858123779297
20.535306930541992
20.703514099121094
7.738565444946289
15.542715072631836
22.129497528076172
20.661916732788086
17.66777801513672
23.941024780273438
20.74099349975586
23.69461441040039
19.791650772094727
23.30194664001465
19.123794555664062
12.37746810913086
21.220964431762695
21.35921287536621
14.575393676757812
9.405582427978516
24.53133201599121
14.182022094726562
24.168174743652344
16.50428009033203
13.106430053710938
15.255779266357422
21.489856719970703
6.743251800537109
13.789093017578125
20.703514099121094
14.933908462524414
15.154830932617188
21.938907623291016
20.96506118774414
14.933908462524414
17.78868293762207
21.21417236328125
6.129039764404297
23.33794403076172
20.661916732788086
9.969846725463867
21.47612190246582
18.642208099365234
17.99960708618164
13.672149658203125
21.35921287536621
16.820016860961914
16.082956314086914
13.621517181396484
7.722873687744141
15.777225494384766
17.151338577270508
26.102754592895508
17.040245056152344
13.824043273925781
27.16494369506836
11.94793701171875
19.364307403564453
16.340225219726562
11.55955696105957
19.455732345581055
23.30194664001465
18.022930145263672
11.37765121459961
18.667858123779297
28.08094596862793
12.324668884277344
13.888591766357422
15.831733703613281
18.642208099365234
16.85468292236328
20.96506118774414
20.5368595123291
19.764795303344727
17.11680030822754
13.79322624206543
9.338459014892578
16.437225341796875
17.78868293762207
22.890501022338867
12.882265090942383
24.53133201599121
10.84321403503418
6.626792907714844
14.582195281982422
18.80677604675293
12.900413513183594
23.69461441040039
16.501346588134766
15.777225494384766
8.446281433105469
21.888534545898438
20.661916732788086
19.912403106689453
15.960960388183594
19.653839111328125
21.815940856933594
10.357603073120117
20.16790008544922
10.168405532836914
20.562564849853516
21.851638793945312
23.941024780273438
14.713163375854492
25.62084197998047
23.69461441040039
22.226463317871094
23.941024780273438
11.37765121459961
14.575393676757812
9.518993377685547
9.973281860351562
14.964462280273438
10.840473175048828
21.815940856933594
16.491863250732422
11.985357284545898
14.760108947753906
11.985357284545898
21.243913650512695
12.951776504516602
24.53133201599121
15.192342758178711
23.30194664001465
23.941024780273438
19.94538116455078
13.79322624206543
20.531198501586914
15.028362274169922
20.661916732788086
12.202253341674805
21.96992301940918
23.35852813720703
17.586763381958008
20.245952606201172
22.226463317871094
19.64965057373047
16.868389129638672
13.74932861328125
23.69461441040039
17.645305633544922
23.59122085571289
14.610273361206055
22.098854064941406
20.535306930541992
48.53854751586914
27.77703094482422
19.364307403564453
12.417045593261719
17.78868293762207
15.777225494384766
19.682777404785156
6.811092376708984
22.157663345336914
45.34014129638672
18.53671646118164
20.59697723388672
20.245952606201172
13.955537796020508
13.79322624206543
19.76045036315918
10.14828872680664
11.290809631347656
20.535306930541992
8.309951782226562
16.261314392089844
12.730724334716797
8.694828033447266
6.129039764404297
34.352291107177734
13.557449340820312
10.304214477539062
13.771282196044922
14.350006103515625
23.30194664001465
14.182022094726562
15.642614364624023
18.413219451904297
28.996204376220703
17.644027709960938
19.818235397338867
21.96992301940918
20.535306930541992
12.333972930908203
12.506824493408203
25.8796329498291
22.35270881652832
14.527267456054688
17.358118057250977
20.738880157470703
5.961463928222656
15.804744720458984
14.182022094726562
19.30671501159668
13.824043273925781
18.393999099731445
23.30899429321289
17.284408569335938
11.985357284545898
23.279102325439453
19.764795303344727
11.206933975219727
8.043376922607422
18.142879486083984
14.350006103515625
13.888591766357422
17.284408569335938
13.476654052734375
12.951776504516602
18.642208099365234
21.47612190246582
18.022930145263672
14.933908462524414
15.743202209472656
21.95136833190918
15.255779266357422
15.052799224853516
11.305915832519531
25.46807098388672
18.806869506835938
12.987724304199219
21.447906494140625
14.586383819580078
13.955537796020508
21.888534545898438
21.63402557373047
23.810577392578125
13.77392578125
15.268264770507812
14.964462280273438
11.37765121459961
14.575393676757812
19.28624725341797
16.025634765625
14.933908462524414
14.182022094726562
7.447765350341797
15.804744720458984
21.851638793945312
18.642208099365234
26.709516525268555
8.873117446899414
19.764795303344727
17.358118057250977
19.34292221069336
18.364986419677734
23.941024780273438
15.804744720458984
27.314105987548828
17.17711639404297
20.477928161621094
23.810577392578125
13.429027557373047
14.575393676757812
19.568355560302734
11.652271270751953
12.14169692993164
13.212654113769531
19.64965057373047
20.535306930541992
19.123794555664062
21.95136833190918
18.642208099365234
23.443586349487305
20.535306930541992
25.8796329498291
13.098920822143555
17.11680030822754
12.900413513183594
12.202253341674805
17.747617721557617
18.674816131591797
21.188560485839844
14.07750129699707
10.304214477539062
14.182022094726562
28.464080810546875
12.900413513183594
14.575393676757812
28.464080810546875
19.42603874206543
9.807397842407227
20.35224151611328
22.157663345336914
19.764795303344727
26.748523712158203
10.159080505371094
21.48529052734375
15.847137451171875
21.967575073242188
12.84933090209961
12.900413513183594
36.59843826293945
22.929443359375
15.42300796508789
16.166763305664062
13.77392578125
12.871206283569336
10.630180358886719
12.888427734375
11.985357284545898
19.455732345581055
22.960460662841797
18.234882354736328
30.820720672607422
12.899803161621094
19.791587829589844
20.53522491455078
28.46363639831543
12.933218002319336
10.279422760009766
20.66234588623047
19.76555633544922
27.86489486694336
28.251325607299805
20.54510498046875
15.268281936645508
23.302335739135742
33.380733489990234
22.860477447509766
22.860477447509766
24.7879638671875
24.7879638671875
24.7879638671875
25.830888748168945
30.725343704223633
41.683475494384766
19.27339744567871
27.054080963134766
37.063499450683594
45.93364715576172
53.30832290649414
27.12433624267578
22.33957290649414
22.73684310913086
25.00326919555664
20.41515350341797
24.032596588134766
22.92603874206543
30.489646911621094
30.489646911621094
22.715595245361328
30.489646911621094
22.93889617919922
24.11244773864746
40.713050842285156
22.183605194091797
50.99824523925781
28.456790924072266
21.573684692382812
39.55527877807617
21.615699768066406
34.539546966552734
34.0938720703125
34.122562408447266
12.492507934570312
21.875686645507812
21.491477966308594
37.57841873168945
34.0938720703125
42.83892059326172
34.0938720703125
33.2496223449707
34.0938720703125
34.0938720703125
34.0938720703125
34.0938720703125
34.0938720703125
34.0938720703125
34.0938720703125
34.0938720703125
34.0938720703125
34.0938720703125
34.0938720703125
34.0938720703125
34.0938720703125
34.0938720703125
34.0938720703125
34.0938720703125
34.0938720703125
34.0938720703125
21.540542602539062
21.224811553955078
21.25156021118164
21.642139434814453
27.002660751342773
21.34075164794922
21.73685073852539
21.5933837890625
37.523223876953125
19.874244689941406
19.874244689941406
15.674283981323242
44.149356842041016
21.72597885131836
20.91830825805664
16.87592124938965
21.06778907775879
20.91830825805664
17.713979721069336
20.812461853027344
14.362615585327148
17.87430191040039
13.21023178100586
9.451351165771484
26.92249298095703
23.30899429321289
23.30899429321289
11.309741973876953
13.126670837402344
11.05008316040039
26.807880401611328
26.807880401611328
26.92249298095703
25.664791107177734
11.519367218017578
22.816389083862305
14.562355041503906
62.037994384765625
15.09025764465332
19.27339744567871
38.15678405761719
20.952983856201172
22.50765037536621
20.91830825805664
21.54354476928711
30.999265670776367
21.004467010498047
22.631784439086914
21.494964599609375
22.631784439086914
24.317747116088867
25.587133407592773
21.627727508544922
20.405391693115234
19.237903594970703
27.29137420654297
31.56289291381836
24.609710693359375
25.198959350585938
21.42434310913086
11.778154373168945
12.71434211730957
16.64944076538086
13.769460678100586
12.116008758544922
12.82851791381836
19.615283966064453
23.21649169921875
19.475852966308594
7.37762451171875
9.26424789428711
17.677352905273438
10.794780731201172
13.110895156860352
23.804466247558594
12.361732482910156
19.318593978881836
16.869747161865234
10.160964965820312
24.567842483520508
15.760353088378906
14.522422790527344
9.063934326171875
11.585908889770508
19.60811424255371
16.712745666503906
16.712745666503906
16.712745666503906
19.60811424255371
19.60811424255371
21.7933406829834
21.7933406829834
13.033744812011719
13.033744812011719
19.60811424255371
20.986835479736328
23.668798446655273
16.873849868774414
13.143072128295898
16.712745666503906
8.060735702514648
22.562650680541992
19.638484954833984
9.366405487060547
9.55967903137207
10.655500411987305
9.97891616821289
13.143072128295898
9.785886764526367
9.004470825195312
15.089212417602539
14.522422790527344
14.522422790527344
14.522422790527344
17.677352905273438
13.132923126220703
12.464759826660156
12.34345817565918
19.60811424255371
14.76705551147461
11.585908889770508
11.585908889770508
19.60811424255371
24.107269287109375
21.821983337402344
13.43649673461914
14.522422790527344
17.677352905273438
23.348718643188477
14.522422790527344
13.143072128295898
8.04692268371582
13.447761535644531
16.626190185546875
17.127355575561523
17.677352905273438
12.979188919067383
11.57073974609375
15.235877990722656
18.82871437072754
11.195804595947266
17.489112854003906
14.893318176269531
8.404010772705078
24.921428680419922
17.677352905273438
14.522422790527344
10.729761123657227
19.795467376708984
14.663555145263672
20.645828247070312
19.01681900024414
12.684835433959961
17.677352905273438
9.727718353271484
24.724864959716797
23.85761833190918
19.52396583557129
21.865591049194336
22.064208984375
23.094505310058594
22.28524398803711
21.882917404174805
22.69234848022461
22.764497756958008
20.952983856201172
14.994243621826172
22.408000946044922
21.42434310913086
23.21649169921875
19.475852966308594
19.615283966064453
19.475852966308594
13.769460678100586
16.64944076538086
13.769460678100586
11.883502960205078
11.794452667236328
10.25851058959961
12.71434211730957
11.778154373168945
12.71434211730957
33.203948974609375
22.562650680541992
51.68597412109375
19.49847412109375
16.734180450439453
19.49847412109375
10.293661117553711
19.49847412109375
16.734180450439453
19.49847412109375
10.819942474365234
26.821582794189453
16.86065101623535
10.828102111816406
19.674657821655273
17.432058334350586
16.61440658569336
20.242603302001953
16.53095054626465
20.242603302001953
20.242603302001953
16.53095054626465
8.607332229614258
17.475997924804688
14.89493179321289
17.475997924804688
14.663688659667969
14.700191497802734
20.170894622802734
13.80584716796875
19.289459228515625
13.476654052734375
13.942512512207031
13.476654052734375
20.250335693359375
23.035966873168945
20.250335693359375
14.767372131347656
12.808929443359375
20.85725212097168
18.339340209960938
13.410930633544922
13.033744812011719
13.033744812011719
13.033744812011719
21.7933406829834
21.7933406829834
21.7933406829834
21.7933406829834
13.033744812011719
21.7933406829834
13.033744812011719
13.033744812011719
13.033744812011719
13.033744812011719
21.7933406829834
21.7933406829834
21.7933406829834
9.88615608215332
12.345649719238281
17.475997924804688
14.89493179321289
17.475997924804688
11.7137451171875
17.091411590576172
20.242603302001953
16.53095054626465
20.242603302001953
18.35702133178711
20.242603302001953
16.53095054626465
23.820293426513672
22.74667739868164
23.820293426513672
11.213171005249023
23.350040435791016
24.38555908203125
24.38555908203125
15.14764404296875
20.242603302001953
16.53095054626465
20.242603302001953
16.53095054626465
20.242603302001953
20.85597801208496
15.635204315185547
11.16033935546875
18.795841217041016
19.868976593017578
8.321083068847656
16.2803897857666
13.315052032470703
16.2803897857666
19.791650772094727
12.897863388061523
19.791650772094727
8.466567993164062
14.650337219238281
16.981792449951172
15.900005340576172
16.95997428894043
16.2803897857666
13.315052032470703
16.2803897857666
23.593822479248047
23.30899429321289
23.593822479248047
18.56416130065918
19.931413650512695
19.791650772094727
12.897863388061523
19.791650772094727
19.791650772094727
12.897863388061523
20.242603302001953
16.53095054626465
19.452369689941406
11.90403938293457
18.795841217041016
19.868976593017578
18.795841217041016
20.242603302001953
17.63863754272461
16.78215789794922
26.010318756103516
16.78215789794922
25.009784698486328
19.489215850830078
25.009784698486328
25.009784698486328
23.668798446655273
20.986835479736328
23.668798446655273
23.668798446655273
20.986835479736328
38.56172561645508
17.619497299194336
13.97203254699707
19.455039978027344
17.130573272705078
19.455039978027344
19.638484954833984
22.562650680541992
19.638484954833984
15.28863525390625
12.41781997680664
17.173276901245117
18.058990478515625
20.541728973388672
10.91566276550293
31.104768753051758
18.92337989807129
13.97203254699707
13.746997833251953
16.28310775756836
8.81201171875
12.34345817565918
9.309656143188477
14.04885482788086
14.48727035522461
9.417226791381836
13.033744812011719
13.033744812011719
13.033744812011719
21.775218963623047
14.54745101928711
21.974964141845703
11.136236190795898
13.033744812011719
13.033744812011719
13.033744812011719
13.033744812011719
13.033744812011719
26.92249298095703
18.050495147705078
16.63190269470215
20.313156127929688
23.668798446655273
20.986835479736328
10.824016571044922
27.16494369506836
23.48509979248047
22.951698303222656
11.76871109008789
2.440216064453125
22.951698303222656
2.440216064453125
27.259521484375
56.24998474121094
2.440216064453125
2.440216064453125
2.440216064453125
2.440216064453125
18.053733825683594
2.440216064453125
2.440216064453125
2.440216064453125
2.440216064453125
2.440216064453125
2.440216064453125
2.440216064453125
2.440216064453125
2.440216064453125
2.440216064453125
16.59905242919922
25.488513946533203
22.951698303222656
2.440216064453125
2.440216064453125
16.59905242919922
2.440216064453125
2.440216064453125
2.440216064453125
16.59905242919922
2.440216064453125
2.440216064453125
31.139577865600586
2.440216064453125
2.440216064453125
16.59905242919922
21.032583236694336
13.664962768554688
2.440216064453125
2.440216064453125
16.59905242919922
2.440216064453125
2.440216064453125
2.440216064453125
16.59905242919922
2.440216064453125
2.440216064453125
2.440216064453125
2.440216064453125
16.59905242919922
12.758613586425781
11.537227630615234
2.440216064453125
13.383792877197266
12.473684310913086
2.440216064453125
16.59905242919922
2.440216064453125
2.440216064453125
2.440216064453125
2.440216064453125
16.59905242919922
13.75363540649414
11.249055862426758
2.440216064453125
2.440216064453125
16.59905242919922
25.815078735351562
2.440216064453125
2.440216064453125
13.141500473022461
10.019649505615234
28.781471252441406
12.247785568237305
2.440216064453125
2.440216064453125
16.59905242919922
18.781005859375
18.781005859375
13.346698760986328
14.933706283569336
18.781005859375
16.59905242919922
18.781005859375
18.781005859375
16.59905242919922
17.44150161743164
17.44150161743164
21.032583236694336
14.518638610839844
17.44150161743164
17.44150161743164
19.32071304321289
17.36709213256836
19.32071304321289
19.92679214477539
16.59905242919922
17.99799919128418
17.99799919128418
17.32513427734375
22.123043060302734
16.59905242919922
17.99799919128418
17.99799919128418
13.456689834594727
19.468097686767578
12.18769645690918
17.99799919128418
25.90901756286621
16.59905242919922
13.75363540649414
11.635196685791016
23.961885452270508
23.247581481933594
18.677541732788086
11.73427963256836
10.254501342773438
17.32513427734375
15.925628662109375
19.27339744567871
21.986732482910156
11.380950927734375
18.677541732788086
12.482767105102539
19.32071304321289
17.76573371887207
12.779058456420898
12.779058456420898
11.370147705078125
10.951698303222656
28.781471252441406
13.53310775756836
12.215812683105469
11.478307723999023
11.516393661499023
16.59905242919922
12.495201110839844
19.32071304321289
12.79345703125
18.677541732788086
11.098075866699219
11.147241592407227
10.869024276733398
19.320926666259766
10.951698303222656
13.043212890625
13.535022735595703
12.134803771972656
12.146480560302734
12.409133911132812
19.320926666259766
12.300727844238281
19.320926666259766
16.59905242919922
19.320926666259766
28.781471252441406
17.773075103759766
19.320926666259766
21.053668975830078
10.563928604125977
10.864860534667969
19.320781707763672
21.052799224853516
14.191469192504883
13.212730407714844
8.303089141845703
25.664791107177734
23.402851104736328
25.052350997924805
20.50262451171875
25.052350997924805
20.50262451171875
17.068138122558594
14.474300384521484
16.004642486572266
21.611907958984375
12.88068962097168
15.60057258605957
6.5702362060546875
9.17650032043457
13.212730407714844
8.087936401367188
18.050495147705078
16.63190269470215
15.60057258605957
11.56051254272461
18.050495147705078
18.949779510498047
15.034221649169922
15.422828674316406
21.186695098876953
42.99095916748047
15.60057258605957
9.70920181274414
10.964359283447266
25.052350997924805
20.50262451171875
16.758750915527344
25.052350997924805
20.50262451171875
16.758750915527344
29.64339828491211
20.146663665771484
21.674772262573242
7.145843505859375
18.050495147705078
16.63190269470215
16.249019622802734
20.146663665771484
21.674772262573242
23.958101272583008
20.146663665771484
21.674772262573242
23.958101272583008
26.199626922607422
26.807876586914062
26.807876586914062
26.807876586914062
12.87120246887207
12.869209289550781
20.146663665771484
21.674772262573242
23.958101272583008
18.050495147705078
16.63190269470215
20.313159942626953
20.146663665771484
21.674772262573242
23.958101272583008
20.146663665771484
13.861066818237305
13.642250061035156
18.712322235107422
16.437225341796875
14.776893615722656
13.240530014038086
9.248443603515625
16.437225341796875
14.776893615722656
23.668800354003906
20.986835479736328
23.668800354003906
23.668800354003906
20.986835479736328
48.67268371582031
11.189888000488281
10.897832870483398
13.938552856445312
21.674772262573242
23.958101272583008
9.417226791381836
22.180885314941406
19.194677352905273
22.180885314941406
20.905078887939453
21.760526657104492
18.985416412353516
17.026643753051758
21.760526657104492
18.985416412353516
21.760526657104492
12.812721252441406
14.650337219238281
16.981792449951172
15.900005340576172
10.746984481811523
17.61949920654297
15.645065307617188
18.92337989807129
13.972034454345703
13.746997833251953
13.972034454345703
19.455039978027344
17.130573272705078
19.455039978027344
13.769460678100586
16.64944076538086
13.769460678100586
12.714340209960938
11.778154373168945
12.714340209960938
16.437225341796875
14.776893615722656
8.692316055297852
23.511276245117188
49.907203674316406
19.638484954833984
22.562650680541992
19.638484954833984
9.624420166015625
11.007699966430664
9.707599639892578
12.343460083007812
11.58481216430664
14.048858642578125
21.760526657104492
18.985416412353516
17.198211669921875
17.365657806396484
20.186614990234375
15.978717803955078
8.659294128417969
20.335895538330078
9.765974044799805
10.039131164550781
12.377584457397461
13.65566635131836
16.549604415893555
17.098552703857422
32.0212516784668
17.551223754882812
12.124137878417969
11.067249298095703
11.542257308959961
8.852787017822266
13.77336311340332
12.371227264404297
17.475997924804688
14.89493179321289
17.475997924804688
15.220602035522461
9.179004669189453
20.541728973388672
17.007360458374023
17.173276901245117
9.620973587036133
16.417129516601562
20.645824432373047
19.01681900024414
18.226877212524414
7.666412353515625
19.49847412109375
16.734176635742188
19.49847412109375
12.790203094482422
20.242603302001953
16.530946731567383
20.242603302001953
20.242603302001953
16.530946731567383
22.41172218322754
22.846210479736328
22.41172218322754
20.242603302001953
16.530946731567383
20.242603302001953
15.032634735107422
18.537410736083984
16.172306060791016
20.242603302001953
16.530946731567383
16.082317352294922
20.242603302001953
16.530946731567383
20.242603302001953
31.93657684326172
15.053781509399414
31.93657684326172
20.242603302001953
16.530946731567383
20.242603302001953
16.530946731567383
20.242603302001953
17.86667823791504
18.783340454101562
17.25838851928711
17.2520751953125
23.21649169921875
20.326169967651367
18.53999900817871
7.878839492797852
19.43246841430664
10.851943969726562
20.79595184326172
18.795841217041016
19.868974685668945
18.795841217041016
23.593822479248047
23.30899429321289
23.593822479248047
16.28038787841797
13.315048217773438
16.28038787841797
12.704586029052734
29.600479125976562
7.341218948364258
15.438400268554688
25.088111877441406
15.438400268554688
21.55840301513672
20.242603302001953
16.530946731567383
25.052350997924805
20.50262451171875
24.018817901611328
20.242603302001953
16.530946731567383
16.28038787841797
13.315048217773438
16.28038787841797
36.47898864746094
19.791650772094727
12.897869110107422
19.791650772094727
14.650337219238281
16.981792449951172
15.900005340576172
8.484298706054688
19.791650772094727
12.897869110107422
19.791650772094727
19.791650772094727
12.897869110107422
20.242603302001953
16.530946731567383
11.666257858276367
14.791465759277344
16.78215789794922
26.010318756103516
16.782180786132812
9.035406112670898
10.149541854858398
18.794523239135742
19.867929458618164
52.252716064453125
31.571474075317383
16.676027297973633
21.287580490112305
14.964324951171875
83.36857604980469
22.951698303222656
35.929222106933594
19.32071304321289
10.219406127929688
19.36496353149414
12.525045394897461
12.758611679077148
21.986732482910156
26.895614624023438
21.032588958740234
28.487323760986328
25.076217651367188
26.867103576660156
11.734281539916992
12.360984802246094
12.758611679077148
18.053733825683594
17.32513427734375
26.39159393310547
28.781471252441406
15.516408920288086
19.32071304321289
11.190120697021484
19.32071304321289
14.24966049194336
11.889366149902344
19.32071304321289
18.703685760498047
18.238637924194336
13.24703598022461
21.05367088317871
11.892303466796875
24.164337158203125
17.138675689697266
37.215084075927734
35.884925842285156
28.781471252441406
11.37208366394043
11.816205978393555
13.033210754394531
21.87902069091797
18.053733825683594
11.80575180053711
18.053733825683594
28.781471252441406
28.781471252441406
20.48859405517578
20.48859405517578
17.65345001220703
20.48859405517578
14.729183197021484
12.751716613769531
21.032588958740234
11.023134231567383
36.014747619628906
51.889564514160156
12.758611679077148
17.56729507446289
12.758611679077148
12.540584564208984
25.22957992553711
57.40062713623047
21.05367088317871
11.793514251708984
11.955812454223633
12.758611679077148
13.594442367553711
17.32513427734375
12.294017791748047
12.294017791748047
11.678306579589844
12.294017791748047
19.32071304321289
12.187694549560547
15.120820999145508
17.464696884155273
21.05367088317871
13.31210708618164
17.138675689697266
12.950674057006836
11.699127197265625
21.986732482910156
14.886053085327148
17.32513427734375
11.991127014160156
13.361576080322266
16.891090393066406
19.32071304321289
12.994148254394531
31.139577865600586
21.05367088317871
19.27339744567871
21.05367088317871
13.709495544433594
12.698867797851562
11.994583129882812
12.698867797851562
11.991127014160156
12.095592498779297
12.934505462646484
12.095592498779297
12.095592498779297
12.095592498779297
12.095592498779297
12.095592498779297
18.22042465209961
12.095592498779297
17.32513427734375
11.999090194702148
12.095592498779297
13.321748733520508
28.781471252441406
13.227523803710938
28.781471252441406
13.484834671020508
12.095592498779297
17.055089950561523
12.095592498779297
12.095592498779297
12.095592498779297
12.934505462646484
12.095592498779297
12.09554672241211
12.09554672241211
12.09554672241211
12.09554672241211
12.09554672241211
12.09554672241211
12.09554672241211
12.09554672241211
12.934337615966797
14.420494079589844
12.09554672241211
12.069862365722656
12.09554672241211
11.456558227539062
12.09554672241211
12.09554672241211
12.33404541015625
12.09554672241211
11.456558227539062
12.934337615966797
14.970983505249023
11.14272689819336
15.474145889282227
11.456558227539062
11.456558227539062
