3.8799819946289062
3.769977569580078
18.169082641601562
8.88827896118164
7.686309814453125
9.99039077758789
-4.338153839111328
11.210365295410156
6.694194793701172
7.081890106201172
-0.5051078796386719
3.0074195861816406
33.88785171508789
-4.871437072753906
0.6634674072265625
6.505084991455078
21.316822052001953
4.528026580810547
-0.055614471435546875
3.381305694580078
8.751392364501953
9.2999267578125
5.546928405761719
6.694194793701172
4.486053466796875
-5.350135803222656
4.146053314208984
9.02618408203125
24.60532569885254
2.6359519958496094
-3.901092529296875
0.17240524291992188
4.4764862060546875
0.5986328125
1.3752288818359375
7.144145965576172
6.694194793701172
9.036815643310547
12.684123992919922
25.040695190429688
11.249614715576172
17.901166915893555
5.4367828369140625
2.4611778259277344
-5.383907318115234
4.474369049072266
-3.9082717895507812
1.1385421752929688
0.8607711791992188
6.761493682861328
3.9381942749023438
9.485038757324219
12.822029113769531
8.550708770751953
9.248748779296875
3.1674842834472656
1.3752288818359375
0.17240524291992188
13.089439392089844
11.130195617675781
-3.4766693115234375
13.23067855834961
1.0197601318359375
3.769977569580078
8.419029235839844
5.296192169189453
4.5177459716796875
26.296985626220703
27.664581298828125
1.3752288818359375
6.858394622802734
22.809322357177734
9.927875518798828
2.3724899291992188
8.771141052246094
9.220855712890625
9.872325897216797
6.538265228271484
11.481494903564453
4.501869201660156
12.071033477783203
19.546493530273438
13.946914672851562
8.101451873779297
8.419029235839844
11.63958740234375
-4.163677215576172
4.634422302246094
9.646339416503906
8.45722770690918
8.782804489135742
11.210365295410156
11.567909240722656
13.23067855834961
8.455192565917969
16.329015731811523
10.549720764160156
1.0197601318359375
9.2999267578125
8.751392364501953
1.8978919982910156
-1.6712837219238281
16.09740447998047
3.2011642456054688
15.771636962890625
6.566261291503906
2.5376510620117188
4.648601531982422
10.554939270019531
-5.847629547119141
13.686798095703125
11.63958740234375
4.275108337402344
3.0053138732910156
11.814525604248047
10.420074462890625
4.275108337402344
6.814849853515625
12.559440612792969
-6.4589080810546875
12.258005142211914
8.45722770690918
-1.551788330078125
12.737083435058594
5.546928405761719
8.648200988769531
3.4952392578125
8.751392364501953
5.540935516357422
7.366168975830078
3.4140090942382812
-3.9909133911132812
4.4764862060546875
8.514305114746094
16.93883514404297
6.912502288818359
3.3070335388183594
21.091835021972656
0.7592010498046875
9.52313232421875
7.190338134765625
0.7849807739257812
8.168716430664062
16.329015731811523
8.80733871459961
-0.4014701843261719
8.101451873779297
21.89128875732422
0.2540130615234375
4.474369049072266
5.175716400146484
5.546928405761719
6.637855529785156
10.420074462890625
9.731853485107422
9.840621948242188
6.515693664550781
3.1674842834472656
-1.7403488159179688
6.083187103271484
6.814849853515625
14.768402099609375
0.3096656799316406
16.09740447998047
-0.16664886474609375
-6.2187957763671875
4.426776885986328
9.281944274902344
0.17240524291992188
13.23067855834961
6.167116165161133
4.4764862060546875
-3.1981964111328125
10.24020004272461
8.45722770690918
9.497085571289062
4.8006439208984375
15.130619049072266
10.23050308227539
-1.392852783203125
8.959968566894531
-1.3577384948730469
10.150848388671875
9.485038757324219
11.210365295410156
9.542137145996094
14.400474548339844
13.23067855834961
11.369178771972656
11.210365295410156
-0.4014701843261719
1.8978919982910156
-1.3470382690429688
-2.041912078857422
4.1755828857421875
1.014251708984375
10.23050308227539
6.369476318359375
1.3752288818359375
2.3689537048339844
1.3752288818359375
11.834991455078125
3.7072181701660156
16.09740447998047
3.1040077209472656
16.329015731811523
11.210365295410156
11.501548767089844
3.1674842834472656
17.41724395751953
4.62896728515625
8.45722770690918
1.4019355773925781
13.48307991027832
13.030265808105469
6.785167694091797
8.178863525390625
11.369178771972656
9.660003662109375
5.952144622802734
3.281219482421875
13.23067855834961
10.39532470703125
17.96886444091797
4.95111083984375
9.995697021484375
8.419029235839844
63.14796447753906
25.85565185546875
9.52313232421875
1.5986747741699219
6.814849853515625
4.4764862060546875
9.196273803710938
-5.567955017089844
14.500446319580078
48.1011848449707
6.333759307861328
10.566883087158203
8.178863525390625
3.050628662109375
3.1674842834472656
6.8589324951171875
0.32582855224609375
0.5321998596191406
8.419029235839844
-3.4294700622558594
6.858394622802734
5.949211120605469
-2.2532615661621094
-6.4589080810546875
27.497394561767578
2.5008621215820312
-1.5548858642578125
2.306232452392578
3.8799819946289062
16.329015731811523
3.2011642456054688
3.332569122314453
7.717983245849609
19.10546875
8.254650115966797
10.176462173461914
13.48307991027832
8.419029235839844
2.0233116149902344
0.8567771911621094
18.318613052368164
13.980224609375
4.191280364990234
6.694194793701172
8.918949127197266
-6.915546417236328
6.08612060546875
3.2011642456054688
10.084827423095703
3.3070335388183594
9.7008056640625
11.130195617675781
6.986907958984375
1.3752288818359375
12.839773178100586
9.840621948242188
2.6400222778320312
-4.300296783447266
10.615081787109375
3.8799819946289062
4.474369049072266
6.986907958984375
1.9175529479980469
3.7072181701660156
5.546928405761719
12.737083435058594
8.80733871459961
4.275108337402344
4.7183990478515625
13.174186706542969
4.648601531982422
4.376834869384766
1.9397392272949219
16.410255432128906
10.79721450805664
2.4686241149902344
16.370546340942383
4.171375274658203
3.050628662109375
10.24020004272461
16.982269287109375
21.316822052001953
2.6359519958496094
4.486053466796875
4.1755828857421875
-0.4014701843261719
1.8978919982910156
9.2203369140625
3.769977569580078
4.275108337402344
3.2011642456054688
-3.5956039428710938
6.08612060546875
9.485038757324219
5.546928405761719
43.182071685791016
-2.9225997924804688
9.840621948242188
6.694194793701172
8.550708770751953
7.504280090332031
11.210365295410156
6.08612060546875
21.795475006103516
6.538265228271484
10.881462097167969
21.316822052001953
3.9588890075683594
1.8978919982910156
9.220319747924805
0.5986328125
0.6634674072265625
2.3701133728027344
9.660003662109375
8.419029235839844
10.549720764160156
13.174186706542969
5.546928405761719
12.983329772949219
8.419029235839844
18.318613052368164
4.111392974853516
6.515693664550781
0.17240524291992188
1.4019355773925781
7.468147277832031
9.246780395507812
14.978874206542969
3.6230316162109375
-1.5548858642578125
3.2011642456054688
19.199268341064453
0.17240524291992188
1.8978919982910156
19.199268341064453
10.90850830078125
-1.3361167907714844
10.028717041015625
14.500446319580078
9.840621948242188
16.935134887695312
-0.3017120361328125
10.509941101074219
3.644275665283203
11.316307067871094
2.7008018493652344
0.17240524291992188
30.488216400146484
11.867557525634766
4.90435791015625
6.1023406982421875
2.6359519958496094
2.615955352783203
-0.18017196655273438
0.2912712097167969
1.3752288818359375
8.168716430664062
19.38033676147461
6.389671325683594
21.66758918762207
0.17168045043945312
8.455543518066406
8.418292999267578
19.198894500732422
1.1789894104003906
0.5645675659179688
8.457448959350586
9.840991973876953
18.740890502929688
19.609989166259766
12.014244079589844
4.485836029052734
16.329631805419922
25.831851959228516
18.187732696533203
18.187732696533203
13.727020263671875
13.727020263671875
13.727020263671875
15.002540588378906
22.27399444580078
45.48362350463867
9.916391372680664
18.826297760009766
39.93212890625
51.8625602722168
52.03846740722656
19.291194915771484
10.375446319580078
10.737983703613281
13.486030578613281
8.095855712890625
11.876060485839844
10.744369506835938
19.17212677001953
19.17212677001953
11.095458984375
19.17212677001953
12.111248016357422
11.59124755859375
31.986770629882812
12.830307006835938
45.09719467163086
26.847984313964844
11.940044403076172
30.489456176757812
11.895744323730469
19.322795867919922
18.88726043701172
18.982421875
0.08968353271484375
10.87094497680664
11.971622467041016
26.355022430419922
18.88726043701172
35.33945083618164
18.88726043701172
22.09200668334961
18.88726043701172
18.88726043701172
18.88726043701172
18.88726043701172
18.88726043701172
18.88726043701172
18.88726043701172
18.88726043701172
18.88726043701172
18.88726043701172
18.88726043701172
18.88726043701172
18.88726043701172
18.88726043701172
18.88726043701172
18.88726043701172
18.88726043701172
18.88726043701172
11.718170166015625
12.264091491699219
12.026695251464844
11.911903381347656
20.639690399169922
11.89352035522461
12.219280242919922
12.125221252441406
34.83774948120117
10.144004821777344
10.144004821777344
2.817901611328125
39.259765625
7.271656036376953
6.935459136962891
10.217979431152344
6.7242584228515625
6.935459136962891
8.537242889404297
6.666404724121094
2.887714385986328
10.023014068603516
3.4710044860839844
-2.022754669189453
18.662418365478516
11.130195617675781
11.130195617675781
-1.0979804992675781
4.422828674316406
-1.0200767517089844
20.28652572631836
20.28652572631836
18.662418365478516
15.273433685302734
-0.6885108947753906
13.163394927978516
4.872333526611328
58.36589050292969
4.697288513183594
9.916391372680664
68.8277587890625
6.580036163330078
12.962343215942383
6.935459136962891
7.126369476318359
26.296985626220703
6.544231414794922
7.6485443115234375
7.020092010498047
7.6485443115234375
16.192176818847656
13.937679290771484
12.989459991455078
11.308319091796875
9.032035827636719
16.935791015625
21.432479858398438
11.94082260131836
13.17947769165039
10.70608901977539
-1.0164527893066406
1.8683433532714844
7.490303039550781
3.0419692993164062
3.4999427795410156
2.3160552978515625
9.490509033203125
11.617443084716797
9.14779281616211
-4.307186126708984
-2.094676971435547
5.501255035400391
0.514312744140625
4.294864654541016
16.864688873291016
1.8916587829589844
13.683971405029297
7.316246032714844
-1.83050537109375
14.52676773071289
5.316070556640625
3.15203857421875
-3.191905975341797
0.01918792724609375
9.213909149169922
5.808773040771484
5.808773040771484
5.808773040771484
9.213909149169922
9.213909149169922
8.866329193115234
8.866329193115234
2.3189163208007812
2.3189163208007812
9.213909149169922
7.356845855712891
12.354522705078125
9.934947967529297
1.8391799926757812
5.808773040771484
-2.9775466918945312
10.175037384033203
6.993633270263672
-1.4391555786132812
-1.5355224609375
-1.2422981262207031
0.00405120849609375
1.8391799926757812
-1.4025344848632812
-3.1994667053222656
5.2292327880859375
3.15203857421875
3.15203857421875
3.15203857421875
5.501255035400391
2.6539306640625
1.248016357421875
0.8950614929199219
9.213909149169922
6.2456512451171875
0.01918792724609375
0.01918792724609375
9.213909149169922
21.613956451416016
5.869903564453125
5.4112396240234375
3.15203857421875
5.501255035400391
21.29438018798828
3.15203857421875
1.8391799926757812
-3.5346755981445312
4.590850830078125
6.165802001953125
6.247020721435547
5.501255035400391
2.3529891967773438
9.314056396484375
6.676544189453125
12.726558685302734
-0.5930023193359375
10.751678466796875
4.293750762939453
-3.645893096923828
19.561800003051758
5.501255035400391
3.15203857421875
0.28414154052734375
8.858211517333984
4.5807342529296875
12.534759521484375
8.90866470336914
5.1365509033203125
5.501255035400391
-1.5689506530761719
16.99999237060547
11.622150421142578
8.174755096435547
7.575260162353516
8.353565216064453
9.651782989501953
9.931488037109375
7.858127593994141
7.9069976806640625
12.722774505615234
6.580036163330078
4.523414611816406
11.97409439086914
10.70608901977539
11.617443084716797
9.14779281616211
9.490509033203125
9.14779281616211
3.0419692993164062
7.490303039550781
3.0419692993164062
3.3501510620117188
4.699337005615234
-0.7874221801757812
1.8683433532714844
-1.0164527893066406
1.8683433532714844
29.72799301147461
10.175037384033203
44.20756149291992
8.65974235534668
6.521614074707031
8.65974235534668
0.1779937744140625
8.65974235534668
6.521614074707031
8.65974235534668
-1.6679458618164062
17.731582641601562
7.147312164306641
-1.116241455078125
8.746646881103516
6.535835266113281
5.782314300537109
10.849246978759766
6.286762237548828
10.849246978759766
10.849246978759766
6.286762237548828
-2.603069305419922
6.809978485107422
3.7833480834960938
6.809978485107422
8.990962982177734
7.381904602050781
14.678428649902344
9.099571228027344
13.248416900634766
1.9175529479980469
6.672523498535156
1.9175529479980469
9.785694122314453
12.538639068603516
9.785694122314453
2.5699234008789062
1.519744873046875
11.807609558105469
11.661113739013672
0.033306121826171875
2.3189163208007812
2.3189163208007812
2.3189163208007812
8.866329193115234
8.866329193115234
8.866329193115234
8.866329193115234
2.3189163208007812
8.866329193115234
2.3189163208007812
2.3189163208007812
2.3189163208007812
2.3189163208007812
8.866329193115234
8.866329193115234
8.866329193115234
-0.9795379638671875
0.3422813415527344
6.809978485107422
3.7833480834960938
6.809978485107422
4.528095245361328
8.01955795288086
10.849246978759766
6.286762237548828
10.849246978759766
8.620853424072266
10.849246978759766
6.286762237548828
15.255472183227539
13.469234466552734
15.255472183227539
-1.0405921936035156
17.06475830078125
13.688369750976562
13.688369750976562
5.261585235595703
10.849246978759766
6.286762237548828
10.849246978759766
6.286762237548828
10.849246978759766
18.76345443725586
4.766193389892578
0.9947090148925781
5.685199737548828
8.389419555664062
-3.4460792541503906
5.85711669921875
3.3339004516601562
5.85711669921875
8.455192565917969
0.21942520141601562
8.455192565917969
1.8241310119628906
3.3859100341796875
5.535858154296875
6.2376708984375
6.671413421630859
5.85711669921875
3.3339004516601562
5.85711669921875
11.639127731323242
11.130195617675781
11.639127731323242
13.94308090209961
10.969478607177734
8.455192565917969
0.21942520141601562
8.455192565917969
8.455192565917969
0.21942520141601562
10.849246978759766
6.286762237548828
9.068016052246094
-0.75079345703125
5.685199737548828
8.389419555664062
5.685199737548828
10.849246978759766
10.69842529296875
8.637310028076172
17.019790649414062
8.637310028076172
14.987895965576172
11.020275115966797
14.987895965576172
14.987895965576172
12.354522705078125
7.356845855712891
12.354522705078125
12.354522705078125
7.356845855712891
45.12461853027344
7.722320556640625
4.038112640380859
9.075248718261719
7.869098663330078
9.075248718261719
6.993633270263672
10.175037384033203
6.993633270263672
4.340167999267578
0.42937469482421875
6.6113433837890625
7.396049499511719
10.381757736206055
-1.6964607238769531
23.503097534179688
8.01125717163086
4.038112640380859
4.879184722900391
8.042556762695312
-2.53564453125
0.8950614929199219
-2.590496063232422
4.375644683837891
5.573520660400391
-1.9405670166015625
2.3189163208007812
2.3189163208007812
2.3189163208007812
12.916984558105469
1.8166732788085938
13.034908294677734
1.204132080078125
2.3189163208007812
2.3189163208007812
2.3189163208007812
2.3189163208007812
2.3189163208007812
18.662418365478516
6.838268280029297
6.280719757080078
13.072235107421875
12.354522705078125
7.356845855712891
0.5485420227050781
21.091835021972656
14.635383605957031
12.295101165771484
0.36231231689453125
-10.979305267333984
12.295101165771484
-10.979305267333984
27.305694580078125
51.130210876464844
-10.979305267333984
-10.979305267333984
-10.979305267333984
-10.979305267333984
7.981098175048828
-10.979305267333984
-10.979305267333984
-10.979305267333984
-10.979305267333984
-10.979305267333984
-10.979305267333984
-10.979305267333984
-10.979305267333984
-10.979305267333984
-10.979305267333984
4.511444091796875
29.58818817138672
12.295101165771484
-10.979305267333984
-10.979305267333984
4.511444091796875
-10.979305267333984
-10.979305267333984
-10.979305267333984
4.511444091796875
-10.979305267333984
-10.979305267333984
19.414825439453125
-10.979305267333984
-10.979305267333984
4.511444091796875
11.12152099609375
8.135444641113281
-10.979305267333984
-10.979305267333984
4.511444091796875
-10.979305267333984
-10.979305267333984
-10.979305267333984
4.511444091796875
-10.979305267333984
-10.979305267333984
-10.979305267333984
-10.979305267333984
4.511444091796875
1.9875717163085938
-0.26132965087890625
-10.979305267333984
2.7954254150390625
2.5447463989257812
-10.979305267333984
4.511444091796875
-10.979305267333984
-10.979305267333984
-10.979305267333984
-10.979305267333984
4.511444091796875
2.1758041381835938
0.6251335144042969
-10.979305267333984
-10.979305267333984
4.511444091796875
21.807056427001953
-10.979305267333984
-10.979305267333984
1.46142578125
-1.6098480224609375
18.176494598388672
-0.604248046875
-10.979305267333984
-10.979305267333984
4.511444091796875
7.6239776611328125
7.6239776611328125
4.791652679443359
4.255397796630859
7.6239776611328125
4.511444091796875
7.6239776611328125
7.6239776611328125
4.511444091796875
5.493602752685547
5.493602752685547
11.12152099609375
3.8959426879882812
5.493602752685547
5.493602752685547
9.932018280029297
5.910758972167969
9.932018280029297
13.847721099853516
4.511444091796875
6.141826629638672
6.141826629638672
6.414981842041016
12.284492492675781
4.511444091796875
6.141826629638672
6.141826629638672
3.349346160888672
8.24367904663086
-0.06645584106445312
6.141826629638672
16.268630981445312
4.511444091796875
2.1758041381835938
1.105194091796875
14.24370002746582
11.66000747680664
7.106723785400391
0.447357177734375
-0.2708702087402344
6.414981842041016
6.0119171142578125
9.916391372680664
13.296260833740234
-1.3442573547363281
7.106723785400391
0.967742919921875
9.932018280029297
7.7641754150390625
0.8018836975097656
0.8018836975097656
-1.2574043273925781
-2.017963409423828
18.176494598388672
2.334918975830078
0.8987960815429688
-0.7780876159667969
-1.0311164855957031
4.511444091796875
0.3678131103515625
9.932018280029297
2.4313087463378906
7.106723785400391
-1.7095146179199219
-0.7427940368652344
-1.8400840759277344
8.20151138305664
-2.017963409423828
1.3475189208984375
2.6127967834472656
-0.09290695190429688
-0.246124267578125
0.9776153564453125
8.20151138305664
0.8603324890136719
8.20151138305664
4.511444091796875
8.20151138305664
18.176494598388672
7.094512939453125
8.20151138305664
8.570171356201172
-1.5664176940917969
-1.5586204528808594
8.202301025390625
8.5694580078125
3.6819915771484375
2.623260498046875
-3.0911407470703125
15.273433685302734
13.277366638183594
14.66794204711914
9.211788177490234
14.66794204711914
9.211788177490234
8.450489044189453
8.571388244628906
7.488716125488281
10.96517562866211
0.2121429443359375
4.235755920410156
-5.5326995849609375
-1.3497505187988281
2.623260498046875
-3.4535980224609375
6.838268280029297
6.280719757080078
4.235755920410156
2.174560546875
6.838268280029297
9.506790161132812
3.8740997314453125
3.9115943908691406
16.172286987304688
42.48102951049805
4.235755920410156
-1.173095703125
0.5014457702636719
14.66794204711914
9.211788177490234
5.016895294189453
14.66794204711914
9.211788177490234
5.016895294189453
26.474681854248047
10.652660369873047
13.387256622314453
-5.8287200927734375
6.838268280029297
6.280723571777344
4.8315582275390625
10.652660369873047
13.387256622314453
12.98086166381836
10.652660369873047
13.387256622314453
12.98086166381836
20.328826904296875
20.286523818969727
20.286523818969727
20.286523818969727
2.615955352783203
2.5705604553222656
10.652660369873047
13.387256622314453
12.98086166381836
6.838268280029297
6.280723571777344
13.07223892211914
10.652660369873047
13.387256622314453
12.98086166381836
10.652660369873047
2.8486251831054688
1.5560455322265625
9.97659683227539
6.083183288574219
4.3380126953125
2.4099655151367188
-2.691181182861328
6.083183288574219
4.3380126953125
12.35451889038086
7.356845855712891
12.35451889038086
12.35451889038086
7.356845855712891
39.60116958618164
-2.3782577514648438
0.18439865112304688
5.4915008544921875
13.387256622314453
12.98086166381836
-1.9405670166015625
13.939472198486328
9.893768310546875
13.939472198486328
31.025802612304688
14.461647033691406
8.381996154785156
6.598304748535156
14.461647033691406
8.381996154785156
14.461647033691406
0.8332901000976562
3.3859100341796875
5.535858154296875
6.237667083740234
0.028339385986328125
7.722320556640625
5.308979034423828
8.011253356933594
4.038112640380859
4.879180908203125
4.038112640380859
9.075248718261719
7.869098663330078
9.075248718261719
3.0419692993164062
7.490303039550781
3.0419692993164062
1.8683433532714844
-1.0164527893066406
1.8683433532714844
6.083183288574219
4.3380126953125
-3.1306724548339844
17.992603302001953
45.438228607177734
6.9936370849609375
10.175041198730469
6.9936370849609375
-1.8400802612304688
-2.4979171752929688
-1.58551025390625
0.8950653076171875
0.21960067749023438
4.375648498535156
14.461647033691406
8.381996154785156
9.614849090576172
9.7586669921875
10.952156066894531
8.644092559814453
-4.387367248535156
10.512298583984375
-1.9636383056640625
-2.3063125610351562
2.8568038940429688
4.037647247314453
8.046131134033203
7.678871154785156
27.057523727416992
5.530120849609375
3.6808395385742188
-1.0676116943359375
0.7270317077636719
-3.365558624267578
2.2341690063476562
0.5155448913574219
6.809978485107422
3.783344268798828
6.809978485107422
1.58502197265625
-1.9612083435058594
10.381759643554688
6.7301788330078125
6.6113433837890625
-2.252758026123047
6.133647918701172
12.53475570678711
8.90866470336914
12.859474182128906
-4.4517669677734375
8.659740447998047
6.521610260009766
8.659740447998047
2.4933509826660156
10.849250793457031
6.286762237548828
10.849250793457031
10.849250793457031
6.286762237548828
14.522720336914062
15.56572151184082
14.522720336914062
10.849250793457031
6.286762237548828
10.849250793457031
4.639678955078125
7.7745361328125
4.9575653076171875
10.849250793457031
6.286762237548828
6.218547821044922
10.849250793457031
6.286762237548828
10.849250793457031
24.348514556884766
8.70751953125
24.348514556884766
10.849250793457031
6.286762237548828
10.849250793457031
6.286762237548828
10.849250793457031
10.676586151123047
9.519859313964844
6.815147399902344
6.890449523925781
11.617443084716797
11.30633544921875
8.830856323242188
-4.76922607421875
8.25003433227539
-0.9143295288085938
9.622406005859375
5.685199737548828
8.389415740966797
5.685199737548828
11.639129638671875
11.130191802978516
11.639129638671875
5.857112884521484
3.3339004516601562
5.857112884521484
-0.2513084411621094
25.261777877807617
-5.468055725097656
4.408168792724609
14.786552429199219
4.408168792724609
8.210304260253906
10.849250793457031
6.286762237548828
14.66794204711914
9.211788177490234
16.20581817626953
10.849250793457031
6.286762237548828
5.857112884521484
3.3339004516601562
5.857112884521484
33.12226104736328
8.455192565917969
0.21942138671875
8.455192565917969
3.3859100341796875
5.535858154296875
6.237667083740234
-3.1882476806640625
8.455192565917969
0.21942138671875
8.455192565917969
8.455192565917969
0.21942138671875
10.849250793457031
6.286762237548828
0.052516937255859375
2.0413665771484375
8.637310028076172
17.019779205322266
8.637187957763672
-2.4180030822753906
-1.1857948303222656
5.6840667724609375
8.387151718139648
51.029319763183594
45.71535873413086
7.143917083740234
17.272457122802734
2.41265869140625
89.77783203125
12.295101165771484
30.716670989990234
9.932014465332031
-1.689361572265625
10.115314483642578
2.6883811950683594
1.9875755310058594
13.296260833740234
17.97113037109375
11.12152099609375
19.622528076171875
16.568920135498047
19.10763931274414
0.4473533630371094
1.6592521667480469
1.9875755310058594
7.981098175048828
6.414981842041016
20.845470428466797
18.176494598388672
4.094112396240234
9.932014465332031
-0.3858604431152344
9.932014465332031
3.2036056518554688
-0.0491943359375
9.932014465332031
8.096389770507812
11.620433807373047
2.2226333618164062
8.570171356201172
1.3492698669433594
19.87252426147461
7.653888702392578
44.93871307373047
41.34703826904297
18.176494598388672
-0.549957275390625
-0.0403289794921875
1.3495063781738281
17.940330505371094
7.981098175048828
0.13714599609375
7.981098175048828
18.176494598388672
18.176494598388672
10.209636688232422
10.209636688232422
7.449550628662109
10.209636688232422
3.2349929809570312
1.2616767883300781
11.12152099609375
-1.5037574768066406
39.17600631713867
58.96428680419922
1.9875755310058594
6.531734466552734
1.9875755310058594
1.1305885314941406
16.55866813659668
57.160789489746094
8.570171356201172
0.043766021728515625
-0.141693115234375
1.9875755310058594
2.0305747985839844
6.414981842041016
-0.6798324584960938
-0.6798324584960938
-1.1895637512207031
-0.6798324584960938
9.932014465332031
-0.0664520263671875
3.8944931030273438
6.438301086425781
8.570171356201172
1.8055534362792969
7.653888702392578
1.5043754577636719
-0.8553886413574219
13.296260833740234
4.263339996337891
6.414981842041016
-0.945831298828125
2.000244140625
5.446460723876953
9.932014465332031
2.656993865966797
19.414825439453125
8.570171356201172
9.916393280029297
8.570171356201172
2.93218994140625
0.7564430236816406
0.023944854736328125
0.7564430236816406
-0.945831298828125
-0.8825416564941406
0.5039749145507812
-0.8825416564941406
-0.8825416564941406
-0.8825416564941406
-0.8825416564941406
-0.8825416564941406
10.298702239990234
-0.8825416564941406
6.414981842041016
-1.0188140869140625
-0.8825416564941406
2.2156028747558594
18.176494598388672
1.8980178833007812
18.176494598388672
2.4154510498046875
-0.8825416564941406
7.011920928955078
-0.8825416564941406
-0.8825416564941406
-0.8825416564941406
0.5039749145507812
-0.8825416564941406
-0.8824386596679688
-0.8824386596679688
-0.8824386596679688
-0.8824386596679688
-0.8824386596679688
-0.8824386596679688
-0.8824386596679688
-0.8824386596679688
0.5035018920898438
3.9133758544921875
-0.8824386596679688
-0.2825355529785156
-0.8824386596679688
-1.2712440490722656
-0.8824386596679688
-0.8824386596679688
0.14628219604492188
-0.8824386596679688
-1.2712440490722656
0.5035018920898438
3.117717742919922
-1.6682586669921875
5.370574951171875
-1.2712440490722656
-1.2712440490722656
