8.97885513305664
9.840023040771484
21.51793670654297
13.99534797668457
13.008323669433594
14.816719055175781
1.2265205383300781
16.81482696533203
11.890403747558594
12.449020385742188
4.908199310302734
8.187984466552734
36.08417510986328
1.0344009399414062
6.045295715332031
11.443767547607422
21.43535614013672
8.92770004272461
6.1086578369140625
7.959491729736328
14.85151481628418
15.458808898925781
12.006742477416992
11.890403747558594
9.642070770263672
0.2907867431640625
9.04814338684082
14.962074279785156
26.354581832885742
8.064058303833008
1.9030342102050781
6.249471664428711
9.994909286499023
5.755126953125
6.519329071044922
12.119308471679688
11.890403747558594
10.681499481201172
14.167732238769531
29.40399932861328
16.252702713012695
21.26682472229004
8.935724258422852
7.616357803344727
0.4807281494140625
9.080879211425781
1.9085521697998047
6.6024017333984375
6.2344970703125
10.482200622558594
9.20109748840332
15.545562744140625
17.37919044494629
13.422149658203125
14.70022201538086
8.508466720581055
6.519329071044922
6.249471664428711
16.814105987548828
17.254974365234375
2.136821746826172
18.543087005615234
6.366203308105469
9.840023040771484
14.034784317016602
11.0245361328125
10.336708068847656
27.984622955322266
28.114681243896484
6.519329071044922
10.938188552856445
26.708019256591797
14.562419891357422
6.783622741699219
13.3365478515625
12.956558227539062
9.185443878173828
11.864322662353516
15.386032104492188
9.51327896118164
15.678546905517578
21.882129669189453
19.79493522644043
13.514129638671875
14.034784317016602
16.289182662963867
1.4318771362304688
9.82278823852539
15.689334869384766
14.573501586914062
13.08187484741211
16.81482696533203
16.119152069091797
18.543087005615234
14.118621826171875
19.65176010131836
14.61520767211914
6.366203308105469
15.458808898925781
14.85151481628418
8.084197998046875
3.3362579345703125
20.69737434387207
8.31524658203125
18.72394371032715
11.046648025512695
7.876190185546875
10.045635223388672
15.681644439697266
0.040225982666015625
14.67855453491211
16.289182662963867
9.547401428222656
8.68377685546875
17.078144073486328
15.610204696655273
9.547401428222656
12.409830093383789
16.896690368652344
-0.6298828125
17.845027923583984
14.573501586914062
3.866209030151367
17.21572494506836
12.006742477416992
12.898761749267578
8.023849487304688
14.85151481628418
10.912803649902344
11.683633804321289
8.541173934936523
1.9951744079589844
9.994909286499023
12.750022888183594
21.047382354736328
12.013294219970703
8.478137969970703
23.490142822265625
5.904045104980469
14.34602165222168
11.387523651123047
6.032909393310547
13.614967346191406
19.65176010131836
12.716529846191406
5.242584228515625
13.514129638671875
24.898544311523438
5.510974884033203
9.080879211425781
10.555580139160156
12.006742477416992
11.822799682617188
15.610204696655273
14.758705139160156
15.068344116210938
11.82826042175293
8.508466720581055
3.1947479248046875
11.29782485961914
12.409830093383789
19.19613265991211
6.118476867675781
20.69737434387207
5.167938232421875
-0.17420196533203125
9.47903060913086
13.63664436340332
6.249471664428711
18.543087005615234
11.194276809692383
9.994909286499023
1.8770065307617188
16.00057601928711
14.573501586914062
14.47784423828125
9.975324630737305
16.044452667236328
15.866683959960938
4.030513763427734
14.796606063842773
4.251440048217773
15.028152465820312
15.545562744140625
16.81482696533203
11.476341247558594
19.815650939941406
18.543087005615234
16.48682403564453
16.81482696533203
5.242584228515625
8.084197998046875
3.771015167236328
3.5470123291015625
9.351898193359375
5.783870697021484
15.866683959960938
11.302265167236328
6.519329071044922
8.33082389831543
6.519329071044922
16.08422088623047
8.23337173461914
20.69737434387207
9.085002899169922
19.65176010131836
16.81482696533203
15.197162628173828
8.508466720581055
18.05337142944336
9.82601547241211
14.573501586914062
6.567523956298828
17.29688835144043
18.092525482177734
11.699798583984375
13.827686309814453
16.48682403564453
14.495672225952148
11.479063034057617
8.55398941040039
18.543087005615234
13.949989318847656
20.993894577026367
9.564645767211914
15.639108657836914
14.034784317016602
57.690711975097656
27.036123275756836
14.34602165222168
6.943935394287109
12.409830093383789
9.994909286499023
14.273918151855469
0.4232177734375
17.833459854125977
46.13603591918945
12.203922271728516
15.485107421875
13.827686309814453
8.113483428955078
8.508466720581055
13.442859649658203
5.021734237670898
5.786167144775391
14.034784317016602
1.9297218322753906
10.938188552856445
9.003936767578125
2.9521236419677734
-0.6298828125
31.67401885986328
7.883415222167969
4.228904724121094
7.977457046508789
8.97885513305664
19.65176010131836
8.31524658203125
9.193490982055664
13.09153938293457
24.878355026245117
12.617595672607422
14.504131317138672
17.29688835144043
14.034784317016602
6.806884765625
6.3346710205078125
22.566566467285156
18.132246017456055
9.537654876708984
11.890403747558594
14.98553466796875
-0.8342857360839844
10.87384033203125
8.31524658203125
14.701087951660156
8.478137969970703
13.999942779541016
17.254974365234375
12.001806259155273
6.519329071044922
17.839874267578125
15.068344116210938
6.997993469238281
1.4946975708007812
13.973575592041016
8.97885513305664
9.080879211425781
12.001806259155273
7.325626373291016
8.23337173461914
12.006742477416992
17.21572494506836
12.716529846191406
9.547401428222656
9.730600357055664
17.390472412109375
10.045635223388672
9.725025177001953
6.1591644287109375
20.87745475769043
15.304885864257812
7.567474365234375
18.552261352539062
9.580852508544922
8.113483428955078
16.00057601928711
19.8570556640625
21.43535614013672
8.064058303833008
9.642070770263672
9.351898193359375
5.242584228515625
8.084197998046875
14.189838409423828
9.840023040771484
9.547401428222656
8.31524658203125
1.8211517333984375
10.87384033203125
15.545562744140625
12.006742477416992
35.906925201416016
2.87286376953125
15.068344116210938
11.890403747558594
13.422149658203125
12.66556167602539
16.81482696533203
10.87384033203125
24.226184844970703
11.864322662353516
15.02845573425293
21.43535614013672
8.509899139404297
8.084197998046875
14.508056640625
5.755126953125
6.045295715332031
7.317964553833008
14.495672225952148
14.034784317016602
14.61520767211914
17.390472412109375
12.006742477416992
18.106563568115234
14.034784317016602
22.566566467285156
8.74850845336914
11.82826042175293
6.249471664428711
6.567523956298828
12.065370559692383
13.615386962890625
17.70448875427246
9.234413146972656
4.228904724121094
8.31524658203125
24.749061584472656
6.249471664428711
8.084197998046875
24.749061584472656
15.026115417480469
3.9946136474609375
14.824417114257812
17.833459854125977
15.068344116210938
21.418603897094727
4.741691589355469
15.748361587524414
9.736055374145508
16.17249298095703
7.627906799316406
6.249471664428711
33.14118194580078
16.845027923583984
10.376667022705078
10.996891021728516
8.064058303833008
7.779117584228516
4.9211273193359375
6.149311065673828
6.519329071044922
13.614967346191406
21.909076690673828
12.015975952148438
26.348896026611328
6.248725891113281
14.118659973144531
14.034730911254883
24.74872589111328
6.460960388183594
5.297382354736328
14.573810577392578
15.06888198852539
23.287797927856445
22.99575424194336
15.685821533203125
9.641960144042969
19.652233123779297
29.903480529785156
21.02005386352539
21.02005386352539
19.156692504882812
19.156692504882812
19.156692504882812
20.742305755615234
27.03447151184082
43.2906494140625
14.3553466796875
22.17731475830078
36.71974563598633
47.51740646362305
49.313026428222656
22.32056999206543
16.529033660888672
16.87590980529785
19.31970977783203
14.33413314819336
18.214324951171875
17.112443923950195
25.05191421508789
25.05191421508789
16.56222152709961
25.05191421508789
17.618362426757812
17.867473602294922
37.6744384765625
16.39138412475586
47.03139114379883
30.31987762451172
15.24173355102539
35.30024719238281
15.088611602783203
24.475879669189453
21.867759704589844
22.895523071289062
6.23370361328125
13.043617248535156
15.203502655029297
34.21958923339844
21.867759704589844
41.42631912231445
21.867759704589844
27.93177604675293
21.867759704589844
21.867759704589844
21.867759704589844
21.867759704589844
21.867759704589844
21.867759704589844
21.867759704589844
21.867759704589844
21.867759704589844
21.867759704589844
21.867759704589844
21.867759704589844
21.867759704589844
21.867759704589844
21.867759704589844
21.867759704589844
21.867759704589844
21.867759704589844
14.824298858642578
15.59274673461914
15.625377655029297
15.096969604492188
22.742361068725586
15.799118041992188
15.01443862915039
15.305538177490234
36.143402099609375
14.945087432861328
14.945087432861328
8.523239135742188
41.75019073486328
13.56881332397461
12.823873519897461
12.424661636352539
12.896549224853516
12.823873519897461
12.931346893310547
12.694580078125
8.327102661132812
13.977153778076172
8.437498092651367
3.424467086791992
22.7388973236084
17.254974365234375
17.254974365234375
4.965299606323242
8.47793960571289
4.860389709472656
22.391115188598633
22.391115188598633
22.7388973236084
19.726463317871094
5.177303314208984
17.81793975830078
9.373212814331055
59.95024108886719
9.809730529785156
14.3553466796875
47.420867919921875
13.473028182983398
17.304000854492188
12.823873519897461
13.3660888671875
27.984622955322266
12.8795166015625
14.658077239990234
13.402976989746094
14.658077239990234
18.65010643005371
17.952735900878906
17.44864273071289
13.363300323486328
12.478477478027344
21.601879119873047
23.921741485595703
17.3767147064209
17.4583797454834
16.270442962646484
4.906839370727539
6.677467346191406
11.933313369750977
7.9734344482421875
10.218376159667969
7.313615798950195
14.44471549987793
17.610633850097656
14.05643081665039
1.418853759765625
2.9574317932128906
11.911705017089844
5.240619659423828
8.243408203125
19.60845947265625
6.8575592041015625
15.761482238769531
11.928571701049805
3.9538421630859375
19.49395751953125
9.640167236328125
8.598264694213867
2.5358963012695312
5.541948318481445
14.326480865478516
11.326408386230469
11.326408386230469
11.326408386230469
14.326480865478516
14.326480865478516
15.344705581665039
15.344705581665039
7.629638671875
7.629638671875
14.326480865478516
14.252437591552734
17.63369369506836
12.984813690185547
7.211643218994141
11.326408386230469
2.2623825073242188
16.14137077331543
13.288793563842773
4.017673492431641
3.828397750854492
4.1113739013671875
4.748624801635742
7.211643218994141
4.113918304443359
2.3450546264648438
9.804807662963867
8.598264694213867
8.598264694213867
8.598264694213867
11.911705017089844
7.692651748657227
6.664722442626953
6.271320343017578
14.326480865478516
10.293693542480469
5.541948318481445
5.541948318481445
14.326480865478516
24.56756591796875
12.250255584716797
7.498722076416016
8.598264694213867
11.911705017089844
22.426847457885742
8.598264694213867
7.211643218994141
1.8983917236328125
8.696578979492188
10.932865142822266
11.388282775878906
11.911705017089844
7.444164276123047
9.253990173339844
10.2294921875
14.48948860168457
5.114068984985352
13.35450553894043
9.474285125732422
2.06890869140625
20.93638038635254
11.911705017089844
8.598264694213867
5.191522598266602
14.043266296386719
9.570442199707031
16.551786422729492
13.710807800292969
8.846263885498047
11.911705017089844
3.7190780639648438
20.93307113647461
16.174880981445312
13.7615966796875
13.675621032714844
13.9014892578125
15.825607299804688
16.186086654663086
13.694671630859375
14.602663040161133
17.438262939453125
13.473028182983398
9.748029708862305
16.724239349365234
16.270442962646484
17.610633850097656
14.05643081665039
14.44471549987793
14.05643081665039
7.9734344482421875
11.933313369750977
7.9734344482421875
7.256589889526367
7.720024108886719
4.884899139404297
6.677467346191406
4.906839370727539
6.677467346191406
30.755712509155273
16.14137077331543
47.08140182495117
13.887821197509766
11.494564056396484
13.887821197509766
5.130210876464844
13.887821197509766
11.494564056396484
13.887821197509766
4.591461181640625
21.711341857910156
11.496700286865234
4.663021087646484
14.131610870361328
11.957122802734375
10.879936218261719
15.715900421142578
11.338455200195312
15.715900421142578
15.715900421142578
11.338455200195312
2.9249839782714844
12.037618637084961
9.126314163208008
12.037618637084961
12.341026306152344
11.537910461425781
14.104686737060547
12.230262756347656
13.822673797607422
7.325626373291016
9.292072296142578
7.325626373291016
14.935014724731445
17.235004425048828
14.935014724731445
8.5313720703125
7.35557746887207
14.651893615722656
15.370153427124023
6.642097473144531
7.629638671875
7.629638671875
7.629638671875
15.344705581665039
15.344705581665039
15.344705581665039
15.344705581665039
7.629638671875
15.344705581665039
7.629638671875
7.629638671875
7.629638671875
7.629638671875
15.344705581665039
15.344705581665039
15.344705581665039
4.341772079467773
6.780239105224609
12.037618637084961
9.126314163208008
12.037618637084961
8.959014892578125
13.089622497558594
15.715900421142578
11.338455200195312
15.715900421142578
12.527759552001953
15.715900421142578
11.338455200195312
18.989030838012695
17.647293090820312
18.989030838012695
5.264472961425781
19.892223358154297
19.141460418701172
19.141460418701172
10.897747039794922
15.715900421142578
11.338455200195312
15.715900421142578
11.338455200195312
15.715900421142578
20.847137451171875
10.30428695678711
6.0137939453125
12.135669708251953
13.528125762939453
2.385528564453125
10.493431091308594
8.508943557739258
10.493431091308594
14.118621826171875
6.310811996459961
14.118621826171875
4.57330322265625
8.928770065307617
11.139656066894531
10.802188873291016
11.959449768066406
10.493431091308594
8.508943557739258
10.493431091308594
17.94298553466797
17.254974365234375
17.94298553466797
15.986934661865234
16.19928741455078
14.118621826171875
6.310811996459961
14.118621826171875
14.118621826171875
6.310811996459961
15.715900421142578
11.338455200195312
14.823074340820312
5.5685577392578125
12.135669708251953
13.528125762939453
12.135669708251953
15.715900421142578
13.982843399047852
12.629615783691406
20.87055206298828
12.629615783691406
19.592403411865234
15.024768829345703
19.592403411865234
19.592403411865234
17.63369369506836
14.252437591552734
17.63369369506836
17.63369369506836
14.252437591552734
38.50151062011719
12.699068069458008
9.055767059326172
14.029533386230469
12.414552688598633
14.029533386230469
13.288793563842773
16.14137077331543
13.288793563842773
10.149785995483398
7.025478363037109
11.705694198608398
12.434518814086914
15.323734283447266
4.478981018066406
26.562891006469727
13.12249755859375
9.055767059326172
9.466289520263672
12.220199584960938
3.007863998413086
6.271320343017578
3.1735763549804688
8.771377563476562
10.114360809326172
3.5607376098632812
7.629638671875
7.629638671875
7.629638671875
17.463863372802734
8.02225112915039
18.331783294677734
5.858650207519531
7.629638671875
7.629638671875
7.629638671875
7.629638671875
7.629638671875
22.7388973236084
12.678947448730469
11.644683837890625
16.828338623046875
17.63369369506836
14.252437591552734
5.451385498046875
23.490142822265625
18.9822940826416
18.11223793029785
5.84190559387207
-1.6430130004882812
18.11223793029785
-1.6430130004882812
29.24272918701172
60.40534973144531
-1.6430130004882812
-1.6430130004882812
-1.6430130004882812
-1.6430130004882812
12.625932693481445
-1.6430130004882812
-1.6430130004882812
-1.6430130004882812
-1.6430130004882812
-1.6430130004882812
-1.6430130004882812
-1.6430130004882812
-1.6430130004882812
-1.6430130004882812
-1.6430130004882812
10.010704040527344
15.448699951171875
18.11223793029785
-1.6430130004882812
-1.6430130004882812
10.010704040527344
-1.6430130004882812
-1.6430130004882812
-1.6430130004882812
10.010704040527344
-1.6430130004882812
-1.6430130004882812
25.313434600830078
-1.6430130004882812
-1.6430130004882812
10.010704040527344
15.74112319946289
10.276861190795898
-1.6430130004882812
-1.6430130004882812
10.010704040527344
-1.6430130004882812
-1.6430130004882812
-1.6430130004882812
10.010704040527344
-1.6430130004882812
-1.6430130004882812
-1.6430130004882812
-1.6430130004882812
10.010704040527344
7.096488952636719
5.630741119384766
-1.6430130004882812
8.061077117919922
7.367176055908203
-1.6430130004882812
10.010704040527344
-1.6430130004882812
-1.6430130004882812
-1.6430130004882812
-1.6430130004882812
10.010704040527344
7.112537384033203
5.6954193115234375
-1.6430130004882812
-1.6430130004882812
10.010704040527344
23.858362197875977
-1.6430130004882812
-1.6430130004882812
7.000225067138672
3.945432662963867
23.47768783569336
5.577249526977539
-1.6430130004882812
-1.6430130004882812
10.010704040527344
12.851099014282227
12.851099014282227
8.836759567260742
9.780942916870117
12.851099014282227
10.010704040527344
12.851099014282227
12.851099014282227
10.010704040527344
11.269140243530273
11.269140243530273
15.74112319946289
9.441165924072266
11.269140243530273
11.269140243530273
14.442386627197266
11.629600524902344
14.442386627197266
16.477506637573242
10.010704040527344
11.8665771484375
11.8665771484375
11.634502410888672
17.37551498413086
10.010704040527344
11.8665771484375
11.8665771484375
8.609128952026367
13.919292449951172
5.700693130493164
11.8665771484375
20.483715057373047
10.010704040527344
7.112537384033203
6.3256988525390625
18.554880142211914
17.424922943115234
12.647668838500977
5.691974639892578
5.067155838012695
11.634502410888672
10.927967071533203
14.3553466796875
16.936586380004883
4.590070724487305
12.647668838500977
6.803863525390625
14.442386627197266
12.728534698486328
6.347064971923828
6.347064971923828
4.849346160888672
4.051361083984375
23.47768783569336
7.659461975097656
6.57421875
4.874860763549805
4.953289031982422
10.010704040527344
6.190757751464844
14.442386627197266
7.850629806518555
12.647668838500977
4.478366851806641
4.723751068115234
4.328653335571289
13.522747039794922
4.051361083984375
7.131076812744141
8.221641540527344
5.571826934814453
5.519508361816406
6.765687942504883
13.522747039794922
6.6641082763671875
13.522747039794922
10.010704040527344
13.522747039794922
23.47768783569336
12.413396835327148
13.522747039794922
14.411815643310547
4.326885223388672
4.5200347900390625
13.522956848144531
14.410848617553711
8.857845306396484
7.816009521484375
2.3134899139404297
19.726463317871094
18.272663116455078
19.94988441467285
14.586017608642578
19.94988441467285
14.586017608642578
8.906139373779297
8.841651916503906
7.811744689941406
17.83645248413086
6.374227523803711
8.847549438476562
0.46385955810546875
3.5028305053710938
7.816009521484375
2.1376399993896484
12.678947448730469
11.644683837890625
8.847549438476562
6.39263916015625
12.678947448730469
14.434516906738281
8.850378036499023
9.225761413574219
18.28327751159668
42.93611145019531
8.847549438476562
3.8119163513183594
5.754133224487305
19.949880599975586
14.586017608642578
10.934486389160156
19.949880599975586
14.586017608642578
10.934486389160156
28.675472259521484
15.020030975341797
17.11326026916504
0.46038818359375
12.678951263427734
11.644685745239258
10.345020294189453
15.020030975341797
17.11326026916504
18.802295684814453
15.020030975341797
17.11326026916504
18.802295684814453
22.98543930053711
22.391115188598633
22.391115188598633
22.391115188598633
7.779117584228516
7.737972259521484
15.020030975341797
17.11326026916504
18.802295684814453
12.678951263427734
11.644685745239258
16.828338623046875
15.020030975341797
17.11326026916504
18.802295684814453
15.020030975341797
7.983818054199219
7.527231216430664
14.069007873535156
11.297826766967773
9.45993423461914
7.696052551269531
3.220823287963867
11.297826766967773
9.45993423461914
17.63369369506836
14.252437591552734
17.63369369506836
17.63369369506836
14.252437591552734
42.370269775390625
4.553417205810547
5.375705718994141
9.825363159179688
17.11326026916504
18.802295684814453
3.5607376098632812
17.640491485595703
14.19339370727539
17.640491485595703
25.328746795654297
17.86766815185547
13.522392272949219
11.816986083984375
17.86766815185547
13.522392272949219
17.86766815185547
6.149909973144531
8.928770065307617
11.139656066894531
10.802186965942383
5.137519836425781
12.699068069458008
10.201423645019531
13.12249755859375
9.055767059326172
9.466289520263672
9.055767059326172
14.029535293579102
12.414552688598633
14.029535293579102
7.973438262939453
11.933317184448242
7.973438262939453
6.677467346191406
4.906835556030273
6.677467346191406
11.297826766967773
9.45993423461914
2.6654205322265625
20.348241806030273
47.41278839111328
13.288793563842773
16.14137077331543
13.288793563842773
4.175472259521484
4.157520294189453
3.7503890991210938
6.271320343017578
5.4412841796875
8.771377563476562
17.86766815185547
13.522392272949219
12.091363906860352
12.989509582519531
15.00400161743164
11.50870132446289
1.9524192810058594
18.73566436767578
3.631305694580078
4.131351470947266
7.290018081665039
8.957679748535156
12.151893615722656
12.249738693237305
29.895431518554688
11.04090690612793
9.46432876586914
5.261211395263672
6.382379531860352
2.805572509765625
8.33049201965332
6.707897186279297
12.037618637084961
9.126314163208008
12.037618637084961
8.172637939453125
3.4376564025878906
15.323738098144531
11.70355224609375
11.705692291259766
3.834705352783203
11.25283432006836
16.551788330078125
13.710807800292969
15.878595352172852
1.8449211120605469
13.887821197509766
11.494564056396484
13.887821197509766
7.563514709472656
15.715900421142578
11.338455200195312
15.715900421142578
15.715900421142578
11.338455200195312
17.16874122619629
17.739337921142578
17.16874122619629
15.715900421142578
11.338455200195312
15.715900421142578
9.78591537475586
13.098541259765625
10.40799331665039
15.715900421142578
11.338455200195312
8.748394012451172
15.715900421142578
11.338455200195312
15.715900421142578
28.519018173217773
11.416252136230469
28.519018173217773
15.715900421142578
11.338455200195312
15.715900421142578
11.338455200195312
15.715900421142578
12.969535827636719
14.246963500976562
12.093017578125
12.087575912475586
17.610626220703125
14.384269714355469
12.688531875610352
1.3998756408691406
16.721397399902344
4.999427795410156
14.567462921142578
12.135669708251953
13.528125762939453
12.135669708251953
17.94298553466797
17.254974365234375
17.94298553466797
10.49343490600586
8.508943557739258
10.49343490600586
6.1461029052734375
26.56209945678711
0.98919677734375
9.849973678588867
19.990135192871094
9.849973678588867
13.464481353759766
15.715900421142578
11.338455200195312
19.949880599975586
14.586017608642578
19.807926177978516
15.715900421142578
11.338455200195312
10.49343490600586
8.508943557739258
10.49343490600586
35.074642181396484
14.118621826171875
6.310813903808594
14.118621826171875
8.928770065307617
11.139656066894531
10.802186965942383
2.5709228515625
14.118621826171875
6.310813903808594
14.118621826171875
14.118621826171875
6.310813903808594
15.715900421142578
11.338455200195312
5.898870468139648
8.549934387207031
12.629615783691406
20.870555877685547
12.629573822021484
2.9486770629882812
4.614519119262695
12.13427734375
13.526538848876953
52.016456604003906
40.40896224975586
11.60684585571289
19.201271057128906
8.047811508178711
85.05665588378906
18.112234115600586
32.363487243652344
14.442386627197266
3.8087196350097656
14.409835815429688
7.852727890014648
7.096488952636719
16.936586380004883
22.423255920410156
15.74112319946289
25.244606018066406
20.838577270507812
23.669654846191406
5.6919708251953125
7.018817901611328
7.096488952636719
12.625930786132812
11.634506225585938
23.361629486083984
23.47768783569336
9.86038589477539
14.442386627197266
5.41033935546875
14.442386627197266
8.736186981201172
5.91975212097168
14.442386627197266
13.297313690185547
14.766809463500977
7.731510162353516
14.411815643310547
6.806365966796875
22.537622451782227
12.053976058959961
41.019439697265625
38.46537780761719
23.47768783569336
5.373035430908203
5.756736755371094
7.320049285888672
21.567996978759766
12.625930786132812
5.778951644897461
12.625930786132812
23.47768783569336
23.47768783569336
15.107215881347656
15.107215881347656
12.50834846496582
15.107215881347656
8.69871711730957
7.076631546020508
15.74112319946289
4.685478210449219
38.3957405090332
54.7999267578125
7.096488952636719
11.96524429321289
7.096488952636719
6.91334342956543
21.155345916748047
62.00489807128906
14.411815643310547
5.508701324462891
5.428384780883789
7.096488952636719
7.751354217529297
11.634506225585938
5.547935485839844
5.547935485839844
5.034231185913086
5.547935485839844
14.442386627197266
5.700693130493164
9.150876998901367
11.753791809082031
14.411815643310547
7.387395858764648
12.053976058959961
7.2606048583984375
5.311454772949219
16.936586380004883
9.374038696289062
11.634506225585938
5.217132568359375
7.562175750732422
10.795703887939453
14.442386627197266
7.717899322509766
25.31343650817871
14.411815643310547
14.355350494384766
14.411815643310547
8.307933807373047
6.621835708618164
5.919593811035156
6.621835708618164
5.217132568359375
5.327234268188477
6.4581451416015625
5.327234268188477
5.327234268188477
5.327234268188477
5.327234268188477
5.327234268188477
14.106945037841797
5.327234268188477
11.634506225585938
5.224363327026367
5.327234268188477
7.901905059814453
23.47768783569336
7.535017013549805
23.47768783569336
7.802593231201172
5.327234268188477
11.902101516723633
5.327234268188477
5.327234268188477
5.327234268188477
6.4581451416015625
5.327234268188477
5.327213287353516
5.327213287353516
5.327213287353516
5.327213287353516
5.327213287353516
5.327213287353516
5.327213287353516
5.327213287353516
6.457847595214844
9.122371673583984
5.327213287353516
5.8319091796875
5.327213287353516
4.804134368896484
5.327213287353516
5.327213287353516
6.088047027587891
5.327213287353516
4.804134368896484
6.457847595214844
8.571342468261719
4.537361145019531
10.372232437133789
4.804134368896484
4.804134368896484
