-35.880393981933594
-33.557037353515625
-35.880393981933594
-31.208003997802734
0.6361160278320312
-25.717613220214844
-41.66167449951172
-22.88957977294922
-26.898433685302734
-26.000167846679688
-28.98828887939453
-27.500537872314453
-34.41339874267578
-28.98828887939453
-1.83978271484375
-34.58796691894531
-15.157463073730469
-88.25508880615234
-28.98828887939453
-29.93512725830078
-28.752552032470703
-30.306228637695312
-31.785011291503906
13.4287109375
-34.285789489746094
-88.25508880615234
-35.059818267822266
-31.789398193359375
-33.96890640258789
-21.767650604248047
-23.480003356933594
-28.92757797241211
-27.74907684326172
-26.827407836914062
-25.46957778930664
18.818260192871094
-36.95161437988281
-28.889606475830078
-29.014488220214844
-36.59122848510742
-31.785011291503906
-29.983642578125
-25.642799377441406
-28.565887451171875
-35.10258102416992
-18.757694244384766
-34.797489166259766
-18.43515396118164
-31.182788848876953
-30.501632690429688
-27.464195251464844
-31.821548461914062
-29.95489501953125
-34.04259490966797
-32.12629699707031
-45.138877868652344
-34.420040130615234
-37.97239685058594
-24.809406280517578
-11.169258117675781
-39.778385162353516
-33.21218490600586
-24.925247192382812
-37.453216552734375
-37.94352340698242
-28.23436737060547
-33.599430084228516
-37.12038040161133
-30.586742401123047
-24.519515991210938
-27.875743865966797
-11.861400604248047
-36.020469665527344
-40.98601531982422
-22.475936889648438
-33.57168960571289
-37.09067153930664
-26.381446838378906
-41.730098724365234
-26.576641082763672
-41.046165466308594
-35.81825256347656
-27.12851333618164
-11.864952087402344
-15.977294921875
2.3596534729003906
-33.01283645629883
-39.619117736816406
-28.94298553466797
-45.138877868652344
-35.08055877685547
-27.511634826660156
-33.599430084228516
-24.689250946044922
-11.808738708496094
-23.739547729492188
-37.12038040161133
-37.453216552734375
-29.950416564941406
-35.314208984375
-34.65630340576172
-27.789093017578125
-35.75205993652344
-22.110191345214844
-88.25508880615234
-22.688926696777344
-28.45361328125
-30.964855194091797
-37.625144958496094
-39.12864303588867
-44.62977981567383
-34.30161666870117
-34.026512145996094
-30.24185562133789
-21.59505844116211
-21.608047485351562
-38.956878662109375
-29.939029693603516
-10.674407958984375
-37.97190856933594
-27.500537872314453
5.717121124267578
-29.950416564941406
-30.740753173828125
-30.501632690429688
-32.552486419677734
-30.699718475341797
-14.01065444946289
-29.014488220214844
-29.983642578125
-31.650390625
-25.773296356201172
-5.483024597167969
-37.453216552734375
-14.555511474609375
-19.178157806396484
-21.49028778076172
-41.114864349365234
-37.453216552734375
-39.778385162353516
-17.324493408203125
-37.453216552734375
-23.39541244506836
-29.013141632080078
-44.62977981567383
-37.09453582763672
-21.71552276611328
-30.403278350830078
-23.480003356933594
-30.24185562133789
-31.785011291503906
-28.210994720458984
-31.956436157226562
-34.65630340576172
-32.25926971435547
-21.132118225097656
-37.82878112792969
-33.971519470214844
-21.4283447265625
-39.795074462890625
-31.956436157226562
-26.812606811523438
-26.822368621826172
-23.90904998779297
-26.25082778930664
-21.064208984375
-28.28338623046875
-30.24185562133789
-30.306228637695312
-24.218544006347656
-35.944435119628906
-31.090431213378906
-33.8134765625
-35.059818267822266
2.6910324096679688
-25.720535278320312
-16.914474487304688
-30.24185562133789
-32.960384368896484
-26.514122009277344
-38.54336166381836
-30.72464370727539
-36.222896575927734
-88.25508880615234
-32.94995880126953
-44.62977981567383
-26.576641082763672
-37.675662994384766
-22.899749755859375
-34.254852294921875
-28.565887451171875
-45.139259338378906
-30.24185562133789
-28.033374786376953
-38.16269302368164
-34.65630340576172
-20.929794311523438
-29.939029693603516
-40.051673889160156
-45.138877868652344
-39.14603042602539
-31.307960510253906
-45.138877868652344
-34.866310119628906
-27.500537872314453
33.03496551513672
-29.42971420288086
-32.70974349975586
-39.97978210449219
-36.73699951171875
-30.720539093017578
-30.403278350830078
-26.9588623046875
-35.880393981933594
-45.139259338378906
-26.576641082763672
27.54204559326172
-36.64657974243164
-45.139259338378906
-30.72464370727539
-40.02178955078125
-45.139259338378906
-35.880393981933594
0.48160552978515625
-25.48006820678711
-25.253925323486328
-9.821636199951172
-23.739547729492188
-30.919021606445312
-40.16651916503906
-88.25508880615234
-88.25508880615234
-33.93560791015625
-30.022476196289062
-30.775409698486328
-88.25508880615234
-30.720539093017578
-18.88519287109375
-35.880393981933594
-32.478572845458984
-7.322879791259766
-30.586742401123047
-11.77193832397461
-4.118640899658203
-34.80603790283203
7.282630920410156
-36.88520812988281
-33.49372863769531
-28.919532775878906
-31.1107177734375
-35.59157943725586
-29.725826263427734
-31.05425262451172
-40.49589538574219
-8.917091369628906
-22.620498657226562
-29.677982330322266
-22.959732055664062
-36.91267395019531
-24.630691528320312
-36.68788146972656
-32.90776443481445
-43.54603576660156
-18.063400268554688
-35.751068115234375
-34.4595947265625
-20.79334259033203
-36.88520812988281
-22.589824676513672
-32.305267333984375
-29.244552612304688
-31.090431213378906
-28.75070571899414
-36.791709899902344
-4.789119720458984
-25.642799377441406
-31.956436157226562
-37.453216552734375
-32.552486419677734
-37.453216552734375
-38.87611770629883
-31.884017944335938
-30.24185562133789
-20.25155258178711
-40.45301055908203
-33.96890640258789
-44.62977981567383
-25.250404357910156
-24.19793701171875
-27.510299682617188
-31.229938507080078
-23.706680297851562
-33.044010162353516
-3.5301246643066406
-28.618453979492188
-37.602027893066406
-14.153572082519531
-15.157463073730469
-27.74907684326172
-37.453216552734375
-45.139259338378906
-41.730098724365234
-30.403278350830078
-32.91862106323242
-39.478904724121094
-30.022476196289062
-30.577896118164062
-26.555233001708984
-30.306228637695312
-29.796234130859375
-21.30084228515625
-21.364967346191406
-27.553146362304688
-30.501632690429688
-31.307960510253906
-8.960014343261719
-28.565887451171875
-25.720535278320312
-34.65630340576172
-35.880393981933594
-35.880393981933594
-23.397258758544922
-31.746326446533203
-35.880393981933594
-31.946998596191406
-28.92757797241211
-36.33851623535156
-28.879993438720703
-38.76637268066406
-37.453216552734375
-40.72046661376953
-15.076702117919922
-33.57168960571289
-30.007919311523438
-36.222896575927734
-35.880393981933594
-30.477275848388672
-34.78839874267578
-32.94995880126953
-33.124542236328125
-31.220516204833984
-25.192176818847656
-38.205814361572266
-12.196006774902344
-3.41204833984375
-30.40078353881836
-30.306228637695312
-23.739547729492188
-16.28211212158203
-39.33658218383789
-38.01578903198242
-88.25508880615234
-31.078968048095703
-34.254852294921875
-30.501632690429688
-29.914710998535156
-33.044010162353516
-43.623687744140625
-41.05919647216797
-15.164726257324219
-35.880393981933594
-16.78034210205078
-34.47690200805664
-34.65630340576172
-88.25508880615234
-37.12038040161133
-31.104022979736328
-35.75205993652344
-30.022476196289062
-29.48137664794922
-30.964855194091797
-25.58438491821289
-31.785011291503906
-88.25508880615234
-19.01909637451172
-42.820343017578125
-41.114864349365234
-45.138877868652344
-41.112098693847656
-11.089603424072266
-33.649024963378906
-4.415821075439453
-36.724090576171875
-32.94995880126953
-25.83975601196289
-23.739547729492188
-29.983642578125
-33.048744201660156
-22.99030303955078
-31.785011291503906
-28.160423278808594
-45.138877868652344
-23.424060821533203
-33.284793853759766
-23.480003356933594
-24.871803283691406
-41.112098693847656
43.923927307128906
-88.25508880615234
-34.30392074584961
-33.82504653930664
-88.25508880615234
-37.89179229736328
-19.366260528564453
-33.49372863769531
-45.138877868652344
-32.62640380859375
-31.797523498535156
-88.25508880615234
-33.93560791015625
-40.45497131347656
-21.90829849243164
-25.265914916992188
-38.01428985595703
-28.297714233398438
-32.26750183105469
-28.8193359375
-19.301563262939453
-41.730098724365234
-30.73105239868164
-31.785011291503906
-30.674072265625
-29.939029693603516
-29.95489501953125
-33.96890640258789
-30.509048461914062
3.084697723388672
-41.54941940307617
-31.789398193359375
-21.373210906982422
3.9109420776367188
136.28265380859375
-33.599430084228516
-37.416412353515625
-44.62977981567383
-29.95489501953125
-31.746326446533203
-31.307960510253906
-11.626178741455078
-29.796234130859375
-30.898075103759766
-22.736408233642578
-21.144580841064453
-35.880393981933594
-28.92757797241211
-20.918067932128906
-44.64638900756836
-14.64291763305664
-31.98351287841797
-37.122108459472656
-34.9731330871582
-31.512893676757812
-24.6954345703125
-32.94995880126953
-34.356689453125
-15.91302490234375
-30.403278350830078
-24.34219741821289
-29.95333480834961
-12.643310546875
-88.25508880615234
-32.94995880126953
-31.208003997802734
-31.956436157226562
-36.739845275878906
-32.94995880126953
-32.74848175048828
-36.62684631347656
-24.871803283691406
-18.43515396118164
-33.55473327636719
-35.10258102416992
-44.62977981567383
-17.57054901123047
-27.464195251464844
-34.55790328979492
-27.556385040283203
-44.62977981567383
-22.333152770996094
-31.114280700683594
-36.3719596862793
-35.880393981933594
-36.97699737548828
-33.01283645629883
-10.731513977050781
-15.783649444580078
-32.92401123046875
-29.914772033691406
-19.82647705078125
-29.65179443359375
-37.453216552734375
-0.75909423828125
-88.25508880615234
-35.17503356933594
-25.681900024414062
-30.440895080566406
-34.55790328979492
-32.11968231201172
-29.939029693603516
9.504009246826172
-32.0361328125
-33.537269592285156
-26.762306213378906
-38.711708068847656
-44.62977981567383
-37.86632537841797
-39.66900634765625
-22.725547790527344
-20.70974349975586
-32.94995880126953
-17.290538787841797
28.11864471435547
-31.038440704345703
-43.623687744140625
-35.880393981933594
-26.501873016357422
-39.778385162353516
-20.88534164428711
-23.61806869506836
-28.210994720458984
-38.437442779541016
-37.13104248046875
-34.65630340576172
-28.438247680664062
-28.145294189453125
-23.919723510742188
-36.79838180541992
-16.835186004638672
-34.884544372558594
-38.30671691894531
-29.788780212402344
-3.1433334350585938
-36.79838180541992
-34.08331298828125
-28.98828887939453
-24.319290161132812
-39.45397186279297
-29.57402801513672
-36.73699951171875
-31.85580825805664
-34.866310119628906
-38.4306640625
-40.72046661376953
-21.114437103271484
-30.501632690429688
-45.138877868652344
57.02656555175781
-15.6329345703125
-32.94995880126953
-29.536285400390625
-36.79838180541992
-33.960060119628906
-88.25508880615234
-20.735767364501953
-35.880393981933594
-31.220516204833984
-88.25508880615234
25.325958251953125
-32.458045959472656
-39.85633087158203
-33.93560791015625
-15.157463073730469
-40.052310943603516
-40.868507385253906
-37.63540267944336
-29.971214294433594
-39.8694953918457
-28.483177185058594
-29.406803131103516
-39.18756866455078
-15.48349380493164
-18.527618408203125
-23.32489776611328
-28.820133209228516
-27.18682861328125
-24.227149963378906
-13.512638092041016
-14.271217346191406
-41.93064880371094
6.741100311279297
-33.399593353271484
-29.939029693603516
-36.12684631347656
-28.879993438720703
-25.018020629882812
-29.014488220214844
-44.572322845458984
-24.751670837402344
-36.91458511352539
-29.406803131103516
-35.34711456298828
-33.96890640258789
-36.91267395019531
4.628776550292969
-29.406803131103516
-29.083850860595703
-36.59379577636719
-31.1107177734375
-38.600914001464844
-44.62977981567383
-32.6140251159668
-25.429405212402344
-29.983642578125
-23.480003356933594
-30.24185562133789
-26.576641082763672
-88.25508880615234
-31.757144927978516
-37.453216552734375
-29.30963134765625
-11.50091552734375
-34.1859245300293
-10.552898406982422
-33.01283645629883
-31.510772705078125
-24.320892333984375
-39.88838195800781
-39.873451232910156
-29.655502319335938
-33.93560791015625
-32.0361328125
-33.044010162353516
-20.302261352539062
-32.70974349975586
-88.25508880615234
-35.880393981933594
-44.62977981567383
-29.500961303710938
-30.964855194091797
-37.453216552734375
-39.610740661621094
-39.005859375
-32.94995880126953
-23.706680297851562
-37.602027893066406
-30.72464370727539
-33.7802848815918
-38.77802658081055
-32.94995880126953
-88.25508880615234
-30.24185562133789
-24.651161193847656
-31.956436157226562
-26.732650756835938
6.864372253417969
-30.72464370727539
-35.503746032714844
-20.25155258178711
-33.531272888183594
-31.85580825805664
-36.73699951171875
-43.623687744140625
-19.683753967285156
-34.02556610107422
-40.34126281738281
-30.306228637695312
13.233642578125
-22.139007568359375
-2.1011428833007812
-36.10490417480469
-23.919723510742188
1.2956390380859375
-23.582828521728516
-20.377586364746094
-88.25508880615234
-14.484920501708984
-25.6265869140625
-37.27381134033203
-34.344093322753906
-30.24185562133789
-33.95729064941406
-30.501632690429688
-38.245765686035156
-19.7347412109375
-28.432823181152344
-21.90829849243164
-29.95333480834961
-22.688926696777344
-41.83762741088867
-38.824554443359375
124.89161682128906
-37.146820068359375
-29.091289520263672
-88.25508880615234
-34.10505294799805
-24.630691528320312
-31.708858489990234
-45.138877868652344
-24.220630645751953
-20.377586364746094
-27.705123901367188
-38.02788162231445
-45.139259338378906
-36.280643463134766
-16.57575225830078
-31.873321533203125
35.08775329589844
-28.13064956665039
-34.254852294921875
-32.94995880126953
-33.85161590576172
-31.300994873046875
-35.55523681640625
-16.447250366210938
-36.348751068115234
-21.678142547607422
-20.280101776123047
-34.65259552001953
-6.397396087646484
-9.696800231933594
-36.11594772338867
-26.352645874023438
-28.94298553466797
-41.04864501953125
-88.25508880615234
-23.871322631835938
-28.799163818359375
-32.305267333984375
-35.059818267822266
-31.475818634033203
-32.94995880126953
-34.78839874267578
-29.192852020263672
-22.873477935791016
-12.17691421508789
-31.84105682373047
-35.59157943725586
-28.8193359375
-24.183349609375
-33.93560791015625
-30.052478790283203
-38.398216247558594
-38.11386489868164
-28.483177185058594
-44.749820709228516
-20.25155258178711
-31.956436157226562
-40.94660568237305
-32.94995880126953
-40.02178955078125
-88.25508880615234
-31.19156265258789
-34.4595947265625
-16.75829315185547
-38.45822525024414
-30.501632690429688
-36.73699951171875
-28.879993438720703
-28.565887451171875
-23.739547729492188
-13.409595489501953
-36.3719596862793
-15.332332611083984
-40.16651916503906
2.16375732421875
-34.30392074584961
-22.688926696777344
10.31100845336914
-34.65630340576172
-29.95333480834961
-27.065776824951172
-12.338241577148438
-35.83856201171875
24.528759002685547
-32.91931915283203
-23.03302764892578
-26.727310180664062
-33.225616455078125
-23.810733795166016
-26.294204711914062
65.08267211914062
-16.447250366210938
-28.432823181152344
-34.14179992675781
-42.71836853027344
-27.506874084472656
-31.512893676757812
-31.038440704345703
-27.67559051513672
-16.881332397460938
-25.63597869873047
-21.46414566040039
-21.90829849243164
-36.222896575927734
-21.064208984375
-23.59467315673828
-37.54966354370117
-45.139259338378906
-35.743751525878906
-36.222896575927734
-28.75070571899414
-33.49372863769531
-25.943660736083984
-36.88520812988281
-26.898433685302734
-24.183349609375
-22.651962280273438
-31.00659942626953
-31.956436157226562
-34.99663543701172
-23.582828521728516
-32.228057861328125
-31.307960510253906
-28.685874938964844
-35.880393981933594
-22.110191345214844
-30.052478790283203
-36.990692138671875
384.1358947753906
-32.94995880126953
-88.25508880615234
-35.23322296142578
-28.565887451171875
-22.982986450195312
-27.6778564453125
-39.39061737060547
-33.13405227661133
-21.373210906982422
-17.57054901123047
-26.082664489746094
-33.399593353271484
-33.599430084228516
-88.25508880615234
-34.65630340576172
-26.821937561035156
-34.65630340576172
-25.22081756591797
-11.808738708496094
-32.40291976928711
-25.642799377441406
-39.33658218383789
-44.62977981567383
-41.83762741088867
-31.090431213378906
-35.37901306152344
-39.33658218383789
-24.689250946044922
-31.011348724365234
-21.363399505615234
-44.62977981567383
-3.0706253051757812
-88.25508880615234
-45.139259338378906
-18.527618408203125
-34.6651611328125
-88.25508880615234
-32.871124267578125
-35.966033935546875
-30.7149658203125
-39.16255569458008
-33.557037353515625
-39.778385162353516
-31.300994873046875
-30.124568939208984
-28.060317993164062
-1.4771499633789062
-12.538719177246094
-17.958919525146484
-44.62977981567383
-16.245643615722656
-23.665515899658203
-30.530628204345703
-30.24185562133789
-31.191368103027344
-31.220516204833984
-25.642799377441406
-25.642799377441406
-23.064971923828125
-3.6729354858398438
-9.030662536621094
-29.796234130859375
-31.182788848876953
-31.681175231933594
-31.789554595947266
-29.014488220214844
-31.956436157226562
-40.79265594482422
-26.576641082763672
-30.306228637695312
-31.271827697753906
-44.62977981567383
-20.477203369140625
-35.17503356933594
-28.40062713623047
-30.67037582397461
-30.24185562133789
-39.38877868652344
-88.25508880615234
-36.020469665527344
-41.83778762817383
-28.816635131835938
-30.306228637695312
-31.038440704345703
-35.49722671508789
-28.889606475830078
-88.25508880615234
-31.475818634033203
-41.112098693847656
-27.023162841796875
-88.25508880615234
-28.565887451171875
-29.983642578125
-32.108238220214844
-34.65630340576172
-41.66167449951172
-30.24185562133789
-28.222740173339844
-7.092182159423828
-25.46957778930664
-16.18063735961914
-32.94995880126953
-30.51392364501953
-31.307960510253906
-31.076988220214844
-13.534156799316406
-32.70974349975586
-36.280643463134766
-19.993701934814453
-27.994224548339844
-30.440895080566406
-1.3149185180664062
-28.32447052001953
-34.55790328979492
-28.483177185058594
-31.078968048095703
-40.55360412597656
-32.94995880126953
-35.75205993652344
-26.97803497314453
-36.79838180541992
-28.79151153564453
-26.97803497314453
-22.110191345214844
-30.306228637695312
-32.94995880126953
-88.25508880615234
-37.94413757324219
5.181434631347656
-29.56908416748047
-38.29008865356445
-35.88335418701172
-44.62977981567383
-38.39426040649414
-14.934295654296875
-37.088104248046875
-29.62637710571289
-35.34625244140625
-16.447250366210938
-38.45576477050781
-5.635948181152344
-20.47653579711914
-31.475818634033203
-19.857757568359375
-32.94995880126953
-32.70974349975586
-26.576641082763672
-33.971519470214844
-29.796234130859375
-30.919021606445312
-27.48674774169922
-88.25508880615234
-32.380069732666016
-37.24055480957031
-34.99663543701172
-16.620559692382812
-27.465957641601562
-40.02178955078125
-32.40291976928711
-44.62977981567383
-88.25508880615234
-36.91267395019531
-33.7802848815918
-40.70519256591797
-32.94995880126953
-40.02178955078125
-31.10021209716797
-36.35832214355469
21.44156265258789
-29.796234130859375
-30.72464370727539
-37.65333938598633
-26.514419555664062
-36.71188735961914
-27.085189819335938
-35.80533218383789
-45.138877868652344
-30.403278350830078
-28.40062713623047
-23.424060821533203
-32.40887451171875
-35.17503356933594
-36.10805892944336
-30.919021606445312
-35.65206527709961
-45.138877868652344
-31.05425262451172
-32.94995880126953
-32.552486419677734
-32.0361328125
-21.46414566040039
-37.453216552734375
-20.280101776123047
-29.036346435546875
-24.0908203125
-37.32501220703125
-30.919021606445312
-38.20008087158203
-31.475818634033203
-31.746326446533203
-11.325122833251953
-28.92757797241211
-36.787933349609375
-31.1107177734375
-31.090431213378906
-31.089908599853516
-40.02178955078125
0.050365447998046875
-28.889606475830078
-28.565887451171875
-23.480003356933594
-37.30101013183594
-28.71009063720703
-32.305267333984375
-37.453216552734375
-35.059837341308594
-36.92580032348633
-35.10258102416992
-32.552490234375
-29.950408935546875
-19.020374298095703
-22.110198974609375
-17.570552825927734
-44.62980651855469
-45.139259338378906
-28.990753173828125
4.743186950683594
-29.47808074951172
-31.054229736328125
-25.469581604003906
-30.466869354248047
-15.913032531738281
-30.82935333251953
-30.269084930419922
-30.241867065429688
-36.02046203613281
-30.306228637695312
-38.44838333129883
-30.269084930419922
-30.513946533203125
-38.766380310058594
-34.28575897216797
-20.28009796142578
-24.355926513671875
-33.59943771362305
-36.582794189453125
-36.912689208984375
-21.19763946533203
-40.01531982421875
-31.375198364257812
-88.25496673583984
-21.740257263183594
-30.513946533203125
-30.241867065429688
-22.110198974609375
-26.352645874023438
-21.064212799072266
-35.37346267700195
-33.971534729003906
-30.28508758544922
-19.616195678710938
-19.247283935546875
-24.262184143066406
7.176872253417969
-30.91901397705078
-36.133392333984375
-29.265579223632812
-28.750717163085938
-22.899742126464844
-35.42560577392578
-27.710811614990234
-29.939071655273438
-8.934402465820312
-35.800941467285156
-23.732322692871094
-27.70510482788086
-31.220531463623047
-35.880393981933594
-40.433799743652344
-88.25496673583984
-17.251922607421875
-37.94414138793945
-26.838783264160156
-29.95489501953125
-32.25926208496094
-40.24031066894531
-40.62106704711914
-34.288021087646484
-23.739547729492188
-36.716407775878906
-20.73552703857422
-34.99663543701172
-16.458629608154297
-88.25496673583984
-40.0218505859375
-31.093345642089844
-31.375198364257812
16.77682876586914
-22.688926696777344
-88.25496673583984
-31.801345825195312
-34.79747772216797
-35.95377731323242
-1.9805107116699219
-21.49029541015625
-39.77837371826172
-36.46200942993164
-20.346576690673828
-35.880393981933594
-45.139259338378906
-36.61598205566406
-38.71171951293945
-18.15554428100586
-28.565876007080078
-88.25496673583984
-38.766380310058594
-26.29419708251953
-33.04403305053711
-30.135406494140625
-25.72052001953125
-28.432849884033203
-29.30963134765625
-35.28303527832031
-28.889610290527344
-28.055248260498047
-32.54374694824219
-32.709739685058594
-28.29769515991211
-28.927581787109375
-26.714614868164062
-36.051612854003906
-40.639408111572266
-29.035381317138672
-34.08003234863281
-19.93975067138672
-34.28575897216797
-29.626358032226562
-26.593063354492188
-44.62980651855469
-36.914608001708984
-36.88518524169922
-32.13376235961914
-35.059837341308594
-36.80293273925781
-88.25496673583984
-29.64791488647461
-25.532920837402344
-39.31095886230469
-26.809722900390625
-29.95489501953125
-45.139259338378906
-40.26382064819336
-88.25496673583984
-33.70502471923828
-31.307952880859375
47.47853469848633
-32.03614807128906
-36.62187957763672
-31.110713958740234
-31.946998596191406
-29.95489501953125
-88.25496673583984
-88.25496673583984
-25.096511840820312
-33.59943771362305
-33.31184768676758
-32.94994354248047
-34.656349182128906
-37.94414138793945
-27.645614624023438
-21.364944458007812
-17.09087371826172
-33.096588134765625
-33.849266052246094
-29.500953674316406
42.52159881591797
-40.16015625
-38.504356384277344
-31.220531463623047
-37.453216552734375
-18.527599334716797
-26.010448455810547
-32.709739685058594
-39.979759216308594
-40.6989860534668
-32.30525207519531
11.61883544921875
-26.358741760253906
-29.461349487304688
-23.517810821533203
-39.320945739746094
-32.000030517578125
-31.95641326904297
-29.914779663085938
-32.303157806396484
-30.403282165527344
-28.88019561767578
-31.512893676757812
-35.75214385986328
-14.484912872314453
-30.50902557373047
-31.475818634033203
-32.623538970947266
-32.47200012207031
-35.75214385986328
-18.78923797607422
-32.94994354248047
-34.25483703613281
-33.56093978881836
-29.950408935546875
-25.197265625
-26.987422943115234
-30.91901397705078
-27.284957885742188
-37.54966735839844
-29.914779663085938
-30.241867065429688
-29.655502319335938
-30.23186492919922
-40.44898986816406
-31.946998596191406
-25.26590347290039
-30.403282165527344
-32.94994354248047
-32.16358184814453
-29.953350067138672
-23.780487060546875
-35.0755729675293
-37.453216552734375
-0.7914810180664062
-45.139259338378906
-36.88349151611328
-23.706695556640625
-45.139259338378906
-35.10258102416992
-33.64651107788086
-24.022071838378906
-41.48995590209961
-32.597652435302734
-28.98828887939453
-33.88334274291992
-32.94994354248047
-35.059837341308594
-36.914608001708984
-44.62980651855469
-34.07770538330078
-28.98828887939453
14.359474182128906
-40.93107986450195
-32.228057861328125
-38.39818572998047
-36.79838562011719
-19.267227172851562
-29.99152374267578
-21.13818359375
-39.77837371826172
-31.809219360351562
-29.953350067138672
-25.018028259277344
-21.064212799072266
-37.030616760253906
-26.02239227294922
-29.06805419921875
-10.641864776611328
-34.975372314453125
-32.38006591796875
-33.59943771362305
-22.688926696777344
-26.457542419433594
-6.686550140380859
-22.653785705566406
-29.132537841796875
-31.475791931152344
-26.352645874023438
-11.931110382080078
-13.979679107666016
-37.453216552734375
-30.241867065429688
-36.24259948730469
-12.176921844482422
-22.475933074951172
-24.227630615234375
-24.456974029541016
-30.052471160888672
-37.453216552734375
-30.50902557373047
-8.687423706054688
-25.642791748046875
-32.552490234375
-24.746925354003906
-30.813610076904297
-39.229984283447266
-35.60694122314453
-30.50164031982422
-30.491947174072266
-30.440872192382812
-36.73700714111328
-30.50164031982422
-38.504356384277344
-10.991374969482422
-17.66211700439453
-31.03844451904297
-29.950408935546875
-33.73075866699219
-36.912689208984375
-45.138877868652344
-44.749820709228516
-25.229415893554688
-36.045692443847656
-31.38308334350586
-36.0301399230957
-39.5635986328125
-33.971534729003906
-15.208908081054688
-28.77545166015625
-21.908302307128906
-11.200225830078125
10.02969741821289
-27.633697509765625
-88.25496673583984
-14.612983703613281
-25.839752197265625
-29.866172790527344
-26.29419708251953
-18.16083526611328
-21.529972076416016
-31.01702880859375
-41.83778762817383
-16.501876831054688
-29.96004867553711
-31.475818634033203
-26.358741760253906
-28.889610290527344
-33.849266052246094
-27.413654327392578
-25.681884765625
-21.963333129882812
-6.1539306640625
-16.447288513183594
-30.022499084472656
-22.407501220703125
-23.42406463623047
-31.95641326904297
-33.04403305053711
-22.922298431396484
-25.341217041015625
-0.3206787109375
-41.11210250854492
-88.25496673583984
-44.62980651855469
-34.55790328979492
-35.264183044433594
-9.236885070800781
-31.516590118408203
-30.241867065429688
-28.432849884033203
-31.484539031982422
20.958160400390625
-8.266128540039062
-20.92977523803711
-35.605491638183594
-32.94994354248047
48.08726501464844
-44.62980651855469
-32.06280517578125
-30.403282165527344
-15.252906799316406
-26.726470947265625
-16.447250366210938
-32.30525207519531
-23.37228012084961
-25.018028259277344
-32.552490234375
-31.512893676757812
-34.620750427246094
-31.564178466796875
-28.98828887939453
-30.513946533203125
-38.31514358520508
-36.474918365478516
-29.0096435546875
-32.38006591796875
-35.059837341308594
-28.419937133789062
-45.138877868652344
-29.429702758789062
-16.131107330322266
-29.79623031616211
-26.352645874023438
-14.934310913085938
-30.50164031982422
-20.956626892089844
-26.28582763671875
-30.700164794921875
-15.045272827148438
-88.25496673583984
-32.30525207519531
