2623.73974609375
2705870.75
2623.73974609375
667931.0625
475925.5625
9597.732421875
19277.103515625
inf
6824517.0
inf
71944928.0
333008320.0
2817.144287109375
71944928.0
inf
8660.1005859375
4793768448.0
inf
71944928.0
188127.078125
31837638.0
21693038.0
21573.103515625
519383678976.0
36162.62890625
inf
603426.625
2405759.5
15689.8662109375
19077690.0
83694680.0
354.75201416015625
2305.0244140625
627982.9375
1207075.875
inf
751.9430541992188
10689.5205078125
14134.091796875
9927.5517578125
21573.103515625
15749.08984375
218099056.0
3099137536.0
25929.671875
2.5187572855393485e+17
2909731.5
1665962.125
467707.0625
4765067.0
209117.609375
755.9733276367188
152389.875
2214.439697265625
790708.75
6132.083984375
46484.95703125
7668.7529296875
6873.18359375
20647530.0
2924742.75
1169.755859375
inf
19466.349609375
17784.78515625
1838.4703369140625
7040.46826171875
5782797.5
536665440.0
7131.89892578125
3709.143798828125
883307.625
162.20982360839844
10647.1865234375
4224849.5
12818.9775390625
244.44705200195312
inf
2865213.0
1059380736.0
16178.8203125
486.49090576171875
5287.87158203125
889.868896484375
inf
inf
3355137.75
105048.28125
78961.75
6132.083984375
2962436608.0
2284104.5
7040.46826171875
20173950.0
227623440.0
94005344.0
5782797.5
19466.349609375
45181.953125
574.1240844726562
3135709.0
inf
1573091.75
6428784.0
inf
12575734.0
4375.26220703125
103091968.0
1190.613037109375
333.4860534667969
inf
504.57672119140625
34091.2265625
369362.1875
1500.9053955078125
28773.427734375
13339.6708984375
13905879.0
152076736.0
1612.044677734375
333008320.0
888350.5
45181.953125
748.7536010742188
4765067.0
1560.550537109375
1657.9166259765625
198589888.0
14134.091796875
15749.08984375
19344.62109375
798275.0625
16092.328125
19466.349609375
inf
3032733.0
3255209.75
4111.94580078125
19466.349609375
2924742.75
1444303.5
19466.349609375
inf
18395.466796875
inf
4309270.5
13610789.0
516818080.0
83694680.0
369362.1875
21573.103515625
12911920.0
302842976.0
3135709.0
3815264000.0
1236666752.0
7448784.5
2731670.5
6705611.0
8189.6875
302842976.0
inf
inf
323793994121216.0
13403.572265625
221879.328125
1060.845947265625
369362.1875
21693038.0
inf
2741720320.0
128968688.0
630.8431396484375
603426.625
110349.0546875
6084.9326171875
380280.90625
369362.1875
125477.6015625
3360811.75
27025.767578125
14069.0498046875
1634041984.0
inf
408087.1875
inf
1059380736.0
27444.16796875
1223656192.0
671.8093872070312
3099137536.0
6138.68115234375
369362.1875
6906.25390625
1165029.5
3135709.0
241167760.0
13905879.0
17002.54296875
6132.083984375
13123.9375
2338422016.0
6132.083984375
3864419.75
333008320.0
inf
1705528576.0
226682.71875
2094417.625
3.157191829041244e+27
1170436.375
516818080.0
18064352.0
2623.73974609375
6138.68115234375
1059380736.0
160942692237312.0
12681.5458984375
6138.68115234375
14069.0498046875
2910601.0
6138.68115234375
2623.73974609375
403031.75
12084.3623046875
258158.625
292257.53125
94005344.0
324546784.0
5900.5517578125
inf
inf
14486.306640625
5039.57861328125
1303228.375
inf
1170436.375
772261.5
2623.73974609375
30504.203125
inf
536665440.0
6.921103759845307e+21
1023420.5
7711.265625
16615.978515625
7.657104306218204e+34
70703.2109375
3455001.0
1943.0955810546875
1566528512.0
995233024.0
56602.58203125
109475.3046875
inf
130120.3515625
9492.232421875
4801186.0
3228785.5
256320832.0
60748.48828125
1439.8319091796875
inf
inf
2875133184.0
1066.951416015625
inf
7.657104306218204e+34
203260.09375
3453525.25
59193.75390625
128968688.0
12396.2138671875
2.0879373967745352e+18
inf
218099056.0
302842976.0
19466.349609375
1560.550537109375
19466.349609375
2081.758056640625
1651.65869140625
369362.1875
17293.375
15494.5380859375
15689.8662109375
inf
11823.8349609375
7673.30419921875
8281735.5
19938.279296875
19695.609375
13906349.0
inf
40525.21484375
145014.828125
inf
4793768448.0
2305.0244140625
19466.349609375
6138.68115234375
2865213.0
516818080.0
11259.04296875
87700.703125
5039.57861328125
1577.09912109375
inf
21693038.0
50497348.0
3101075.5
3099.50439453125
1352.9686279296875
4765067.0
2338422016.0
inf
3099137536.0
6084.9326171875
3135709.0
2623.73974609375
2623.73974609375
18231.228515625
7682.63330078125
2623.73974609375
6480.98193359375
354.75201416015625
1741.2991943359375
339892.78125
4694196.0
19466.349609375
843.0487670898438
9363.8994140625
12818.9775390625
101045.6796875
1634041984.0
2623.73974609375
1047617.8125
2669.05712890625
408087.1875
5498089472.0
inf
233176.3125
912171.4375
274087936.0
3383.84912109375
2658.61865234375
21693038.0
94005344.0
10203606.0
137.3599853515625
3913544.25
inf
1258.046142578125
671.8093872070312
4765067.0
2095.08447265625
13906349.0
4470.46044921875
1849.9742431640625
13393.6591796875
2623.73974609375
25375.62890625
511.6661071777344
3135709.0
inf
5782797.5
818.5494995117188
1573091.75
5039.57861328125
1407043584.0
103091968.0
557219.5
21573.103515625
inf
inf
1222.7440185546875
4111.94580078125
6132.083984375
3452.37890625
262.4212646484375
6382316.0
inf
4961.326171875
408087.1875
54667972.0
94005344.0
15749.08984375
13895017.0
913240.375
21573.103515625
37834.37109375
6132.083984375
1235286.625
442734.875
83694680.0
1749433472.0
3452.37890625
7.056996030310515e+18
inf
1245765888.0
1336826.5
inf
42814.36328125
65614.5859375
70703.2109375
6132.083984375
862.38671875
3118295.75
inf
14486.306640625
17856.18359375
6652265.5
2774214.5
2370.76220703125
52406724.0
8155068.5
404442112.0
2006778496.0
2865213.0
7251.28271484375
21573.103515625
2694382.25
13905879.0
152389.875
15689.8662109375
23144.529296875
inf
394.07275390625
2405759.5
979.33642578125
inf
inf
7040.46826171875
7111.078125
inf
152389.875
7682.63330078125
2338422016.0
719.8955688476562
50497348.0
19099.2734375
53104252.0
4264.72607421875
2623.73974609375
354.75201416015625
731949376.0
5183.14501953125
3923892764672.0
1348.1636962890625
2147758.75
29033.171875
6617439744.0
296.5406188964844
408087.1875
17393888.0
4485.8681640625
516818080.0
4525.31103515625
1322911104.0
inf
inf
408087.1875
667931.0625
302842976.0
2636.29443359375
408087.1875
18115.08984375
184167.671875
1749433472.0
1665962.125
10586.4755859375
25929.671875
inf
2825718.25
209117.609375
325621600.0
20042392.0
inf
3554862336.0
1668.299560546875
7889.48046875
2623.73974609375
5685.23583984375
3355137.75
31956.83984375
35057.1953125
2342.988037109375
322854.71875
3695814.0
3035.828125
19466.349609375
inf
inf
511628.21875
174574816.0
287593.625
325621600.0
20476.486328125
13905879.0
inf
245466960.0
627059.375
12249483264.0
3517959.5
inf
78074.5703125
4617.861328125
61005.42578125
141324959744.0
408087.1875
inf
949869.25
5818755.0
4470.46044921875
2623.73974609375
inf
2924742.75
20816034.0
2319260.0
12911920.0
5294739.0
115795.46875
3135709.0
4729266.5
38166.72265625
2741.89453125
2.0728360168838922e+18
2418679296.0
98038.6640625
5280761.5
1131.480224609375
inf
2.0728360168838922e+18
927.649169921875
71944928.0
9422.87890625
3615.57861328125
195047.25
3.157191829041244e+27
1977730.125
3864419.75
707.4275512695312
843.0487670898438
11714.0224609375
4765067.0
6132.083984375
3.55922608414769e+29
26228.7890625
408087.1875
3267.23779296875
2.0728360168838922e+18
169389.3125
inf
inf
2623.73974609375
inf
inf
6870608.5
5925805.5
37047.953125
14486.306640625
4793768448.0
12144.349609375
40163.83203125
4810.23779296875
488.702880859375
2727.1982421875
23960.57421875
2496.25537109375
1433.7117919921875
75994.6171875
1107934.875
12805.8828125
404554944.0
inf
5605694.5
16461.080078125
inf
8161.01708984375
inf
63604.83203125
13905879.0
329618.59375
339892.78125
25788092.0
14134.091796875
6215.15966796875
199297438056448.0
1.768509305292884e+22
2496.25537109375
561461.3125
15689.8662109375
3228785.5
inf
2496.25537109375
88002.3359375
147490.359375
1943.0955810546875
2592.103271484375
inf
308088.0625
1429.8953857421875
15749.08984375
83694680.0
369362.1875
1059380736.0
inf
7504.2724609375
19466.349609375
18669052.0
2799229.0
1862960.5
inf
3355137.75
9406.9755859375
170155.90625
55608.2421875
4053.4765625
167522.796875
14486.306640625
245466960.0
13906349.0
518155632640.0
226682.71875
inf
2623.73974609375
inf
1283411.625
103091968.0
19466.349609375
1305.096435546875
5258029.5
408087.1875
19695.609375
145014.828125
14069.0498046875
708692.8125
124.35037231445312
408087.1875
inf
369362.1875
870738816.0
302842976.0
inf
6610.03466796875
14069.0498046875
144.41522216796875
17293.375
48355.42578125
1977730.125
3.157191829041244e+27
4470.46044921875
6179776.0
14863.6181640625
16707.400390625
21693038.0
inf
15833.326171875
56192.88671875
1179.6041259765625
2741.89453125
546093.5
1027448.125
3279932.25
inf
170659.265625
29173.626953125
330193.8125
3723.854736328125
369362.1875
10591.8544921875
4765067.0
13919.2119140625
936002496.0
4737532.5
6652265.5
1322911104.0
12575734.0
9219.212890625
1296.422119140625
9.419587363510472e+19
5445363.0
14882.0361328125
inf
4327120.0
256320832.0
754245.5625
6132.083984375
1959064.25
3279932.25
28162.390625
9660.5693359375
6138.68115234375
478502.46875
693162.8125
2924.228515625
2.526129897550643e+16
inf
671.8093872070312
408087.1875
747.6105346679688
3467.3798828125
330.488037109375
248812.46875
627.0722045898438
4587185.0
266543024.0
3130349.0
inf
229485264896.0
349.5484619140625
692627.1875
78961.75
2165.5234375
inf
2251.528076171875
inf
3453525.25
603426.625
60842648.0
408087.1875
2669.05712890625
inf
13127.2822265625
707401984.0
15002.166015625
1566528512.0
404442112.0
3390668.0
14486.306640625
348705248.0
5259265.0
25382.09765625
23960.57421875
7480.89453125
17293.375
302842976.0
781.6472778320312
408087.1875
2910601.0
inf
1874677.125
1066.951416015625
81504176701440.0
471.0114440917969
4765067.0
3.157191829041244e+27
339892.78125
3099137536.0
94005344.0
671927.6875
7889.48046875
6262372092084224.0
5900.5517578125
inf
1245765888.0
12575734.0
268639.125
3135709.0
1322911104.0
inf
14754.8154296875
1378.3160400390625
245115863040.0
3311.78955078125
16005.0595703125
52020092.0
4290340.0
42828656.0
4805773312.0
39931.04296875
248812.46875
4737532.5
6047.3857421875
5723.81689453125
331838304.0
6617439744.0
5818755.0
233430.09375
175383.671875
64502640.0
5071.17138671875
6652265.5
1634041984.0
221879.328125
1855572.625
1311552384.0
6138.68115234375
1045394.0
1634041984.0
12396.2138671875
70703.2109375
2045952.125
7.657104306218204e+34
6824517.0
3390668.0
3574881.25
2614.532470703125
302842976.0
1289292.375
1027448.125
2932265.5
2338422016.0
8395825.0
2623.73974609375
6428784.0
348705248.0
3288.810302734375
4830.9990234375
408087.1875
inf
100435.546875
3099137536.0
inf
1757935.125
248.75347900390625
1677903.625
979.33642578125
2825718.25
2293.255615234375
63604.83203125
7040.46826171875
inf
3135709.0
inf
3135709.0
3280033.5
227623440.0
18454.095703125
218099056.0
137.3599853515625
inf
9219.212890625
128968688.0
8001.16357421875
137.3599853515625
20173950.0
92751.3828125
inf
inf
1646812.0
inf
6138.68115234375
1107934.875
4347.88671875
inf
44545.8046875
10634.861328125
1665.30322265625
3613.01953125
2705870.75
2924742.75
3467.3798828125
513544256.0
9906.54296875
160961632.0
2608.709228515625
394436.9375
inf
7580.2451171875
37599388.0
726.042724609375
369362.1875
12979874.0
inf
218099056.0
218099056.0
13402.759765625
31419.484375
1807257088.0
50497348.0
467707.0625
19505.091796875
200227.484375
14134.091796875
302842976.0
3797.27734375
1059380736.0
21693038.0
665497.1875
inf
inf
511628.21875
2540.177978515625
54029.3984375
369362.1875
4354.65380859375
inf
162.20982360839844
9233.8818359375
15382593.0
21693038.0
5818755.0
100678.4453125
10689.5205078125
inf
60842648.0
3452.37890625
2103610.25
inf
3099137536.0
15749.08984375
79992.3046875
3135709.0
19277.103515625
369362.1875
-1.72601318359375
1.685464825080335e+25
1207075.875
56108168.0
408087.1875
2776596992.0
2338422016.0
1257.8311767578125
18651.443359375
226682.71875
478502.46875
877.4820556640625
501813.625
287593.625
329866.71875
7061630.0
325621600.0
23960.57421875
1258.046142578125
1024.9853515625
408087.1875
1573091.75
1290961.625
2.0728360168838922e+18
4902675.5
1290961.625
6428784.0
21693038.0
408087.1875
inf
3584860.5
7.987675036301394e+17
1916.277099609375
3151.90283203125
4083.848876953125
inf
500.2544860839844
18332.1015625
595.74658203125
220.46241760253906
18164.142578125
248812.46875
295.2695007324219
1054.1312255859375
2760.46728515625
60842648.0
26218574.0
408087.1875
226682.71875
1059380736.0
2731670.5
50497348.0
324546784.0
3225429.75
inf
273395.0625
2921.25634765625
1289292.375
84236.8125
2157910.5
2910601.0
18454.095703125
inf
inf
3228785.5
708692.8125
inf
408087.1875
2910601.0
3084.794189453125
657.7420654296875
inf
50497348.0
14069.0498046875
2567.333984375
7929560.0
4260.72021484375
inf
5212.1484375
6132.083984375
516818080.0
2540.177978515625
1235286.625
134744.796875
511628.21875
3957509.25
324546784.0
12025002.0
6132.083984375
56602.58203125
408087.1875
1560.550537109375
245466960.0
5071.17138671875
19466.349609375
266543024.0
189939312.0
372659514769408.0
130929.53125
324546784.0
5222226.0
60842648.0
7682.63330078125
2530821.75
354.75201416015625
13530.96484375
1943.0955810546875
128968688.0
129041288.0
2910601.0
inf
10689.5205078125
3099137536.0
83694680.0
7784179.0
11398057.0
3453525.25
19466.349609375
603426.625
3435.2919921875
25929.666015625
1560.550537109375
45181.94921875
8039.34912109375
6428793.0
2825719.75
inf
6138.68310546875
71803352.0
23034.150390625
85090.8671875
56602.66015625
1207076.25
9504.9208984375
4485.86865234375
12477.9248046875
4072.8134765625
369362.21875
162.20980834960938
21693050.0
771.6365356445312
4072.8134765625
2776597504.0
4694194.0
36162.63671875
266542928.0
794460800.0
7040.4677734375
2230.17431640625
3228785.0
inf
2905510.0
166887.28125
inf
89823.5
2776597504.0
369362.21875
6428793.0
692627.6875
221879.546875
276036.0625
2731668.25
24837.25390625
5215594.5
inf
inf
148971.375
324546752.0
1778.7552490234375
127411616.0
12396.21875
1223656704.0
949043.3125
3810965.0
13905871.0
3089560.25
14023.7080078125
inf
28162.40234375
inf
2623.73876953125
329.4166564941406
inf
19101.48828125
3584864.0
inf
152389.890625
3815263488.0
1086.74951171875
557.1528930664062
705881.5625
94005368.0
3256.180908203125
5571428892016640.0
1289293.0
inf
inf
2910601.5
2946629888.0
166887.28125
22247960576.0
12575729.0
inf
4960040.5
2909730.0
803.7631225585938
28898.453125
3255210.25
2924743.25
2498.3291015625
626.5025634765625
2623.73876953125
6138.68310546875
3110867.25
3517962.5
3527.2578125
3099130624.0
inf
4694194.0
4805770752.0
13906325.0
1106548864.0
6084.935546875
4737528.0
18669052.0
11846.810546875
10689.5205078125
51907.1015625
1302.154052734375
226682.90625
52406692.0
354.75201416015625
inf
442.81719970703125
12615.240234375
inf
4078946.5
138231.34375
36162.63671875
220.46237182617188
3649.590576171875
inf
1.7685131333525672e+22
7.65715679487587e+34
7205081.5
603426.625
3191834.0
inf
inf
132.3975830078125
593.21142578125
inf
152389.890625
6138.68310546875
4076.12255859375
inf
6489.91552734375
2338426112.0
inf
245466816.0
232.1058349609375
1943.0963134765625
6480.98388671875
152389.890625
inf
inf
120009256.0
7040.4677734375
1460.966796875
408087.15625
3135708.5
3584864.0
67301032.0
3099.50537109375
-18.355316162109375
inf
118480.5703125
1283411.375
inf
16336.1298828125
223907.5625
inf
19466.341796875
1107934.5
20404.34375
226682.90625
2094417.75
2761898.25
3453521.75
224810.546875
14837.1630859375
107664.4921875
inf
3022.494873046875
4553126.0
302843104.0
322855.03125
512.5147094726562
516817440.0
339558.53125
6617437696.0
1573092.75
170659.34375
23144.533203125
60842580.0
3267791.25
157516.21875
1573092.75
509376.65625
408087.15625
671.80908203125
7390.3515625
45181.94921875
inf
3560559360.0
324546752.0
330545.3125
1311552256.0
322855.03125
369362.21875
167522.84375
174197472.0
4158234.5
6480.98388671875
2774213.0
516817440.0
408087.15625
427.5382995605469
1322913664.0
115566872.0
1044.7529296875
19466.341796875
1501379584.0
6138.68310546875
1613131392.0
19695.609375
6138.68310546875
25929.666015625
171400.796875
18122.173828125
5266.6591796875
2163.850341796875
71944912.0
7904.509765625
408087.15625
603426.625
1.7685131333525672e+22
inf
641.7756958007812
71944912.0
inf
7083.42626953125
2932261.75
5259266.0
2.0728409646862172e+18
inf
1321.188232421875
2013591.125
2924743.25
190150992.0
1322913664.0
25788098.0
221879.546875
15211.4287109375
268319888.0
298750.1875
588140.625
357.0927429199219
273395.03125
7040.4677734375
12575729.0
23069816.0
inf
152851873792.0
inf
60869852.0
692627.6875
inf
inf
19466.341796875
369362.21875
35277.2265625
707402624.0
4224851.5
9075.6591796875
1290.2249755859375
348705440.0
19466.341796875
23144.533203125
423838.21875
218099056.0
1560.550537109375
inf
35297044.0
64778.67578125
670.9072875976562
4765067.0
142.88345336914062
287593.625
3.157203339809546e+27
4765067.0
223907.5625
inf
58396564.0
5818751.5
45181.94921875
556858.0
3228785.0
6132.0849609375
7480.900390625
25536774.0
3554.52001953125
3276266.5
128168.34375
766.8872680664062
2731668.25
2280112.75
3930.28515625
6652270.5
5712749.0
1.6502526040824873e+21
4377.54638671875
inf
26123.119140625
54667968.0
4488.748046875
4805770752.0
inf
495.4539794921875
3585122048.0
9233.8818359375
531.1909790039062
19152564.0
60842580.0
14837.1630859375
10689.5205078125
118480.5703125
8333530112.0
174574816.0
62219000.0
inf
248597.40625
5039.5791015625
1599099136.0
1235287.75
302843104.0
13906325.0
2182532.0
8163.703125
225957.875
3452.37841796875
inf
inf
325621600.0
549679.25
81769144320.0
31373.158203125
369362.21875
4737528.0
4890.86083984375
inf
3051859.0
241168016.0
3405.56396484375
408087.15625
inf
inf
1258.5841064453125
516817440.0
inf
inf
248812.609375
3453521.75
25183.93359375
25788098.0
1560.550537109375
6617437696.0
1805.752685546875
3093.94775390625
71944912.0
2776597504.0
3960877.75
1524.579345703125
12483.19140625
273395.03125
603426.625
3165420.25
6132.0849609375
1705527296.0
4.930590020214981e+18
50497420.0
692627.6875
18332.095703125
4765067.0
9803665.0
1154.1658935546875
1491.62744140625
7922524.0
inf
3453521.75
