35.23127365112305
35.89753341674805
38.26199722290039
37.544593811035156
44.61285400390625
44.61285400390625
57.27390670776367
44.61285400390625
37.544593811035156
44.61285400390625
34.70740509033203
34.328304290771484
33.2919921875
31.61782455444336
46.32276916503906
44.61285400390625
44.61285400390625
44.61285400390625
44.61285400390625
44.61285400390625
44.61285400390625
44.61285400390625
44.61285400390625
40.54527282714844
44.61285400390625
44.61285400390625
44.61285400390625
44.61285400390625
44.61285400390625
44.61285400390625
44.61285400390625
44.61285400390625
44.61285400390625
44.61285400390625
44.61285400390625
44.61285400390625
44.61285400390625
44.61285400390625
44.61285400390625
44.61285400390625
44.61285400390625
44.61285400390625
44.61285400390625
44.61285400390625
44.61285400390625
44.61285400390625
44.61285400390625
44.61285400390625
44.61285400390625
44.61285400390625
44.61285400390625
44.61285400390625
44.61285400390625
44.61285400390625
44.61285400390625
44.61285400390625
44.61285400390625
44.61285400390625
44.61285400390625
44.61285400390625
44.61285400390625
44.61285400390625
44.61285400390625
44.61285400390625
44.61285400390625
44.61285400390625
44.61285400390625
44.61285400390625
44.61285400390625
44.61285400390625
44.61285400390625
44.61285400390625
44.61285400390625
44.61285400390625
44.61285400390625
44.61285400390625
44.61285400390625
44.61285400390625
44.61285400390625
44.61285400390625
44.61285400390625
44.61285400390625
44.61285400390625
44.61285400390625
