32.548160552978516
32.952083587646484
38.29367446899414
37.73652648925781
41.93434143066406
41.93434143066406
55.91350555419922
41.93434143066406
37.73652648925781
41.93434143066406
31.774717330932617
30.627140045166016
31.021087646484375
29.08040428161621
42.61225128173828
41.93434143066406
41.93434143066406
41.93434143066406
41.93434143066406
41.93434143066406
41.93434143066406
41.93434143066406
41.93434143066406
42.794578552246094
41.93434143066406
41.93434143066406
41.93434143066406
41.93434143066406
41.93434143066406
41.93434143066406
41.93434143066406
41.93434143066406
41.93434143066406
41.93434143066406
41.93434143066406
41.93434143066406
41.93434143066406
41.93434143066406
41.93434143066406
41.93434143066406
41.93434143066406
41.93434143066406
41.93434143066406
41.93434143066406
41.93434143066406
41.93434143066406
41.93434143066406
41.93434143066406
41.93434143066406
41.93434143066406
41.93434143066406
41.93434143066406
41.93434143066406
41.93434143066406
41.93434143066406
41.93434143066406
41.93434143066406
41.93434143066406
41.93434143066406
41.93434143066406
41.93434143066406
41.93434143066406
41.93434143066406
41.93434143066406
41.93434143066406
41.93434143066406
41.93434143066406
41.93434143066406
41.93434143066406
41.93434143066406
41.93434143066406
41.93434143066406
41.93434143066406
41.93434143066406
41.93434143066406
41.93434143066406
41.93434143066406
41.93434143066406
41.93434143066406
41.93434143066406
41.93434143066406
41.93434143066406
41.93434143066406
41.93434143066406
