26.231473922729492
26.033578872680664
38.02363586425781
37.6346321105957
37.319175720214844
37.319175720214844
57.947105407714844
37.319175720214844
37.6346321105957
37.319175720214844
26.483867645263672
23.87713050842285
27.32028579711914
25.773197174072266
38.02685546875
37.319175720214844
37.319175720214844
37.319175720214844
37.319175720214844
37.319175720214844
37.319175720214844
37.319175720214844
37.319175720214844
48.08268737792969
37.319175720214844
37.319175720214844
37.319175720214844
37.319175720214844
37.319175720214844
37.319175720214844
37.319175720214844
37.319175720214844
37.319175720214844
37.319175720214844
37.319175720214844
37.319175720214844
37.319175720214844
37.319175720214844
37.319175720214844
37.319175720214844
37.319175720214844
37.319175720214844
37.319175720214844
37.319175720214844
37.319175720214844
37.319175720214844
37.319175720214844
37.319175720214844
37.319175720214844
37.319175720214844
37.319175720214844
37.319175720214844
37.319175720214844
37.319175720214844
37.319175720214844
37.319175720214844
37.319175720214844
37.319175720214844
37.319175720214844
37.319175720214844
37.319175720214844
37.319175720214844
37.319175720214844
37.319175720214844
37.319175720214844
37.319175720214844
37.319175720214844
37.319175720214844
37.319175720214844
37.319175720214844
37.319175720214844
37.319175720214844
37.319175720214844
37.319175720214844
37.319175720214844
37.319175720214844
37.319175720214844
37.319175720214844
37.319175720214844
37.319175720214844
37.319175720214844
37.319175720214844
37.319175720214844
37.319175720214844
