11.3369140625
13.996814727783203
34.20780944824219
29.80485725402832
30.324295043945312
30.324295043945312
70.43637084960938
30.324295043945312
29.80485725402832
30.324295043945312
15.05865478515625
9.931234359741211
19.569923400878906
20.164562225341797
34.58106994628906
30.324295043945312
30.324295043945312
30.324295043945312
30.324295043945312
30.324295043945312
30.324295043945312
30.324295043945312
30.324295043945312
43.71953582763672
30.324295043945312
30.324295043945312
30.324295043945312
30.324295043945312
30.324295043945312
30.324295043945312
30.324295043945312
30.324295043945312
30.324295043945312
30.324295043945312
30.324295043945312
30.324295043945312
30.324295043945312
30.324295043945312
30.324295043945312
30.324295043945312
30.324295043945312
30.324295043945312
30.324295043945312
30.324295043945312
30.324295043945312
30.324295043945312
30.324295043945312
30.324295043945312
30.324295043945312
30.324295043945312
30.324295043945312
30.324295043945312
30.324295043945312
30.324295043945312
30.324295043945312
30.324295043945312
30.324295043945312
30.324295043945312
30.324295043945312
30.324295043945312
30.324295043945312
30.324295043945312
30.324295043945312
30.324295043945312
30.324295043945312
30.324295043945312
30.324295043945312
30.324295043945312
30.324295043945312
30.324295043945312
30.324295043945312
30.324295043945312
30.324295043945312
30.324295043945312
30.324295043945312
30.324295043945312
30.324295043945312
30.324295043945312
30.324295043945312
30.324295043945312
30.324295043945312
30.324295043945312
30.324295043945312
30.324295043945312
