29.56146240234375
29.531719207763672
38.56965255737305
38.2787971496582
39.532020568847656
39.532020568847656
56.471519470214844
39.532020568847656
38.2787971496582
39.532020568847656
29.05636215209961
27.231670379638672
28.922128677368164
27.122695922851562
39.91185760498047
39.532020568847656
39.532020568847656
39.532020568847656
39.532020568847656
39.532020568847656
39.532020568847656
39.532020568847656
39.532020568847656
46.161170959472656
39.532020568847656
39.532020568847656
39.532020568847656
39.532020568847656
39.532020568847656
39.532020568847656
39.532020568847656
39.532020568847656
39.532020568847656
39.532020568847656
39.532020568847656
39.532020568847656
39.532020568847656
39.532020568847656
39.532020568847656
39.532020568847656
39.532020568847656
39.532020568847656
39.532020568847656
39.532020568847656
39.532020568847656
39.532020568847656
39.532020568847656
39.532020568847656
39.532020568847656
39.532020568847656
39.532020568847656
39.532020568847656
39.532020568847656
39.532020568847656
39.532020568847656
39.532020568847656
39.532020568847656
39.532020568847656
39.532020568847656
39.532020568847656
39.532020568847656
39.532020568847656
39.532020568847656
39.532020568847656
39.532020568847656
39.532020568847656
39.532020568847656
39.532020568847656
39.532020568847656
39.532020568847656
39.532020568847656
39.532020568847656
39.532020568847656
39.532020568847656
39.532020568847656
39.532020568847656
39.532020568847656
39.532020568847656
39.532020568847656
39.532020568847656
39.532020568847656
39.532020568847656
39.532020568847656
39.532020568847656
