5.0048828125
9.18929672241211
31.652528762817383
25.162817001342773
27.973827362060547
27.973827362060547
82.13829040527344
27.973827362060547
25.162817001342773
27.973827362060547
9.507015228271484
3.7321510314941406
14.910713195800781
16.838851928710938
34.338253021240234
27.973827362060547
27.973827362060547
27.973827362060547
27.973827362060547
27.973827362060547
27.973827362060547
27.973827362060547
27.973827362060547
38.941043853759766
27.973827362060547
27.973827362060547
27.973827362060547
27.973827362060547
27.973827362060547
27.973827362060547
27.973827362060547
27.973827362060547
27.973827362060547
27.973827362060547
27.973827362060547
27.973827362060547
27.973827362060547
27.973827362060547
27.973827362060547
27.973827362060547
27.973827362060547
27.973827362060547
27.973827362060547
27.973827362060547
27.973827362060547
27.973827362060547
27.973827362060547
27.973827362060547
27.973827362060547
27.973827362060547
27.973827362060547
27.973827362060547
27.973827362060547
27.973827362060547
27.973827362060547
27.973827362060547
27.973827362060547
27.973827362060547
27.973827362060547
27.973827362060547
27.973827362060547
27.973827362060547
27.973827362060547
27.973827362060547
27.973827362060547
27.973827362060547
27.973827362060547
27.973827362060547
27.973827362060547
27.973827362060547
27.973827362060547
27.973827362060547
27.973827362060547
27.973827362060547
27.973827362060547
27.973827362060547
27.973827362060547
27.973827362060547
27.973827362060547
27.973827362060547
27.973827362060547
27.973827362060547
27.973827362060547
27.973827362060547
