2.41265869140625
7.143915176391602
30.315013885498047
22.861732482910156
27.456729888916016
27.456729888916016
89.91781616210938
27.456729888916016
22.861732482910156
27.456729888916016
6.991603851318359
0.6015243530273438
13.076210021972656
16.0328369140625
34.15184020996094
27.456729888916016
27.456729888916016
27.456729888916016
27.456729888916016
27.456729888916016
27.456729888916016
27.456729888916016
27.456729888916016
36.02120590209961
27.456729888916016
27.456729888916016
27.456729888916016
27.456729888916016
27.456729888916016
27.456729888916016
27.456729888916016
27.456729888916016
27.456729888916016
27.456729888916016
27.456729888916016
27.456729888916016
27.456729888916016
27.456729888916016
27.456729888916016
27.456729888916016
27.456729888916016
27.456729888916016
27.456729888916016
27.456729888916016
27.456729888916016
27.456729888916016
27.456729888916016
27.456729888916016
27.456729888916016
27.456729888916016
27.456729888916016
27.456729888916016
27.456729888916016
27.456729888916016
27.456729888916016
27.456729888916016
27.456729888916016
27.456729888916016
27.456729888916016
27.456729888916016
27.456729888916016
27.456729888916016
27.456729888916016
27.456729888916016
27.456729888916016
27.456729888916016
27.456729888916016
27.456729888916016
27.456729888916016
27.456729888916016
27.456729888916016
27.456729888916016
27.456729888916016
27.456729888916016
27.456729888916016
27.456729888916016
27.456729888916016
27.456729888916016
27.456729888916016
27.456729888916016
27.456729888916016
27.456729888916016
27.456729888916016
27.456729888916016
