18.689701080322266
19.543087005615234
36.463775634765625
34.33534622192383
33.33653259277344
33.33653259277344
63.23670959472656
33.33653259277344
34.33534622192383
33.33653259277344
21.0866641998291
16.898712158203125
24.21633529663086
23.10026741027832
35.547611236572266
33.33653259277344
33.33653259277344
33.33653259277344
33.33653259277344
33.33653259277344
33.33653259277344
33.33653259277344
33.33653259277344
47.60160827636719
33.33653259277344
33.33653259277344
33.33653259277344
33.33653259277344
33.33653259277344
33.33653259277344
33.33653259277344
33.33653259277344
33.33653259277344
33.33653259277344
33.33653259277344
33.33653259277344
33.33653259277344
33.33653259277344
33.33653259277344
33.33653259277344
33.33653259277344
33.33653259277344
33.33653259277344
33.33653259277344
33.33653259277344
33.33653259277344
33.33653259277344
33.33653259277344
33.33653259277344
33.33653259277344
33.33653259277344
33.33653259277344
33.33653259277344
33.33653259277344
33.33653259277344
33.33653259277344
33.33653259277344
33.33653259277344
33.33653259277344
33.33653259277344
33.33653259277344
33.33653259277344
33.33653259277344
33.33653259277344
33.33653259277344
33.33653259277344
33.33653259277344
33.33653259277344
33.33653259277344
33.33653259277344
33.33653259277344
33.33653259277344
33.33653259277344
33.33653259277344
33.33653259277344
33.33653259277344
33.33653259277344
33.33653259277344
33.33653259277344
33.33653259277344
33.33653259277344
33.33653259277344
33.33653259277344
33.33653259277344
