14.964324951171875
16.676029205322266
34.98810577392578
31.6778564453125
31.7476806640625
31.7476806640625
64.93574523925781
31.7476806640625
31.6778564453125
31.7476806640625
18.072223663330078
13.473714828491211
21.915679931640625
21.31549835205078
35.09070587158203
31.7476806640625
31.7476806640625
31.7476806640625
31.7476806640625
31.7476806640625
31.7476806640625
31.7476806640625
31.7476806640625
44.96835708618164
31.7476806640625
31.7476806640625
31.7476806640625
31.7476806640625
31.7476806640625
31.7476806640625
31.7476806640625
31.7476806640625
31.7476806640625
31.7476806640625
31.7476806640625
31.7476806640625
31.7476806640625
31.7476806640625
31.7476806640625
31.7476806640625
31.7476806640625
31.7476806640625
31.7476806640625
31.7476806640625
31.7476806640625
31.7476806640625
31.7476806640625
31.7476806640625
31.7476806640625
31.7476806640625
31.7476806640625
31.7476806640625
31.7476806640625
31.7476806640625
31.7476806640625
31.7476806640625
31.7476806640625
31.7476806640625
31.7476806640625
31.7476806640625
31.7476806640625
31.7476806640625
31.7476806640625
31.7476806640625
31.7476806640625
31.7476806640625
31.7476806640625
31.7476806640625
31.7476806640625
31.7476806640625
31.7476806640625
31.7476806640625
31.7476806640625
31.7476806640625
31.7476806640625
31.7476806640625
31.7476806640625
31.7476806640625
31.7476806640625
31.7476806640625
31.7476806640625
31.7476806640625
31.7476806640625
31.7476806640625
