37.388999938964844
38.05111312866211
38.71768569946289
38.08281326293945
46.62735366821289
46.62735366821289
59.7481689453125
46.62735366821289
38.08281326293945
46.62735366821289
36.936466217041016
37.35013961791992
35.00018310546875
33.749000549316406
51.32432174682617
46.62735366821289
46.62735366821289
46.62735366821289
46.62735366821289
46.62735366821289
46.62735366821289
46.62735366821289
46.62735366821289
40.160911560058594
46.62735366821289
46.62735366821289
46.62735366821289
46.62735366821289
46.62735366821289
46.62735366821289
46.62735366821289
46.62735366821289
46.62735366821289
46.62735366821289
46.62735366821289
46.62735366821289
46.62735366821289
46.62735366821289
46.62735366821289
46.62735366821289
46.62735366821289
46.62735366821289
46.62735366821289
46.62735366821289
46.62735366821289
46.62735366821289
46.62735366821289
46.62735366821289
46.62735366821289
46.62735366821289
46.62735366821289
46.62735366821289
46.62735366821289
46.62735366821289
46.62735366821289
46.62735366821289
46.62735366821289
46.62735366821289
46.62735366821289
46.62735366821289
46.62735366821289
46.62735366821289
46.62735366821289
46.62735366821289
46.62735366821289
46.62735366821289
46.62735366821289
46.62735366821289
46.62735366821289
46.62735366821289
46.62735366821289
46.62735366821289
46.62735366821289
46.62735366821289
46.62735366821289
46.62735366821289
46.62735366821289
46.62735366821289
46.62735366821289
46.62735366821289
46.62735366821289
46.62735366821289
46.62735366821289
46.62735366821289
