8.047809600830078
11.60684585571289
33.27685546875
27.647428512573242
29.214393615722656
29.214393615722656
74.97217559814453
29.214393615722656
27.647428512573242
29.214393615722656
12.547977447509766
6.895572662353516
17.318737030029297
18.33304214477539
35.09739303588867
29.214393615722656
29.214393615722656
29.214393615722656
29.214393615722656
29.214393615722656
29.214393615722656
29.214393615722656
29.214393615722656
41.512481689453125
29.214393615722656
29.214393615722656
29.214393615722656
29.214393615722656
29.214393615722656
29.214393615722656
29.214393615722656
29.214393615722656
29.214393615722656
29.214393615722656
29.214393615722656
29.214393615722656
29.214393615722656
29.214393615722656
29.214393615722656
29.214393615722656
29.214393615722656
29.214393615722656
29.214393615722656
29.214393615722656
29.214393615722656
29.214393615722656
29.214393615722656
29.214393615722656
29.214393615722656
29.214393615722656
29.214393615722656
29.214393615722656
29.214393615722656
29.214393615722656
29.214393615722656
29.214393615722656
29.214393615722656
29.214393615722656
29.214393615722656
29.214393615722656
29.214393615722656
29.214393615722656
29.214393615722656
29.214393615722656
29.214393615722656
29.214393615722656
29.214393615722656
29.214393615722656
29.214393615722656
29.214393615722656
29.214393615722656
29.214393615722656
29.214393615722656
29.214393615722656
29.214393615722656
29.214393615722656
29.214393615722656
29.214393615722656
29.214393615722656
29.214393615722656
29.214393615722656
29.214393615722656
29.214393615722656
29.214393615722656
