22.446250915527344
22.65746307373047
36.75067901611328
35.747955322265625
35.356040954589844
35.356040954589844
59.672428131103516
35.356040954589844
35.747955322265625
35.356040954589844
23.86494255065918
20.548362731933594
25.911521911621094
24.266725540161133
36.43562698364258
35.356040954589844
35.356040954589844
35.356040954589844
35.356040954589844
35.356040954589844
35.356040954589844
35.356040954589844
35.356040954589844
48.0330810546875
35.356040954589844
35.356040954589844
35.356040954589844
35.356040954589844
35.356040954589844
35.356040954589844
35.356040954589844
35.356040954589844
35.356040954589844
35.356040954589844
35.356040954589844
35.356040954589844
35.356040954589844
35.356040954589844
35.356040954589844
35.356040954589844
35.356040954589844
35.356040954589844
35.356040954589844
35.356040954589844
35.356040954589844
35.356040954589844
35.356040954589844
35.356040954589844
35.356040954589844
35.356040954589844
35.356040954589844
35.356040954589844
35.356040954589844
35.356040954589844
35.356040954589844
35.356040954589844
35.356040954589844
35.356040954589844
35.356040954589844
35.356040954589844
35.356040954589844
35.356040954589844
35.356040954589844
35.356040954589844
35.356040954589844
35.356040954589844
35.356040954589844
35.356040954589844
35.356040954589844
35.356040954589844
35.356040954589844
35.356040954589844
35.356040954589844
35.356040954589844
35.356040954589844
35.356040954589844
35.356040954589844
35.356040954589844
35.356040954589844
35.356040954589844
35.356040954589844
35.356040954589844
35.356040954589844
35.356040954589844
