-34.48003387451172
-34.48003387451172
-34.48003387451172
2.881927490234375
-34.48003387451172
-34.48003387451172
-34.48003387451172
-34.48003387451172
-34.48003387451172
-34.48003387451172
-34.48003387451172
-34.48003387451172
-34.48003387451172
-13.467449188232422
-34.48003387451172
-34.48003387451172
4.305873870849609
-34.48003387451172
-34.48003387451172
-34.48003387451172
-34.48003387451172
-34.48003387451172
-34.48003387451172
-34.48003387451172
-48.960609436035156
-34.48003387451172
-34.48003387451172
-34.48003387451172
-34.48003387451172
-34.48003387451172
-34.48003387451172
-34.48003387451172
-34.48003387451172
-34.48003387451172
-34.48003387451172
-34.48003387451172
-34.48003387451172
-34.48003387451172
-34.48003387451172
-34.48003387451172
-34.48003387451172
-34.48003387451172
-34.48003387451172
-34.48003387451172
-34.48003387451172
-34.48003387451172
-34.48003387451172
-34.48003387451172
-34.48003387451172
-34.48003387451172
-34.48003387451172
-34.48003387451172
-34.48003387451172
-34.48003387451172
-34.48003387451172
-13.467449188232422
-34.48003387451172
9.242507934570312
4.756496429443359
-34.48003387451172
-34.48003387451172
-34.48003387451172
-5.091072082519531
-34.48003387451172
-34.48003387451172
-34.48003387451172
-34.48003387451172
-34.48003387451172
-34.48003387451172
33.928985595703125
-34.48003387451172
-34.48003387451172
-34.48003387451172
-34.48003387451172
-34.48003387451172
-34.48003387451172
-34.48003387451172
-1.7260208129882812
9.18503189086914
-34.48003387451172
-34.48003387451172
-34.48003387451172
-18.355331420898438
-34.48003387451172
