-7.779083251953125
-7.779083251953125
-7.779083251953125
765.2637329101562
-7.779083251953125
-7.779083251953125
-7.779083251953125
-7.779083251953125
-7.779083251953125
-7.779083251953125
-7.779083251953125
-7.779083251953125
-7.779083251953125
4.5374755859375
-7.779083251953125
-7.779083251953125
-19.327320098876953
-7.779083251953125
-7.779083251953125
-7.779083251953125
-7.779083251953125
-7.779083251953125
-7.779083251953125
-7.779083251953125
23.807395935058594
-7.779083251953125
-7.779083251953125
-7.779083251953125
-7.779083251953125
-7.779083251953125
-7.779083251953125
-7.779083251953125
-7.779083251953125
-7.779083251953125
-7.779083251953125
-7.779083251953125
-7.779083251953125
-7.779083251953125
-7.779083251953125
-7.779083251953125
-7.779083251953125
-7.779083251953125
-7.779083251953125
-7.779083251953125
-7.779083251953125
-7.779083251953125
-7.779083251953125
-7.779083251953125
-7.779083251953125
-7.779083251953125
-7.779083251953125
-7.779083251953125
-7.779083251953125
-7.779083251953125
-7.779083251953125
4.5374755859375
-7.779083251953125
-26.855758666992188
-30.788341522216797
-7.779083251953125
-7.779083251953125
-7.779083251953125
24.671958923339844
-7.779083251953125
-7.779083251953125
-7.779083251953125
-7.779083251953125
-7.779083251953125
-7.779083251953125
30.40515899658203
-7.779083251953125
-7.779083251953125
-7.779083251953125
-7.779083251953125
-7.779083251953125
-7.779083251953125
-7.779083251953125
-28.222740173339844
-4.8185577392578125
-7.779083251953125
-7.779083251953125
-7.779083251953125
-17.090862274169922
-7.779083251953125
